% # columns="iteration, evaluation, min max(neg(.)) min(pos(.)) max correlation, correlation matrix principle axes lengths  (sorted square roots of eigenvalues of correlation matrix)", seed=181549, Mon Jan 27 17:44:44 2020
1 12 -0.015935636654234985 -0.00030189166013714854 0.0001311304181606518 0.030047291484626256 1 1 1 1 1 1 1 1 1 1 1 1 1 1 1 1 1 1 1 1
2 24 -0.02174889146527052 -0.00016299533571120195 1.2715232634550119e-05 0.031201894111033912 1 1 1 1 1 1 1 1 1 1 1 1 1 1 1 1 1 1 1 1
3 36 -0.025934493870083418 -3.37507277473231e-05 0.0015151261771042996 0.043193025693211616 1 1 1 1 1 1 1 1 1 1 1 1 1 1 1 1 1 1 1 1
4 48 -0.03400773795334826 -0.00018971501920381814 0.00010259804480560432 0.05811018291224422 1 1 1 1 1 1 1 1 1 1 1 1 1 1 1 1 1 1 1 1
5 60 -0.03764733559756625 -0.0005475780020381842 0.0004896292052056716 0.06885311583461297 1 1 1 1 1 1 1 1 1 1 1 1 1 1 1 1 1 1 1 1
6 72 -0.04349426935683346 -0.00020243862504728258 0.0011015907025864607 0.07374147563745102 1 1 1 1 1 1 1 1 1 1 1 1 1 1 1 1 1 1 1 1
7 84 -0.046535168675224885 -0.0009262033727309127 0.00022290896789182096 0.09696574670419465 1 1 1 1 1 1 1 1 1 1 1 1 1 1 1 1 1 1 1 1
8 96 -0.0618617983459641 -0.0003369477407923385 0.0003677887446040588 0.10379854292645144 1 1 1 1 1 1 1 1 1 1 1 1 1 1 1 1 1 1 1 1
9 108 -0.06071384593118321 -0.0010108335808045284 0.0013671279633832953 0.10067407253589696 1 1 1 1 1 1 1 1 1 1 1 1 1 1 1 1 1 1 1 1
10 120 -0.06454598564684229 -0.0001432317157485433 0.0018017507431185129 0.13045405494173282 1 1 1 1 1 1 1 1 1 1 1 1 1 1 1 1 1 1 1 1
11 132 -0.06208062837023293 -0.0003514793339296159 0.00020411621434119782 0.15301845304645437 1 1 1 1 1 1 1 1 1 1 1 1 1 1 1 1 1 1 1 1
12 144 -0.06184128698878494 -0.001976394896046093 0.0006473511371492078 0.1652537537274298 1 1 1 1 1 1 1 1 1 1 1 1 1 1 1 1 1 1 1 1
13 156 -0.06772440337487533 -0.0019166480218298818 0.00022688301236210823 0.16727028007122705 1 1 1 1 1 1 1 1 1 1 1 1 1 1 1 1 1 1 1 1
14 168 -0.0699963955873009 -0.0007371401283951486 0.0002525323950350208 0.1871030685609719 1 1 1 1 1 1 1 1 1 1 1 1 1 1 1 1 1 1 1 1
15 180 -0.07825943907515581 -0.0008894636768679217 0.002889121934071012 0.19375914185909876 1 1 1 1 1 1 1 1 1 1 1 1 1 1 1 1 1 1 1 1
16 192 -0.08851297676886744 -0.0007523193279164449 0.000662181757886801 0.19799663558370356 1 1 1 1 1 1 1 1 1 1 1 1 1 1 1 1 1 1 1 1
17 204 -0.08266063281344635 -0.0009982953140126624 0.0017892940377742484 0.20187389425031552 1 1 1 1 1 1 1 1 1 1 1 1 1 1 1 1 1 1 1 1
18 216 -0.08236969405657096 -0.00038816753048620046 0.00021985648026896665 0.19351366547190016 1 1 1 1 1 1 1 1 1 1 1 1 1 1 1 1 1 1 1 1
19 228 -0.08272211488886311 -0.0017119060734430338 0.00027662958542938056 0.18167997081659626 1 1 1 1 1 1 1 1 1 1 1 1 1 1 1 1 1 1 1 1
20 240 -0.08639919031823798 -0.0011624778253102588 0.0001290505623224937 0.18406687460934135 1 1 1 1 1 1 1 1 1 1 1 1 1 1 1 1 1 1 1 1
21 252 -0.09668419873801656 -0.0013167261444697246 0.0004537784042707322 0.19911181657846092 1 1 1 1 1 1 1 1 1 1 1 1 1 1 1 1 1 1 1 1
22 264 -0.10015775828515484 -0.00018186321107845624 2.812273148210044e-05 0.19608527603284331 1 1 1 1 1 1 1 1 1 1 1 1 1 1 1 1 1 1 1 1
23 276 -0.10631819593018799 -0.0007936071164256175 0.00017453109125311584 0.2025878914617762 1 1 1 1 1 1 1 1 1 1 1 1 1 1 1 1 1 1 1 1
24 288 -0.10566398131440187 -0.0008583369969379557 5.986519276157358e-05 0.18590164597958372 1 1 1 1 1 1 1 1 1 1 1 1 1 1 1 1 1 1 1 1
25 300 -0.10481312687833529 -0.000183709929951997 0.0001701807116406212 0.1866760980383819 1 1 1 1 1 1 1 1 1 1 1 1 1 1 1 1 1 1 1 1
26 312 -0.09276855136397294 -0.00023267254439291997 0.00017314051258293374 0.18499885603379979 1 1 1 1 1 1 1 1 1 1 1 1 1 1 1 1 1 1 1 1
27 324 -0.08870035667548283 -0.0013109612507697028 0.0012483692123727442 0.18925044574849778 1 1 1 1 1 1 1 1 1 1 1 1 1 1 1 1 1 1 1 1
28 336 -0.08948311965788104 -0.0001887776483201511 8.93567684340291e-05 0.18571770486860129 1 1 1 1 1 1 1 1 1 1 1 1 1 1 1 1 1 1 1 1
29 348 -0.08559794027266146 -0.000520165815715606 0.0005366623830050593 0.18444646238546097 1 1 1 1 1 1 1 1 1 1 1 1 1 1 1 1 1 1 1 1
30 360 -0.08315209971909322 -0.0003689562064200449 0.0017998437472918252 0.19143907564679066 1 1 1 1 1 1 1 1 1 1 1 1 1 1 1 1 1 1 1 1
31 372 -0.08018082764744591 -0.00030671410331141783 0.00020854053278268953 0.1883628993410257 1 1 1 1 1 1 1 1 1 1 1 1 1 1 1 1 1 1 1 1
32 384 -0.08652700811789775 -0.0001959239289523758 0.00033709394112005873 0.19042950528118183 1 1 1 1 1 1 1 1 1 1 1 1 1 1 1 1 1 1 1 1
33 396 -0.09037362284665462 -0.0005187290659980539 0.0002546609647676167 0.18341880168987598 1 1 1 1 1 1 1 1 1 1 1 1 1 1 1 1 1 1 1 1
34 408 -0.09853735753867932 -0.00018167873927580827 0.0005868733319524814 0.18281074279654558 1 1 1 1 1 1 1 1 1 1 1 1 1 1 1 1 1 1 1 1
35 420 -0.09728707665456161 -4.0684901109755626e-05 0.0005563828047206271 0.1852909465210195 1 1 1 1 1 1 1 1 1 1 1 1 1 1 1 1 1 1 1 1
36 432 -0.09301222710945917 -0.0020689557726396544 0.00026313320852594757 0.1882005069439644 1 1 1 1 1 1 1 1 1 1 1 1 1 1 1 1 1 1 1 1
37 444 -0.10109417139279349 -0.00031761303488688836 0.0019962094594805453 0.1895937106172788 1 1 1 1 1 1 1 1 1 1 1 1 1 1 1 1 1 1 1 1
38 456 -0.09820843912896274 -4.5886612677460775e-05 0.0011064603512350563 0.17618021201499046 1 1 1 1 1 1 1 1 1 1 1 1 1 1 1 1 1 1 1 1
39 468 -0.10231070472740966 -0.0026026216027564527 0.00028946850333120113 0.17717759228890737 1 1 1 1 1 1 1 1 1 1 1 1 1 1 1 1 1 1 1 1
40 480 -0.09196782991516106 -0.00011004683100756256 0.00019277599316704552 0.1919036031651167 1 1 1 1 1 1 1 1 1 1 1 1 1 1 1 1 1 1 1 1
41 492 -0.08950274201164367 -0.0009664108568520149 0.0010203718595458585 0.18627038985763802 1 1 1 1 1 1 1 1 1 1 1 1 1 1 1 1 1 1 1 1
42 504 -0.08548438428844066 -0.00020134681973537694 0.00010580482343390821 0.185149184265751 1 1 1 1 1 1 1 1 1 1 1 1 1 1 1 1 1 1 1 1
43 516 -0.09610552140873155 -0.0005304387879538433 0.0009422823120627915 0.17271403815959527 1 1 1 1 1 1 1 1 1 1 1 1 1 1 1 1 1 1 1 1
44 528 -0.10280886880178301 -0.001046315902461808 0.00040455833962859094 0.17186361406115497 1 1 1 1 1 1 1 1 1 1 1 1 1 1 1 1 1 1 1 1
45 540 -0.10024985831233346 -0.0007542616619431227 0.0001321395627585793 0.17697743689217973 1 1 1 1 1 1 1 1 1 1 1 1 1 1 1 1 1 1 1 1
46 552 -0.1067875410669584 -0.0004969442449738687 0.001151172830390657 0.18316301285152645 1 1 1 1 1 1 1 1 1 1 1 1 1 1 1 1 1 1 1 1
47 564 -0.10387680840280228 -0.0002192347690850541 0.0007519807343208645 0.18643234929436456 1 1 1 1 1 1 1 1 1 1 1 1 1 1 1 1 1 1 1 1
48 576 -0.11589782080456305 -0.0009700732424051797 0.0009263373708940277 0.18261195430995805 1 1 1 1 1 1 1 1 1 1 1 1 1 1 1 1 1 1 1 1
49 588 -0.1215949373718965 -0.00021484470427264485 0.0009526949243596919 0.18303076733986964 1 1 1 1 1 1 1 1 1 1 1 1 1 1 1 1 1 1 1 1
50 600 -0.1154364555869067 -0.0012578013008572764 0.005110064422541803 0.184576478880199 1 1 1 1 1 1 1 1 1 1 1 1 1 1 1 1 1 1 1 1
51 612 -0.12426876596537642 -0.0005427801576752408 0.0029846569139938034 0.18703799362117235 1 1 1 1 1 1 1 1 1 1 1 1 1 1 1 1 1 1 1 1
52 624 -0.1409568919711221 -8.003330314334628e-05 0.0014298122956128674 0.19218892900715318 1 1 1 1 1 1 1 1 1 1 1 1 1 1 1 1 1 1 1 1
53 636 -0.14059614946197455 -0.00015435715233559302 0.0003546235851920857 0.18590432188217176 1 1 1 1 1 1 1 1 1 1 1 1 1 1 1 1 1 1 1 1
54 648 -0.14582849459275002 -0.00019991075895325888 0.00030259753258374223 0.1789178860468922 1 1 1 1 1 1 1 1 1 1 1 1 1 1 1 1 1 1 1 1
55 660 -0.15303057160445518 -0.0012973299019143503 0.0003086425250297475 0.17854989467191026 1 1 1 1 1 1 1 1 1 1 1 1 1 1 1 1 1 1 1 1
56 672 -0.15250595511671483 -6.96056401591494e-05 0.00012522955438601223 0.1807346874931425 1 1 1 1 1 1 1 1 1 1 1 1 1 1 1 1 1 1 1 1
57 684 -0.1574497333618378 -2.2295643654575947e-05 0.00012240144964518454 0.16857767590393635 1 1 1 1 1 1 1 1 1 1 1 1 1 1 1 1 1 1 1 1
58 696 -0.1484471415073677 -0.003931281972955009 0.0011915153233658946 0.1755433184780074 1 1 1 1 1 1 1 1 1 1 1 1 1 1 1 1 1 1 1 1
59 708 -0.14118667016088013 -0.0026707753185587512 0.0003078273060868339 0.18057452615458378 1 1 1 1 1 1 1 1 1 1 1 1 1 1 1 1 1 1 1 1
60 720 -0.142502311141532 -0.004248604103820085 0.0005344324472815358 0.1857918081782344 1 1 1 1 1 1 1 1 1 1 1 1 1 1 1 1 1 1 1 1
61 732 -0.13712292695605943 -0.0010930454204357166 2.8302821004882024e-05 0.1761741463573644 1 1 1 1 1 1 1 1 1 1 1 1 1 1 1 1 1 1 1 1
62 744 -0.13618187289335473 -0.0006222419437954765 0.002915447997457603 0.1769682312321411 1 1 1 1 1 1 1 1 1 1 1 1 1 1 1 1 1 1 1 1
63 756 -0.13577284140208506 -0.0006633171285399719 0.0014211909182729775 0.17793576818164145 1 1 1 1 1 1 1 1 1 1 1 1 1 1 1 1 1 1 1 1
64 768 -0.14144321370792753 -8.316134280237787e-05 0.00027069116158445425 0.17836510886465368 1 1 1 1 1 1 1 1 1 1 1 1 1 1 1 1 1 1 1 1
65 780 -0.13228239130384659 -0.0008165938534475524 0.001007667401727261 0.18154755605572062 1 1 1 1 1 1 1 1 1 1 1 1 1 1 1 1 1 1 1 1
66 792 -0.12767930695851853 -0.00067202408006958 0.0007186113480774712 0.1932532580663207 1 1 1 1 1 1 1 1 1 1 1 1 1 1 1 1 1 1 1 1
67 804 -0.14500823499789808 -2.4182560312136864e-05 0.0009835377813770046 0.2025116924301293 1 1 1 1 1 1 1 1 1 1 1 1 1 1 1 1 1 1 1 1
68 816 -0.15317521722606914 -1.7624551255381152e-05 0.001618072938141421 0.2184080643065359 1 1 1 1 1 1 1 1 1 1 1 1 1 1 1 1 1 1 1 1
69 828 -0.1509447483352692 -0.0006618651153012717 0.0011733166411619284 0.22370878477015863 1 1 1 1 1 1 1 1 1 1 1 1 1 1 1 1 1 1 1 1
70 840 -0.14936177983070872 -0.003938645297048251 0.00010503304327603387 0.22866119439472996 1 1 1 1 1 1 1 1 1 1 1 1 1 1 1 1 1 1 1 1
71 852 -0.15087771252886517 -0.0005205925877602318 0.0008869691022638247 0.2326863838856519 1 1 1 1 1 1 1 1 1 1 1 1 1 1 1 1 1 1 1 1
72 864 -0.16166036358904834 -0.001725535225892236 0.0002425171695983532 0.24145728126652624 1 1 1 1 1 1 1 1 1 1 1 1 1 1 1 1 1 1 1 1
73 876 -0.16153664142270024 -0.00010652030550816568 0.00438054565264041 0.2275740278952343 1 1 1 1 1 1 1 1 1 1 1 1 1 1 1 1 1 1 1 1
74 888 -0.1751885480666185 -0.00020497649155079223 9.777294315543359e-05 0.219588754699648 1 1 1 1 1 1 1 1 1 1 1 1 1 1 1 1 1 1 1 1
75 900 -0.16825319318850954 -0.00013353568776732592 0.001452621511383458 0.20689590055962614 1 1 1 1 1 1 1 1 1 1 1 1 1 1 1 1 1 1 1 1
76 912 -0.16859682530963374 -0.00011704419221547848 0.00011301142393358329 0.20758852799077748 1 1 1 1 1 1 1 1 1 1 1 1 1 1 1 1 1 1 1 1
77 924 -0.17028872326896202 -0.00033795667295599674 0.0007135095567308759 0.2128584151922902 1 1 1 1 1 1 1 1 1 1 1 1 1 1 1 1 1 1 1 1
78 936 -0.17564048376796756 -0.0007332090182551362 0.0024668720180629606 0.21967067976791194 1 1 1 1 1 1 1 1 1 1 1 1 1 1 1 1 1 1 1 1
79 948 -0.17606942037427703 -0.0007997821699819008 0.0010514855528230087 0.21112999801141905 1 1 1 1 1 1 1 1 1 1 1 1 1 1 1 1 1 1 1 1
80 960 -0.17623638233250624 -0.000373425291113723 6.844448658138296e-05 0.21488356015433055 1 1 1 1 1 1 1 1 1 1 1 1 1 1 1 1 1 1 1 1
81 972 -0.1767270834471449 -0.0022010796857609596 0.0013808616044701464 0.20210373927820738 1 1 1 1 1 1 1 1 1 1 1 1 1 1 1 1 1 1 1 1
82 984 -0.1779613502011809 -0.003308245193389252 0.001286687055487107 0.20654846220313672 1 1 1 1 1 1 1 1 1 1 1 1 1 1 1 1 1 1 1 1
83 996 -0.17678570229169926 -0.004442462344622652 0.003698212372231513 0.2074678375595767 1 1 1 1 1 1 1 1 1 1 1 1 1 1 1 1 1 1 1 1
84 1008 -0.17542669717515003 -0.0008047018308706893 0.0008476278471242109 0.211031015493009 1 1 1 1 1 1 1 1 1 1 1 1 1 1 1 1 1 1 1 1
85 1020 -0.17596675637681286 -0.0011312837523288035 0.0008411754008381279 0.2119310676028375 1 1 1 1 1 1 1 1 1 1 1 1 1 1 1 1 1 1 1 1
86 1032 -0.18097514145028942 -0.0003350517067322275 3.853839863869709e-06 0.203394612078326 1 1 1 1 1 1 1 1 1 1 1 1 1 1 1 1 1 1 1 1
87 1044 -0.19623240378082102 -0.00154505251854904 0.000544774425023001 0.1917777964713183 1 1 1 1 1 1 1 1 1 1 1 1 1 1 1 1 1 1 1 1
88 1056 -0.2083107180487931 -0.001189474670490224 2.8082201364409457e-05 0.19439922525467046 1 1 1 1 1 1 1 1 1 1 1 1 1 1 1 1 1 1 1 1
89 1068 -0.22619312727779967 -0.0010901566536721064 0.0007182623719211602 0.20863414044971051 1 1 1 1 1 1 1 1 1 1 1 1 1 1 1 1 1 1 1 1
90 1080 -0.22376378118780316 -0.00048267868437333654 0.0010805169025851476 0.2161958934376993 1 1 1 1 1 1 1 1 1 1 1 1 1 1 1 1 1 1 1 1
91 1092 -0.22909334934494122 -0.00036003502544146955 0.00041769503266884554 0.2190893605289069 1 1 1 1 1 1 1 1 1 1 1 1 1 1 1 1 1 1 1 1
92 1104 -0.23053164040500987 -0.0006054492683505589 0.00012361213632112075 0.2247154769166947 1 1 1 1 1 1 1 1 1 1 1 1 1 1 1 1 1 1 1 1
93 1116 -0.22848257478294495 -0.001192618547223647 0.0009689452462794374 0.19720083055833248 1 1 1 1 1 1 1 1 1 1 1 1 1 1 1 1 1 1 1 1
94 1128 -0.2198669693327082 -8.797486937812954e-05 0.0009609347410678173 0.20609439337724136 1 1 1 1 1 1 1 1 1 1 1 1 1 1 1 1 1 1 1 1
95 1140 -0.2250720982203744 -0.00010529569667476862 0.0005614471432329434 0.2165174503258949 1 1 1 1 1 1 1 1 1 1 1 1 1 1 1 1 1 1 1 1
96 1152 -0.2204937692179229 -0.0026846307267964897 0.0005600207879288496 0.22223148219522118 1 1 1 1 1 1 1 1 1 1 1 1 1 1 1 1 1 1 1 1
97 1164 -0.22741581486535586 -0.0019944828073472053 9.362431997971243e-05 0.2213284803910841 1 1 1 1 1 1 1 1 1 1 1 1 1 1 1 1 1 1 1 1
98 1176 -0.2258182357744852 -0.0005407749188386146 0.0003133673309166215 0.22356813112430252 1 1 1 1 1 1 1 1 1 1 1 1 1 1 1 1 1 1 1 1
99 1188 -0.21354515317994374 -0.0027396294978363597 0.00043187072748434126 0.2154174130761973 1 1 1 1 1 1 1 1 1 1 1 1 1 1 1 1 1 1 1 1
100 1200 -0.21337263787161126 -0.0004998798905291 0.0006439147768495751 0.20973606524770033 1 1 1 1 1 1 1 1 1 1 1 1 1 1 1 1 1 1 1 1
101 1212 -0.206071091077827 -0.001387073219363201 0.0001912275635250187 0.20290630635611215 1 1 1 1 1 1 1 1 1 1 1 1 1 1 1 1 1 1 1 1
102 1224 -0.20440561645927666 -0.0005040384168909387 0.00068123668037492 0.18974593301781334 1 1 1 1 1 1 1 1 1 1 1 1 1 1 1 1 1 1 1 1
103 1236 -0.20943984881450897 -0.0004744441633639391 0.00040020435871760145 0.18796548185665904 1 1 1 1 1 1 1 1 1 1 1 1 1 1 1 1 1 1 1 1
104 1248 -0.1953984750216264 -0.00011769305092813634 0.0004817485398637919 0.18696820413531082 1 1 1 1 1 1 1 1 1 1 1 1 1 1 1 1 1 1 1 1
105 1260 -0.18775266066229057 -0.0007552076924647777 0.0008586171452634687 0.18913163907669095 1 1 1 1 1 1 1 1 1 1 1 1 1 1 1 1 1 1 1 1
106 1272 -0.18962204314206624 -0.0004243862603326557 0.000355167746597578 0.19069650203304167 1 1 1 1 1 1 1 1 1 1 1 1 1 1 1 1 1 1 1 1
107 1284 -0.17773501085941695 -1.2734219719417157e-05 0.00042969253076635043 0.18277349111956118 1 1 1 1 1 1 1 1 1 1 1 1 1 1 1 1 1 1 1 1
108 1296 -0.17260599643571067 -0.0007670132752038417 0.0005170579392613376 0.1874417324118319 1 1 1 1 1 1 1 1 1 1 1 1 1 1 1 1 1 1 1 1
109 1308 -0.15596115969977306 -4.8350421516479784e-05 0.00017976849402069844 0.18107091270622444 1 1 1 1 1 1 1 1 1 1 1 1 1 1 1 1 1 1 1 1
110 1320 -0.1541396119850982 -0.00017675154696571908 5.071608350535562e-05 0.1906402048302496 1 1 1 1 1 1 1 1 1 1 1 1 1 1 1 1 1 1 1 1
111 1332 -0.14888346542085826 -0.00035901713715546813 0.00017455944577247207 0.18045641080496785 1 1 1 1 1 1 1 1 1 1 1 1 1 1 1 1 1 1 1 1
112 1344 -0.14916290747813088 -0.0007469381388977481 0.00025351628935097354 0.17532052768799555 1 1 1 1 1 1 1 1 1 1 1 1 1 1 1 1 1 1 1 1
113 1356 -0.15038677968469824 -0.0023209615971755606 0.0001668639436545253 0.16137901929557805 1 1 1 1 1 1 1 1 1 1 1 1 1 1 1 1 1 1 1 1
114 1368 -0.1477003315696828 -0.000196604989380911 0.00031091919854378883 0.15751874199637303 1 1 1 1 1 1 1 1 1 1 1 1 1 1 1 1 1 1 1 1
115 1380 -0.15108251686034738 -0.001755884458115001 0.0001574020086693662 0.15224715373007686 1 1 1 1 1 1 1 1 1 1 1 1 1 1 1 1 1 1 1 1
116 1392 -0.16174732562129812 -0.00020363904314601482 0.00034018163659095427 0.1561878115927895 1 1 1 1 1 1 1 1 1 1 1 1 1 1 1 1 1 1 1 1
117 1404 -0.16064491412649393 -0.0007336144509657381 0.00048229824456609967 0.15919343274192363 1 1 1 1 1 1 1 1 1 1 1 1 1 1 1 1 1 1 1 1
118 1416 -0.1661836724944953 -0.00024335473249715867 0.0010070575257008817 0.15840176063826447 1 1 1 1 1 1 1 1 1 1 1 1 1 1 1 1 1 1 1 1
119 1428 -0.16082350139489465 -0.00024235081082870567 1.6111520090520606e-05 0.1600180485448636 1 1 1 1 1 1 1 1 1 1 1 1 1 1 1 1 1 1 1 1
120 1440 -0.15828846835960178 -0.0022837624860638666 0.000274295070986959 0.160146322263228 1 1 1 1 1 1 1 1 1 1 1 1 1 1 1 1 1 1 1 1
121 1452 -0.17535234191798044 -8.32335238623995e-05 9.45842854227631e-05 0.16441749602790495 1 1 1 1 1 1 1 1 1 1 1 1 1 1 1 1 1 1 1 1
122 1464 -0.17860724616736276 -0.0012050756762222183 0.001053282381714816 0.16506930448289686 1 1 1 1 1 1 1 1 1 1 1 1 1 1 1 1 1 1 1 1
123 1476 -0.18899021064111093 -0.00033600506540818094 0.0013243287287303858 0.1613191195507129 1 1 1 1 1 1 1 1 1 1 1 1 1 1 1 1 1 1 1 1
124 1488 -0.19305523483020356 -0.0005414192225801761 0.00016990276332903487 0.18206519037336355 1 1 1 1 1 1 1 1 1 1 1 1 1 1 1 1 1 1 1 1
125 1500 -0.1765084738451818 -0.0006885019979544692 0.0002993484867218992 0.1922567218909077 1 1 1 1 1 1 1 1 1 1 1 1 1 1 1 1 1 1 1 1
126 1512 -0.17869266681380613 -0.0014125153033187174 0.002621391372655524 0.1855216686543356 1 1 1 1 1 1 1 1 1 1 1 1 1 1 1 1 1 1 1 1
127 1524 -0.17672920244624005 -0.0011518000883581588 0.00024328850265358592 0.17646984821526693 1 1 1 1 1 1 1 1 1 1 1 1 1 1 1 1 1 1 1 1
128 1536 -0.1699232701801531 -0.001643503774989569 0.0010295482967844893 0.1885287483210578 1 1 1 1 1 1 1 1 1 1 1 1 1 1 1 1 1 1 1 1
129 1548 -0.16348677918458715 -0.0006921393684834725 0.0008138004096523863 0.1875866833909395 1 1 1 1 1 1 1 1 1 1 1 1 1 1 1 1 1 1 1 1
130 1560 -0.1543753240043085 -0.003389874451423914 0.00031157067040522905 0.19243994046600854 1 1 1 1 1 1 1 1 1 1 1 1 1 1 1 1 1 1 1 1
131 1572 -0.14464324312158955 -0.0014168620141099704 0.0004402609567860867 0.20203014944125303 1 1 1 1 1 1 1 1 1 1 1 1 1 1 1 1 1 1 1 1
132 1584 -0.1372556736992658 -0.0008556254358968889 0.0014378624146868942 0.19644759062324432 1 1 1 1 1 1 1 1 1 1 1 1 1 1 1 1 1 1 1 1
133 1596 -0.14311697501485582 -0.00033326566494471736 0.0002764416700995253 0.18774625276552465 1 1 1 1 1 1 1 1 1 1 1 1 1 1 1 1 1 1 1 1
134 1608 -0.14863534579808954 -0.00017230906761167884 7.31461926846885e-06 0.18166131517018266 1 1 1 1 1 1 1 1 1 1 1 1 1 1 1 1 1 1 1 1
135 1620 -0.1535673977960323 -0.0007680642123775121 0.0007207958352850082 0.18472929906501445 1 1 1 1 1 1 1 1 1 1 1 1 1 1 1 1 1 1 1 1
136 1632 -0.14906052311858314 -0.0002527220890881809 2.6522050563728458e-05 0.18792387306292457 1 1 1 1 1 1 1 1 1 1 1 1 1 1 1 1 1 1 1 1
137 1644 -0.14639255063510778 -0.0009364009958064692 0.0004281269493053994 0.19095103546193992 1 1 1 1 1 1 1 1 1 1 1 1 1 1 1 1 1 1 1 1
138 1656 -0.15373846822074175 -0.0009959660081103354 0.0006966348004777128 0.19398803753196436 1 1 1 1 1 1 1 1 1 1 1 1 1 1 1 1 1 1 1 1
139 1668 -0.15266249175795296 -7.582246106130336e-05 0.0001638111291395398 0.19558113005881456 1 1 1 1 1 1 1 1 1 1 1 1 1 1 1 1 1 1 1 1
140 1680 -0.15167148398812566 -0.003566172497038834 0.0007512273546262346 0.19820267820432735 1 1 1 1 1 1 1 1 1 1 1 1 1 1 1 1 1 1 1 1
141 1692 -0.14930555707742982 -0.0007807599871187172 0.0005520001717318198 0.20425532917450615 1 1 1 1 1 1 1 1 1 1 1 1 1 1 1 1 1 1 1 1
142 1704 -0.1517935648279758 -0.00019575471794761474 0.00015832534000678213 0.20702161132265856 1 1 1 1 1 1 1 1 1 1 1 1 1 1 1 1 1 1 1 1
143 1716 -0.15977558010774495 -0.00039032635261993106 0.0008074556196379344 0.21026938208054174 1 1 1 1 1 1 1 1 1 1 1 1 1 1 1 1 1 1 1 1
144 1728 -0.1543112617916429 -0.00013073358908934757 0.00017325877741288475 0.20962979771450993 1 1 1 1 1 1 1 1 1 1 1 1 1 1 1 1 1 1 1 1
145 1740 -0.160953167587512 -0.0011391713688436427 0.0005147488019421062 0.204238027731154 1 1 1 1 1 1 1 1 1 1 1 1 1 1 1 1 1 1 1 1
146 1752 -0.1745638007805426 -0.0007297489218793285 0.000635708953236465 0.20239841438625966 1 1 1 1 1 1 1 1 1 1 1 1 1 1 1 1 1 1 1 1
147 1764 -0.17249360512145145 -0.0002567761675915784 0.0008738640560417214 0.20287971150482728 1 1 1 1 1 1 1 1 1 1 1 1 1 1 1 1 1 1 1 1
148 1776 -0.1629047163941211 -0.0008475025770639084 0.0010208651507476805 0.2047107786198519 1 1 1 1 1 1 1 1 1 1 1 1 1 1 1 1 1 1 1 1
149 1788 -0.16163406832010618 -0.0004302456156744311 0.0003506163584690985 0.2106530123316521 1 1 1 1 1 1 1 1 1 1 1 1 1 1 1 1 1 1 1 1
150 1800 -0.16215739633075868 -0.0022951983700963533 0.0010844746315742933 0.20220313734387926 1 1 1 1 1 1 1 1 1 1 1 1 1 1 1 1 1 1 1 1
151 1812 -0.15811758653880176 -0.0003053057465882568 5.584649112513778e-05 0.211600757773813 1 1 1 1 1 1 1 1 1 1 1 1 1 1 1 1 1 1 1 1
152 1824 -0.15724939737772844 -0.00027688423914736817 0.00036941550596199414 0.2179602399338367 1 1 1 1 1 1 1 1 1 1 1 1 1 1 1 1 1 1 1 1
153 1836 -0.16642241375427394 -0.002427925634913518 0.0016456129076613231 0.21335737053448214 1 1 1 1 1 1 1 1 1 1 1 1 1 1 1 1 1 1 1 1
154 1848 -0.16302329495468149 -0.00018869326300052593 0.0011680835737947484 0.21633121435389685 1 1 1 1 1 1 1 1 1 1 1 1 1 1 1 1 1 1 1 1
155 1860 -0.1628834874747481 -0.0002527249574074272 0.0007615163066474255 0.21446371894013125 1 1 1 1 1 1 1 1 1 1 1 1 1 1 1 1 1 1 1 1
156 1872 -0.15641272903351472 -0.002411834767187469 0.0021544161503498516 0.2206622186098098 1 1 1 1 1 1 1 1 1 1 1 1 1 1 1 1 1 1 1 1
157 1884 -0.16250367600028223 -0.0005541185746728282 0.0019435293410953707 0.21778107408023017 1 1 1 1 1 1 1 1 1 1 1 1 1 1 1 1 1 1 1 1
158 1896 -0.17583752672941502 -0.0012321038035746905 7.299587752752297e-05 0.22342312475963025 1 1 1 1 1 1 1 1 1 1 1 1 1 1 1 1 1 1 1 1
159 1908 -0.18216560847227578 -0.0009216346070005751 0.0008558864623263995 0.2236558981711462 1 1 1 1 1 1 1 1 1 1 1 1 1 1 1 1 1 1 1 1
160 1920 -0.18067388746805382 -0.00035077538828856634 0.0008474003566163896 0.22123749703264886 1 1 1 1 1 1 1 1 1 1 1 1 1 1 1 1 1 1 1 1
161 1932 -0.16383469075135867 -0.0024349982836235134 0.0030593031294997783 0.22583045839371596 1 1 1 1 1 1 1 1 1 1 1 1 1 1 1 1 1 1 1 1
162 1944 -0.169772941672039 -0.0010069736824708721 0.003870053922102949 0.22415314771938755 1 1 1 1 1 1 1 1 1 1 1 1 1 1 1 1 1 1 1 1
163 1956 -0.17424120293654558 -0.0006897834076270002 0.0006233930135365972 0.22537229149173033 1 1 1 1 1 1 1 1 1 1 1 1 1 1 1 1 1 1 1 1
164 1968 -0.17485690327698233 -1.3062210829649743e-05 0.004170339974506015 0.22333286309118378 1 1 1 1 1 1 1 1 1 1 1 1 1 1 1 1 1 1 1 1
165 1980 -0.15693492846166557 -0.0027250217478485693 0.0016265502338802314 0.2213283407970438 1 1 1 1 1 1 1 1 1 1 1 1 1 1 1 1 1 1 1 1
166 1992 -0.15920957177981113 -0.00021620229600133765 0.00015256706159588043 0.22162026069706472 1 1 1 1 1 1 1 1 1 1 1 1 1 1 1 1 1 1 1 1
167 2004 -0.15751050389798577 -0.0016880350519402245 0.001007516798019996 0.21766749473348618 1 1 1 1 1 1 1 1 1 1 1 1 1 1 1 1 1 1 1 1
168 2016 -0.1629329247731832 -0.00031811580594793046 0.0005034613676272646 0.2116289677585648 1 1 1 1 1 1 1 1 1 1 1 1 1 1 1 1 1 1 1 1
169 2028 -0.15042403882695882 -0.0016144554604870327 0.0010091840035554738 0.21234509808417276 1 1 1 1 1 1 1 1 1 1 1 1 1 1 1 1 1 1 1 1
170 2040 -0.152935437241311 -0.0033282597013006565 0.0011836987631803104 0.2173494955685857 1 1 1 1 1 1 1 1 1 1 1 1 1 1 1 1 1 1 1 1
171 2052 -0.1610891440120453 -0.0012953993983618624 0.0009532428174900378 0.2196180753129172 1 1 1 1 1 1 1 1 1 1 1 1 1 1 1 1 1 1 1 1
172 2064 -0.16852522209769769 -0.0024572062810715883 0.00013493420696398118 0.2211172280709205 1 1 1 1 1 1 1 1 1 1 1 1 1 1 1 1 1 1 1 1
173 2076 -0.17693383721334371 -0.0009286461123156596 0.00044956058387687675 0.20763607803040238 1 1 1 1 1 1 1 1 1 1 1 1 1 1 1 1 1 1 1 1
174 2088 -0.18850875097709807 -0.000643537045604634 7.095862778004429e-05 0.2110957078459365 1 1 1 1 1 1 1 1 1 1 1 1 1 1 1 1 1 1 1 1
175 2100 -0.177671375293577 -0.0016463272400722422 0.0023626069662134536 0.2287440536555736 1 1 1 1 1 1 1 1 1 1 1 1 1 1 1 1 1 1 1 1
176 2112 -0.17677089997885315 -4.202311270336845e-05 0.0007197197092263469 0.22758605379075605 1 1 1 1 1 1 1 1 1 1 1 1 1 1 1 1 1 1 1 1
177 2124 -0.17167620787275384 -0.002447877708467231 0.0007233178549980279 0.21342762109967048 1 1 1 1 1 1 1 1 1 1 1 1 1 1 1 1 1 1 1 1
178 2136 -0.17762749096246266 -0.001251227177636926 0.0004337682960109089 0.21077928440798224 1 1 1 1 1 1 1 1 1 1 1 1 1 1 1 1 1 1 1 1
179 2148 -0.17675901933097646 -0.002747100656841057 0.0017184300970320688 0.21709674291126274 1 1 1 1 1 1 1 1 1 1 1 1 1 1 1 1 1 1 1 1
180 2160 -0.18047835724709213 -0.0003512726192653481 0.0016217171704910414 0.2174270795919822 1 1 1 1 1 1 1 1 1 1 1 1 1 1 1 1 1 1 1 1
181 2172 -0.1792416780285702 -0.0011474745731869915 4.938932258699269e-05 0.22800714478159856 1 1 1 1 1 1 1 1 1 1 1 1 1 1 1 1 1 1 1 1
182 2184 -0.1862151404498515 -0.00034428416780205143 0.004182742488310839 0.21488772261892702 1 1 1 1 1 1 1 1 1 1 1 1 1 1 1 1 1 1 1 1
183 2196 -0.18890550528692698 -0.0004407462544669946 0.0001268477807975388 0.2101593264612121 1 1 1 1 1 1 1 1 1 1 1 1 1 1 1 1 1 1 1 1
184 2208 -0.18857815562584115 -0.00022816505742406223 0.0007955543189520027 0.20679803315395032 1 1 1 1 1 1 1 1 1 1 1 1 1 1 1 1 1 1 1 1
185 2220 -0.18654337791132508 -0.0009748703687691328 0.0011923454527277158 0.20070674182974674 1 1 1 1 1 1 1 1 1 1 1 1 1 1 1 1 1 1 1 1
186 2232 -0.18177693309443152 -0.0002535551368481794 0.0005530832485564979 0.2057984977947552 1 1 1 1 1 1 1 1 1 1 1 1 1 1 1 1 1 1 1 1
187 2244 -0.1756228941441998 -0.0016148377199951022 0.0005294546908797713 0.2025892215897324 1 1 1 1 1 1 1 1 1 1 1 1 1 1 1 1 1 1 1 1
188 2256 -0.18234962626048487 -0.0003368084723980034 0.0006567592538320038 0.21894931709686305 1 1 1 1 1 1 1 1 1 1 1 1 1 1 1 1 1 1 1 1
189 2268 -0.1802231493186692 -0.00021400735050774953 0.0015128378144082435 0.21312641420671724 1 1 1 1 1 1 1 1 1 1 1 1 1 1 1 1 1 1 1 1
190 2280 -0.17569378388509957 -8.697928388766131e-05 0.0005399409178935225 0.21476825811007258 1 1 1 1 1 1 1 1 1 1 1 1 1 1 1 1 1 1 1 1
191 2292 -0.17608475193166043 -0.0005680459146675798 0.0040166735576581784 0.21199329190163096 1 1 1 1 1 1 1 1 1 1 1 1 1 1 1 1 1 1 1 1
192 2304 -0.17503657989625465 -0.0010856804433661605 0.002142397003315283 0.21208013159002 1 1 1 1 1 1 1 1 1 1 1 1 1 1 1 1 1 1 1 1
193 2316 -0.18323448654744653 -0.0015060918276778637 0.00034729195525892264 0.20750807777765093 1 1 1 1 1 1 1 1 1 1 1 1 1 1 1 1 1 1 1 1
194 2328 -0.18909057654963524 -0.0008356928921212409 0.0005199431943582856 0.2082580004668663 1 1 1 1 1 1 1 1 1 1 1 1 1 1 1 1 1 1 1 1
195 2340 -0.20376831095996736 -0.0008791418362151538 0.0015888499720833307 0.2021973972201048 1 1 1 1 1 1 1 1 1 1 1 1 1 1 1 1 1 1 1 1
196 2352 -0.1995307799345334 -0.001092057499112412 0.0008183962162925794 0.18863870527499138 1 1 1 1 1 1 1 1 1 1 1 1 1 1 1 1 1 1 1 1
197 2364 -0.19314064841841352 -0.00022134459450052504 0.0010303520019224281 0.19239790600588133 1 1 1 1 1 1 1 1 1 1 1 1 1 1 1 1 1 1 1 1
198 2376 -0.18545946956301113 -0.0018987020059149195 0.0017434837073836615 0.1952865864316831 1 1 1 1 1 1 1 1 1 1 1 1 1 1 1 1 1 1 1 1
199 2388 -0.19498150436102252 -0.00021474959008157234 0.001192720169750269 0.18805420207732568 1 1 1 1 1 1 1 1 1 1 1 1 1 1 1 1 1 1 1 1
200 2400 -0.18792962985202566 -0.0011926438807589683 0.0020135232075510433 0.18631415511062963 1 1 1 1 1 1 1 1 1 1 1 1 1 1 1 1 1 1 1 1
201 2412 -0.18140038519085872 -0.00038038900037907787 0.0033583450931372674 0.18615980747286368 1 1 1 1 1 1 1 1 1 1 1 1 1 1 1 1 1 1 1 1
202 2424 -0.18103313859878836 -0.0011169988030712665 0.0008777174577822295 0.18153530943644783 1 1 1 1 1 1 1 1 1 1 1 1 1 1 1 1 1 1 1 1
203 2436 -0.1738307479891275 -0.001111670540644777 0.0035209415076210113 0.18748044015970344 1 1 1 1 1 1 1 1 1 1 1 1 1 1 1 1 1 1 1 1
204 2448 -0.16406152642544866 -0.0006506207900473092 0.004114483752648231 0.19429493538405482 1 1 1 1 1 1 1 1 1 1 1 1 1 1 1 1 1 1 1 1
205 2460 -0.16829792118567252 -0.00018771430389880736 0.0032100028829192143 0.21100902770407734 1 1 1 1 1 1 1 1 1 1 1 1 1 1 1 1 1 1 1 1
206 2472 -0.17485581997615876 -0.001840102552981256 0.0033670166375226124 0.21055287893297361 1 1 1 1 1 1 1 1 1 1 1 1 1 1 1 1 1 1 1 1
207 2484 -0.1643228402038492 -0.00041590262099734437 0.003472533778294292 0.20345747408452095 1 1 1 1 1 1 1 1 1 1 1 1 1 1 1 1 1 1 1 1
208 2496 -0.1675257291313737 -0.001111696593618156 0.003019418868667708 0.20122064666585654 1 1 1 1 1 1 1 1 1 1 1 1 1 1 1 1 1 1 1 1
209 2508 -0.16981263243644643 -0.0012482133073273406 0.0001514059396627837 0.21372510498916697 1 1 1 1 1 1 1 1 1 1 1 1 1 1 1 1 1 1 1 1
210 2520 -0.16450938120288566 -0.005010397358505994 0.0012493955866892928 0.22123539626817879 1 1 1 1 1 1 1 1 1 1 1 1 1 1 1 1 1 1 1 1
211 2532 -0.17697001751823116 -0.0010617476858149249 0.002254992454449165 0.21422293829840403 1 1 1 1 1 1 1 1 1 1 1 1 1 1 1 1 1 1 1 1
212 2544 -0.18225373537078307 -0.0013671406717827897 0.0010990136546273328 0.21623693753130746 1 1 1 1 1 1 1 1 1 1 1 1 1 1 1 1 1 1 1 1
213 2556 -0.18146417252416006 -0.0007260635780953095 0.0002872152786203267 0.21836130415057523 1 1 1 1 1 1 1 1 1 1 1 1 1 1 1 1 1 1 1 1
214 2568 -0.18304462144342162 -0.004178318718181053 0.003997709206580836 0.21123481360901455 1 1 1 1 1 1 1 1 1 1 1 1 1 1 1 1 1 1 1 1
215 2580 -0.18786342881512672 -0.0005511458116111873 0.0037373739482535226 0.1956300632938203 1 1 1 1 1 1 1 1 1 1 1 1 1 1 1 1 1 1 1 1
216 2592 -0.19044910209904503 -0.0001232570701169648 0.0019345455685851453 0.1895910562897422 1 1 1 1 1 1 1 1 1 1 1 1 1 1 1 1 1 1 1 1
217 2604 -0.19759011153884629 -0.0007195364242961965 0.0016567690679300494 0.19225763568007126 1 1 1 1 1 1 1 1 1 1 1 1 1 1 1 1 1 1 1 1
218 2616 -0.20801721397502787 -0.002570226196580797 0.0011659306632155132 0.19920413958261782 1 1 1 1 1 1 1 1 1 1 1 1 1 1 1 1 1 1 1 1
219 2628 -0.2103570082236616 -0.00021835622281487184 0.0006257619960784827 0.20249924118025525 1 1 1 1 1 1 1 1 1 1 1 1 1 1 1 1 1 1 1 1
220 2640 -0.20797257729901944 -0.0014685191603630895 0.0003001773447587388 0.2035986038872085 1 1 1 1 1 1 1 1 1 1 1 1 1 1 1 1 1 1 1 1
221 2652 -0.20699933894838246 -0.0011982789142342305 0.001087092771217104 0.2074612225147956 1 1 1 1 1 1 1 1 1 1 1 1 1 1 1 1 1 1 1 1
222 2664 -0.20629836828634468 -0.0003645054964186628 1.8776908718394977e-05 0.20649244683224752 1 1 1 1 1 1 1 1 1 1 1 1 1 1 1 1 1 1 1 1
223 2676 -0.2094884575699163 -0.00016055084502707715 0.00138208675786116 0.21330956415625676 1 1 1 1 1 1 1 1 1 1 1 1 1 1 1 1 1 1 1 1
224 2688 -0.20842082797530137 -0.0010373046556566511 0.000821365137981307 0.213678917169671 1 1 1 1 1 1 1 1 1 1 1 1 1 1 1 1 1 1 1 1
225 2700 -0.2079169038786393 -0.0011807515926151029 5.381109628266589e-05 0.20985824555508892 1 1 1 1 1 1 1 1 1 1 1 1 1 1 1 1 1 1 1 1
226 2712 -0.21757383708998793 -0.00016503887956564292 0.0008625780715487032 0.21877191220133158 1 1 1 1 1 1 1 1 1 1 1 1 1 1 1 1 1 1 1 1
227 2724 -0.21114460239831964 -0.0010816376671872957 0.001178765251644206 0.2125962037646902 1 1 1 1 1 1 1 1 1 1 1 1 1 1 1 1 1 1 1 1
228 2736 -0.21493390857361808 -0.000378661677224622 0.0010933447905970201 0.21710090580937388 1 1 1 1 1 1 1 1 1 1 1 1 1 1 1 1 1 1 1 1
229 2748 -0.19552797780621997 -0.000145578782907116 0.006059910859456165 0.2224761547634884 1 1 1 1 1 1 1 1 1 1 1 1 1 1 1 1 1 1 1 1
230 2760 -0.20134597000307292 -0.002061559854346368 0.0013125994945883126 0.22395441417898856 1 1 1 1 1 1 1 1 1 1 1 1 1 1 1 1 1 1 1 1
231 2772 -0.2029994177365055 -0.001478572713620104 0.00369880698361252 0.2411289929678861 1 1 1 1 1 1 1 1 1 1 1 1 1 1 1 1 1 1 1 1
232 2784 -0.20798348783045867 -0.0018793493328869055 0.0002508282188096159 0.23733714353344013 1 1 1 1 1 1 1 1 1 1 1 1 1 1 1 1 1 1 1 1
233 2796 -0.19967975710942823 -0.00032311013815654094 0.001932779773086079 0.24031400721625587 1 1 1 1 1 1 1 1 1 1 1 1 1 1 1 1 1 1 1 1
234 2808 -0.1951412852202661 -0.0012843244112496887 0.00019885690128349735 0.24103983050108238 1 1 1 1 1 1 1 1 1 1 1 1 1 1 1 1 1 1 1 1
235 2820 -0.20305609850068798 -0.0019827497324227555 0.003359197262259106 0.25564271589969784 1 1 1 1 1 1 1 1 1 1 1 1 1 1 1 1 1 1 1 1
236 2832 -0.19856674005416283 -0.0008868894761574255 0.00024682671045316755 0.26262670223870116 1 1 1 1 1 1 1 1 1 1 1 1 1 1 1 1 1 1 1 1
237 2844 -0.19526196486929392 -0.0003415924991041773 0.002239666574457654 0.26231618029088294 1 1 1 1 1 1 1 1 1 1 1 1 1 1 1 1 1 1 1 1
238 2856 -0.19385347020705138 -0.00022478747795606272 0.0007884904228792329 0.2693147237842031 1 1 1 1 1 1 1 1 1 1 1 1 1 1 1 1 1 1 1 1
239 2868 -0.19837792693837755 -0.004618952457584736 0.0012398635710859556 0.2701744842248654 1 1 1 1 1 1 1 1 1 1 1 1 1 1 1 1 1 1 1 1
240 2880 -0.21027659116584166 -0.0005604075169934144 0.0016516769551065565 0.26893919382240034 1 1 1 1 1 1 1 1 1 1 1 1 1 1 1 1 1 1 1 1
241 2892 -0.20491580575504967 -0.00046664632160632645 0.0011538494338083978 0.27171238336938724 1 1 1 1 1 1 1 1 1 1 1 1 1 1 1 1 1 1 1 1
242 2904 -0.20552486871807085 -0.0008448727785240944 0.0020872214908573775 0.2682530500799057 1 1 1 1 1 1 1 1 1 1 1 1 1 1 1 1 1 1 1 1
243 2916 -0.2185511947362437 -1.3160111623938096e-05 0.002285092957149638 0.2744901795284939 1 1 1 1 1 1 1 1 1 1 1 1 1 1 1 1 1 1 1 1
244 2928 -0.2195259573138803 -0.0010804310651669619 8.453008552691924e-05 0.2689048689836559 1 1 1 1 1 1 1 1 1 1 1 1 1 1 1 1 1 1 1 1
245 2940 -0.21428729972383884 -0.0041741382859037356 0.0019511747222921696 0.27798397781359385 1 1 1 1 1 1 1 1 1 1 1 1 1 1 1 1 1 1 1 1
246 2952 -0.21177255320394361 -0.010257354655776072 0.0032523331217981016 0.2799542319227367 1 1 1 1 1 1 1 1 1 1 1 1 1 1 1 1 1 1 1 1
