% # columns="iteration, evaluation, void, void, void, xmean", seed=264831, Mon Jan 27 17:44:44 2020, <python>{}</python> # scaling_of_variables: 1, typical_x: 0
1 12 0 0 0 1.2112986744359557 0.7510440877797093 0.6346496629016456 0.47547256337703664 0.4920670673211163 0.2905161126789936 0.757348713609503 0.26968248969548053 0.7546417814937215 0.38904845102977953 0.23686160870417441 0.3918605457535962 0.9983862904387136 0.7110061764450826 0.6268953133176319 0.4805786283174719 0.39299561976721126 1.3300811220519455 0.6068690475230788 0.8015781056532814
2 24 0 0 0 1.3361294088699467 0.649863243080298 0.6089515473757507 0.5348551642643475 0.5792150396246032 0.28324424546221577 0.8547089820081297 0.2670433437251293 0.8269469182331467 0.41652819629140003 0.3858488522515592 0.3606340463675661 1.154912968749226 0.7519408163755357 0.7387678592521707 0.5492812715109368 0.4139646034492792 1.4127375803375393 0.6073280187852059 1.0024690377876193
3 36 0 0 0 1.3630226193471755 0.797161867579003 0.6805868747525975 0.49514655630685445 0.5295479224601192 0.24651082660399515 0.7958903271108557 0.23689600691256826 0.8943842129505563 0.5577940488230169 0.540571000306137 0.3365032266120635 1.0060646367586987 0.6810340793760363 0.8121173738345423 0.5919546734149952 0.5344389663265545 1.2713246441778674 0.7116240031240744 0.9048728285779357
4 48 0 0 0 1.3113529015482495 0.8507144061855393 0.7055556881792352 0.70955612755976 0.548658523662549 0.4200176343567819 0.8758748044535352 0.33777926138416 0.8761158901707115 0.6632775702896914 0.5040378140758418 0.24356627515386098 1.201899101954024 0.6868993191983567 0.8892068525374862 0.6043627773537268 0.6674555048388088 1.3378437721390009 0.6372071730163039 0.9101709741824222
5 60 0 0 0 1.2978009365924315 0.7860382722795981 0.7962049836627455 0.8728029037270257 0.6953867150571814 0.3796943597106513 0.8468951734656021 0.4381539857817133 0.9823957906713008 0.6485630048435747 0.6487146312435417 0.44301608022723965 1.101502887273299 0.7798426037244091 0.8134586026163517 0.6958097852034353 0.6574267399943701 1.2945505599267397 0.651670813264466 0.852469393538327
6 72 0 0 0 1.289541227733737 0.8065096920174498 0.739292908642841 0.9817178625790408 0.8721470757853343 0.41828777892222513 0.7989374786079306 0.6206443072379222 0.8856730408758073 0.7206262368202255 0.5963222124436387 0.5250377784992433 1.0035571966785606 0.7077465931910739 0.8151779926038814 0.7996102040113939 0.7528952223727177 1.113001471376542 0.6790924700308631 0.9390023129974342
7 84 0 0 0 1.2648916683458535 0.9005647617215794 0.7729703665746046 1.0659521623773902 1.0384183357226717 0.38114638177084476 0.8602453135362453 0.6260852856612023 0.8237305554497067 0.6777523574241747 0.7087180084193084 0.618258455500276 1.0787192572259308 0.7176996834068096 0.8753387355068352 0.6982062505761119 0.8447722190928848 1.261588099490025 0.6409479819374883 0.8667483392504317
8 96 0 0 0 1.2913753196995497 0.9231060298813851 0.7564253203123404 1.1183789449797041 0.9746649056629542 0.35960322236807896 0.9545801373683188 0.8206579812706591 1.0093565277084786 0.7500875702843881 0.7021862093283986 0.7228513569880805 0.9215182755886974 0.6044446718609027 0.8939080151312676 0.6778321580644251 0.8997044585859532 1.3387192269025945 0.5991380558556231 0.8648349071252022
9 108 0 0 0 1.2831199565026417 1.00080512863882 0.8382762624052907 1.1351205192429812 0.9344368196350903 0.5286281584510923 0.9979686550240104 0.7966571888539861 1.0897299221882424 0.6658154334728739 0.8255000805421486 0.8703006391792365 1.021163902408507 0.6812031436727034 1.1536963748465325 0.7277223064208017 0.9712205370129229 1.3296187511191198 0.8280467963448404 0.871104493904373
10 120 0 0 0 1.2118497025398953 0.8533739891710025 0.9259744058084576 1.024239344168338 0.9129594830381644 0.6712880385874432 1.0779335230724398 0.862536680889841 1.1303525927148612 0.8429439467548061 0.9019679100551216 0.8139888946026661 1.1592665688883534 0.7756168191892744 1.0561078867559808 0.7941570011089489 0.892118282773463 1.39964208007766 1.0272861488597846 0.923952384254335
11 132 0 0 0 1.102168309561736 0.7407992970810111 0.9599986145561044 1.1011722448752996 0.9064512512293367 0.7462762425532992 1.0480205409335688 0.9837374183831927 1.0409416442385677 1.024998472331876 0.9556111258719059 0.9368713749036263 1.2527960139862213 0.962819854741251 0.9797518899975985 0.7766345634534361 1.0395077998268123 1.4117770230195041 1.027259441691781 0.8919882972147519
12 144 0 0 0 0.9543340062714536 0.937210603159574 0.9687370457288005 1.1271568244143864 0.9257287622040153 0.680205639041857 0.9611430135315591 0.9050523404335958 1.0629196871166375 0.9849301862090877 1.0337482281798007 0.9992996080507209 1.292023163994165 0.8398684000034764 0.9463257904976995 0.7967556336116652 0.9683900203113531 1.466691411016035 0.9279584352149995 0.793994112795431
13 156 0 0 0 1.0353530287072348 0.9637954819212295 1.130078674858031 1.0726660373525223 0.9100565584788779 0.7368458805190669 0.9866970984702473 1.0947121540640135 1.0585267285106401 1.041412096892287 1.0157979583992736 1.1144394804320945 1.3310394479826517 0.9920834614689946 0.9601471418435328 0.7312057038362484 0.9743301443712539 1.3396465817670746 0.9423593175241871 0.7157462228384994
14 168 0 0 0 0.9526134361582087 0.8822077411633628 1.2649414819671774 1.0827268978989646 0.9236430828060318 0.7438881594462464 0.8518475829854315 0.8682515902470826 0.9614243252398067 0.8554449012278768 0.875399600310356 1.1930285647746197 1.4732454114201734 0.9571958340430005 1.0093213298292019 0.7934354490384167 0.8025220626741134 1.4673743362543181 0.7486830627661554 0.7478931859007166
15 180 0 0 0 1.0174415061918354 0.7863274026066289 1.2534446619715034 1.1930124034220106 0.7933775711641056 0.7437605927261898 0.8001756557851464 0.8925940917424757 0.8146937780677407 1.0177666395794713 0.9821600755017695 1.0852487227465868 1.4665712782904385 0.8521549713906799 0.8926445131575546 0.9061593032789964 0.6795570793326664 1.5154697289191088 0.7216262291190197 0.6665733372953558
16 192 0 0 0 0.9564646790959804 0.7855301537117704 1.4318527553014826 1.1378606813513543 0.7827388119085653 0.5659730148489867 0.8515141097478666 0.8189679580913232 0.6665172729996562 0.8775368114269534 0.9257704776549104 1.1038969271360315 1.6275467822282659 0.8332867550070597 0.7941734278443924 0.7481501949339473 0.6978646118606797 1.6061693088049023 0.6131570931697525 0.6383783288313023
17 204 0 0 0 0.7788196169426045 0.7765324333115801 1.5278843191634381 1.0422238611699364 0.7079053460424334 0.6232066323643648 0.7745750776498375 0.6763461335033701 0.7260889205702545 0.7651805496159652 0.8978987685804435 0.9701408523810805 1.5621023304614086 0.8371565866023172 0.8101380478954728 0.771669569655662 0.7400179010637553 1.557440333159148 0.6617570647257682 0.4744547991629985
18 216 0 0 0 0.7699429301501226 0.8249864866443499 1.4215049861875588 0.9799937822830418 0.7514945566205251 0.6281308544201722 0.730583287021937 0.5874943548018945 0.8253399935910828 0.7596422606928857 0.9070301645892352 0.6945532526133692 1.4759984683094673 1.0118528369066353 0.6536409638925279 0.8120680069996199 0.7346887424372675 1.559307317980813 0.5960055368780018 0.520717369486098
19 228 0 0 0 0.6226755027095278 0.784165169029005 1.5442457777207725 1.0654595351357405 0.8315420708675816 0.5910780687440029 0.6254009836033588 0.6900719396968233 0.8344788489427726 0.7606317760675161 0.8278641981393793 0.6174667413992935 1.420036185923319 0.8922798242956407 0.5290077379670484 0.9942186742174874 1.02583376761291 1.6519296251753812 0.6044363256353389 0.4409066340320515
20 240 0 0 0 0.7878130938144495 0.6480492369252214 1.6210004750317588 1.0998735907622634 0.8056477856955924 0.6905384538363127 0.6787221554125724 0.8300283488328333 0.9126800765917584 0.8898702394395095 0.8397282044584728 0.5422955799199117 1.3344118189110887 0.7789058739335872 0.730465667406018 0.8978303857470386 1.0586053524583199 1.5246124633576899 0.637403937576452 0.4181933638408505
21 252 0 0 0 0.779906051902593 0.598165219871817 1.647064453492034 1.2038051723915768 0.7944513523301056 0.6198960686353444 0.7936442336850226 0.8290581088555216 0.9980692338100555 1.0313588150470858 0.8399028172308673 0.5657044981048784 1.052236569458964 0.7302159766278223 0.8513082919316579 0.9286725903339466 1.0534057865522557 1.3549046025280995 0.6906991598270149 0.4525486326399092
22 264 0 0 0 0.7656808514399573 0.5787341551197607 1.689919143424096 1.1750618537522184 1.0126371250393742 0.6391289965847916 0.6237115022950569 0.9081874204931051 0.8834603968224904 1.0120335870600914 0.6256779261160558 0.6605988185638048 1.0012127141467393 0.6170296134281452 0.8002227408770631 0.8188406957071527 1.0470578809995221 1.3000321165858253 0.8078092560782599 0.5839307459527814
23 276 0 0 0 0.9017028967418209 0.5902126436693713 1.615191575400028 1.3219727061057505 1.1375568858203966 0.6941047618608951 0.5046614798536001 1.1252919593835793 0.7586609070384367 0.9772165170486601 0.6755258983022565 0.7640434261349884 1.1668668413939025 0.6019430429304086 0.8645966593518469 0.7643180732890817 0.852536497063186 1.3284922006397428 0.8164692059965326 0.5618057976276656
24 288 0 0 0 0.8038163003696722 0.6922997822861898 1.6260200743027837 1.2672681729554105 1.0726911883739396 0.639416810565499 0.5868975709902007 0.9089178338411464 0.9016117968667074 0.984714985605121 0.6968141019118494 0.8251250379737533 1.4126898429458992 0.7152602858588942 0.8634703498717218 0.6944358319521626 0.9247435393998206 1.3501969043700952 0.9429459922841976 0.622190563095971
25 300 0 0 0 0.8503291744188387 0.714040271754785 1.7440463463310216 1.241478739108034 1.1534830490863908 0.7180199659162286 0.6479446646120284 0.8625075029584335 0.8639767814478946 1.1802919787418293 0.5648170415994664 1.0449754056873046 1.3107222630400008 0.6124284671569851 0.6795210947820732 0.6346826814351298 0.69705282221403 1.4080247159675388 1.1275645282773084 0.7260331913363532
26 312 0 0 0 0.8445782719553191 0.640327505473715 1.6818196788282662 1.3529380230418357 1.1165391597414691 0.671066973603162 0.6955298007901064 0.8957819889488571 0.7816788608206383 1.304481078838342 0.500235259540357 0.9859177814291182 1.1826092665581216 0.5592439719218909 0.6156930505313872 0.5444274883852765 0.7202804256276014 1.4249593070546354 1.0830455411752635 0.6744530393828566
27 324 0 0 0 0.7752677113676304 0.7296736860941325 1.596052103405131 1.271496612068378 1.2067431394899708 0.7532634936744685 0.579926414709391 0.8794003646398277 0.8030275679060389 1.475400662232426 0.47127972552186453 0.9723994251719329 1.1433905186964293 0.5420292653504193 0.5748961363299611 0.7173919998601631 0.9336790524305434 1.5018806622998269 1.185467294044624 0.6750981862977739
28 336 0 0 0 0.6679841838727476 0.6780328851861984 1.606809874763203 1.2354542344078248 1.2203173666775726 0.7924855764950433 0.6758173588464577 0.9421177222342458 0.8297278654502691 1.4022562588502339 0.5488783335623753 1.0031125107859051 1.1405270646363412 0.5821288266418934 0.5908089206641249 0.6894491818930266 0.9347109896925117 1.591618787906496 1.202679615698306 0.6545981398189089
29 348 0 0 0 0.7907473181835208 0.6788907508392726 1.4439533274886933 1.2449829354266087 1.2232368082432064 0.6718115488073926 0.6960470940387967 0.9296049980154883 0.7530232883261979 1.3471493916603992 0.601381674285546 0.8670310835581837 0.9999804318781171 0.7387626363889587 0.5653602616431723 0.6007645345823359 0.9642876793120884 1.4866645892754926 1.2046490752154764 0.5446804635440675
30 360 0 0 0 0.8665302222824837 0.7308528253266059 1.358511365526909 1.2981574882834122 1.1803363299927336 0.7916601281440331 0.7081280325919861 1.0212486212432772 0.8880296778001958 1.345045569014084 0.615893694004279 0.7513731426435631 0.8576324961592223 0.8856711913802179 0.57254789446478 0.6024410723586789 0.9552908856240981 1.6012366392985302 1.20298309031419 0.6462533201590146
31 372 0 0 0 0.8443556693554833 0.8127205634423411 1.5276819207075556 1.386243385207288 1.466634692243356 0.763790713589031 0.6986263180651132 1.058998104973958 0.8215003336357626 1.4883493804170214 0.684202626643652 0.8042106398378881 0.9229870519662515 0.8860925249449617 0.6810836266476266 0.7458921089803369 1.0358425906606057 1.7093255366382039 1.1352184129964555 0.7012794839087307
32 384 0 0 0 0.7859580791774549 0.9837646614822989 1.47760975203721 1.4167768582508835 1.5095858144747096 0.8050142939099437 0.6536254964324001 0.9124944850997488 0.8145895259567159 1.4680418539445426 0.7019888909703207 0.8036208507162377 0.9013367639949443 1.0193836542102148 0.6691188933260069 0.6959503132315347 1.0043116551294615 1.5854147940096543 1.0478929536984631 0.6856865219137803
33 396 0 0 0 0.8836196170529499 0.9664002379386594 1.5904656857548147 1.3359567870254088 1.5285278788989427 0.8429500359332696 0.7059760846511232 1.020707171473965 0.8700954275237907 1.4133156199579302 0.695073359603251 0.8914027641383432 0.9531471620108639 1.057134939271661 0.8949304365642676 0.6794396685114723 1.0340101623297107 1.5269398678822572 1.101543793364713 0.8357486552637885
34 408 0 0 0 1.004201734647055 0.8637601361014604 1.4977954352230023 1.3455015763637603 1.5232708611694274 0.828937016902148 0.6715790068321204 1.0399088530072558 0.8342601201863029 1.4213530825459437 0.8705918847549105 0.7517819747998981 1.0819638819510384 0.982628244181211 0.854909768722351 0.6549812068316081 1.0374038335969735 1.541116070749145 1.1732955284078153 0.6664001990444691
35 420 0 0 0 0.8751512708228639 0.9376390485526028 1.4009158566584112 1.3517396093149268 1.45984198655174 0.8331277016920542 0.6575032340537345 1.1609650275895056 0.7958824655198138 1.3994594786810037 0.8317439402494863 0.8971178387745666 1.017205389892109 0.9207621660085309 1.0358792091334563 0.7281354919655736 1.0861621062664255 1.418707672789997 1.140084779840768 0.6869460781282914
36 432 0 0 0 0.8712560188572962 0.876478120996896 1.4013956937833398 1.2866842001079681 1.4319630795893385 0.9246411700374196 0.6961538425224468 1.2321812142144575 0.7492849198437611 1.4515626518491134 0.9398448569033412 0.8055363926271518 0.9984215940262916 0.9694348125015252 0.9750052685544551 0.8285698697475712 1.1119993386296207 1.399923392252542 1.0033973937116305 0.7252179688963429
37 444 0 0 0 0.827341519596889 0.8344180348454547 1.3413030736468636 1.3841208486158973 1.3402128140355676 0.843863173128396 0.6576096840779673 1.2295594316899274 0.7429369150869161 1.3104631411785124 0.9060331445360387 0.8081708583483117 0.9608563993749537 0.9680424733788 0.9840274526681935 0.8343506776749224 1.0755302992393045 1.343388235205164 1.0280477540616295 0.761723802775553
38 456 0 0 0 0.7697314753857589 0.8837578356943173 1.3193237857840439 1.3317459407687706 1.298309420294739 0.80935398415232 0.6587194911661508 1.3519112551997834 0.8342786317354528 1.3284906650688053 0.929420154831033 0.9193721428885453 0.9889113281024566 0.8773646622396941 1.0960647724692805 0.9122055601236128 1.058628679531271 1.4446694708713435 1.0537651868423226 0.81377319453974
39 468 0 0 0 0.7812212972921057 0.9604174658561707 1.2190942758864058 1.3008962844500602 1.3407383111624733 0.8110761737670888 0.7780447948335051 1.3228978615637899 0.9715745586455001 1.3018487425428553 0.8105869876876518 0.9181244801570887 1.0708839561146077 0.8828837977027238 1.1250615671825988 0.8680901465712403 0.9309790055499596 1.4164144461073738 0.9906491836386895 0.8541066086199921
40 480 0 0 0 0.8848113759223509 1.0403482395491943 1.1682266087078919 1.3094566653381985 1.281650004854124 0.8753705112317769 0.8484588469146498 1.2861668986992427 1.0196546096785362 1.2747368112983735 0.9009056965495974 0.9015160533247087 1.0542811759476736 0.8767329324325939 1.0796575953831122 0.9711021094281039 0.9507576301761088 1.323653636136628 0.9609210015845575 0.8313196109734571
41 492 0 0 0 0.9570211314077006 1.0318849029926374 1.2457972183429336 1.3162081915478374 1.187398431942787 0.8797911466096634 0.8425019343583711 1.3522167340503946 0.9333593431756285 1.3230499434162175 0.9188990400317703 0.9936008211776116 1.1059314918001266 0.9420335032212361 1.0312734092303901 0.9182497288717318 0.8770224884906314 1.3616171633345793 0.8495468048242898 0.8314532967281849
42 504 0 0 0 0.9886250501188452 1.0129467125460323 1.1820967114278664 1.2595486274318324 1.0259949412993006 0.9149809928467918 0.8718451121188464 1.4003597509750616 0.92885515574082 1.3461144628454835 0.8802810891339231 0.9611887459467467 1.1349652863975068 0.9535472328291126 1.005922810813419 0.9725293570378243 0.921808577446858 1.3267709688619302 0.8312238111048534 0.8323248310028
43 516 0 0 0 1.0070269469381083 1.0466164656990622 1.1015115198756105 1.089624487895439 1.1218258060126332 0.8849440128404703 0.9177450215425611 1.3198370738551923 0.9073979611595442 1.417074738854263 0.8782494040112573 1.030427966711434 1.0933409511215897 0.9646783539811856 1.0927598941459715 0.90305196039356 1.0019605416932629 1.237288080943622 0.8315881107929842 0.890354118377206
44 528 0 0 0 1.0004990599764436 1.1455377419573542 1.2081129250469411 1.0978370412210783 1.13945654497802 0.907487027428134 0.7832913087800921 1.297182698995183 0.9961458510960016 1.3910311756333744 0.9148624919968537 0.9576514292830728 1.2202925958104551 0.9967860112053493 1.1717209261532437 1.0069773952166154 1.045731649998185 1.2060903046588902 0.8261701665995401 0.9635334347686578
45 540 0 0 0 1.0483868199135151 1.1944417067877433 1.1840960497908128 1.0767066286205853 1.1500409367009592 0.9128081418182254 0.8290500215001351 1.3207899533306295 0.9707061603868884 1.4090829325808787 0.9471007460225284 0.924052515564922 1.2077210024504956 0.9993369265250266 1.1766906402398014 1.066999917381486 1.0382304302347796 1.0287886130824226 0.89567546599025 0.9400258672984158
46 552 0 0 0 1.0301711131676483 1.092734910876589 1.2132482329318481 1.0591537695735274 1.223420220999098 0.9300991875605636 0.8167250281289898 1.3433116274933914 1.0213656305577095 1.3953191017901319 0.8751814138065416 0.9613383851125976 1.2040237366950297 1.0740663359813514 1.0512058479845146 0.9730487216119307 1.0524100121400528 0.9542866855369635 0.9619854833419303 0.9986096962756571
47 564 0 0 0 1.1704809837328998 1.0781796520830054 1.2615345993957376 1.0605691542677755 1.0530163390191891 0.9601932420802045 0.7896189751848559 1.3108385897521484 1.0188724002219385 1.389323011222535 0.9113184786623189 1.0015798803843932 1.2128685996886475 1.067011413863202 1.001071680469593 0.9868116369316723 0.9288019341319536 1.1075302794121136 0.9319867467315357 0.9402928392331308
48 576 0 0 0 1.2544430853547133 1.0726176336479516 1.2758924425502307 1.064560429214192 1.0001274419597204 0.9376235844349544 0.9193395114715824 1.3173012275628029 1.047868085821707 1.3835920774500066 0.9874786792612881 0.9746875976549095 1.172399302694037 1.0615522514428926 0.9248843997041982 0.9577807019287876 0.9536027707714763 1.253912017387107 0.7664112007153223 1.0033469896950447
49 588 0 0 0 1.234065694341839 1.156733462682094 1.3068602144821606 1.0211724932584478 1.0863132423806379 0.973505957039248 0.8799495247711151 1.299065108159951 1.0931717159840546 1.4108897260969009 1.0048194581804473 1.0328843356650799 1.1979198271656193 1.1677838089585475 0.8972314412359534 0.9613391942333 1.0496877820651365 1.2623875497257815 0.8494528893238351 0.928406692997926
50 600 0 0 0 1.1385822374517205 1.2115700763662902 1.2164723790676835 1.060603950946519 1.0591604827593057 1.0118916928298607 0.9318383945850908 1.3622914489238638 1.149414507182134 1.4225468286934717 1.0706462266747176 1.0278255605825797 1.2381334993582478 1.1954759602460991 0.8641127933928805 0.9422822973577638 1.102314016510204 1.2489823150038546 0.8915947648090236 0.9524495636898079
51 612 0 0 0 1.0841045367937467 1.2337644615463743 1.2591712253479082 1.1069421351520823 1.0819750378711797 1.0089167663913439 0.9957012290881126 1.4178260967285874 1.1299200750698464 1.387913750158651 1.0616949985136 1.0341927343607922 1.264374462976274 1.173642173961017 0.9924964947026425 0.9853293262475685 1.08093541520279 1.2142950328939563 0.8175271571281475 1.169915228887323
52 624 0 0 0 1.068680949574153 1.165017829071043 1.2903424955270277 1.0980675647165237 1.0828670141767542 1.0573972093058444 0.9964752675110322 1.3118720645607111 1.19076568623336 1.2562797874793283 1.1036056683494384 1.0391452364470584 1.1956483136523606 1.2097722062248204 0.8404580222619478 0.9429888263354168 1.0518941650745928 1.2429245754511782 0.8940916063974145 1.1591470575990666
53 636 0 0 0 1.1249659995069416 1.1433854761690103 1.2061492646952838 1.0850588698950918 1.0759585122433233 1.0731201318418597 1.0281083420580872 1.2988365961144972 1.2405338946464628 1.1730900481831215 1.1224696755776795 0.9971273738243692 1.1957602087133314 1.2905218336098305 0.9191316240029536 0.9324322946403978 1.1144303212867093 1.2838516139715022 1.016311042565249 1.1511900371827561
54 648 0 0 0 1.1610551434512828 1.1652261821956265 1.2526114890414566 1.0618512871868564 1.108701244295026 1.122676914211826 1.006357845252042 1.2619463361951826 1.2577632190214767 1.1943874064628055 1.1806026092630455 1.0570827645825063 1.1983587068316033 1.2705423278664931 0.9337229832300643 0.9316826734760262 1.1649559944169163 1.2995955195150326 1.0250959058976172 1.1745753474725815
55 660 0 0 0 1.183032881050278 1.207266066625259 1.1259235894548425 0.9358473891907966 1.0843151529431476 1.0534247399131675 0.9995939748998626 1.264496980117457 1.2610056034521029 1.1791732679220601 1.1614994321263206 1.0234323274937522 1.1799045026262818 1.248007124728281 0.9699397874478954 0.9241746941929588 1.170156869639275 1.2622578547133565 0.9442888249610489 1.0708870426944792
56 672 0 0 0 1.1279926049807847 1.1983802958696028 1.1910233378346158 0.9799696877214744 1.0653043510250693 1.0158442646728127 0.985777903031535 1.32236540962816 1.239196160686077 1.203163632874321 1.1209642392494452 1.0506701704982542 1.1570656353065676 1.1464812150556103 0.8887347415296398 0.9326069085140316 1.1205852544961883 1.2084924156076795 0.9675972170377807 1.0608911358315407
57 684 0 0 0 1.206253646018708 1.201623608915321 1.2010314833819518 0.9820422467039293 1.0406887511485807 0.9708842435651359 1.0333689611759453 1.2492300228068953 1.2317174881520165 1.2368185689263762 1.097519289696372 1.0355266065989677 1.111776864559927 1.1558002437358046 0.9406713610232081 0.9464048977938874 1.1156603912872505 1.2053450913024968 0.9516393244079876 1.0315668261031292
58 696 0 0 0 1.1844241696093936 1.2170067800296074 1.2287420279012355 0.9870161892466021 1.031053883317567 0.9838862120305323 1.0526695949230649 1.2308627630526674 1.2688823068868396 1.162503927315568 1.1035678825404112 0.9934018678030402 1.1670874077345375 1.1473928331486802 0.9359272808944974 0.9926703588103072 1.11246430967922 1.25165205644208 1.0650625100897742 0.9936051507545189
59 708 0 0 0 1.1775559545834786 1.2408548436851377 1.2650776297945237 0.9824107585080583 1.0378283337673664 0.9499402695628049 1.0030740713511948 1.2560896668393973 1.2703081870692055 1.2265801683602426 1.0572387233644975 0.976135476576369 1.1964915901356397 1.1169509271467464 0.9248395009929684 0.9712000730570514 1.0962784312318725 1.2393444937150937 1.0988402891482156 0.9593096333609685
60 720 0 0 0 1.1549788527796747 1.2440855474467947 1.273033706216561 1.026928407530919 1.1547906586604078 0.9038734862952501 0.9565477229878914 1.2153442092289524 1.2385401985284008 1.1841090986644556 0.9647161494786524 1.008552419222051 1.233035339966547 1.1116723497452095 0.9407218378390398 0.952109390733872 1.0312721063766883 1.2563277205273364 1.0914205624600024 0.9688757137217783
61 732 0 0 0 1.0879333677542753 1.2434751040307621 1.2116608292068447 1.00562308417369 1.1180525154284453 0.9093869595737525 0.9609364793439114 1.199851208322986 1.2590239916880333 1.2049480090269886 1.022801953673861 1.0737410711783717 1.1870977566946619 1.061355168133246 0.9398850057134138 0.9869001669502944 0.9864483934154608 1.244146441927721 1.0652716306415189 0.9993585415663534
62 744 0 0 0 1.1546838882599613 1.2329669406400787 1.1789127066820713 1.013294461014457 1.092383918646039 0.896512364678082 0.9926413786061972 1.2329138535414346 1.2657004714358857 1.229367398285819 1.0503237450830958 1.0626631332170409 1.188321382386211 1.0328808055806684 0.932392389558837 0.9934891081045312 0.9670553561903208 1.2500996255520496 1.0783941908962058 1.0088354989342272
63 756 0 0 0 1.2212987431575535 1.2788646506874068 1.1904006183186204 0.9602179579987002 1.0628939438764187 0.9349964226083456 0.9718013395979084 1.2297561778117616 1.2548053408350996 1.2174237537460053 1.0833792542182017 1.0559911902511772 1.13044106735603 1.0678099595683508 0.9631428091886363 0.9904572979222731 1.0044975325201584 1.2249037369205455 1.096830181030119 0.9833713620302542
64 768 0 0 0 1.2488157791690622 1.2620984034768323 1.1571007846971533 0.9567760789339421 1.0491348813536758 0.9466942228477058 0.9766723989337097 1.2474629727503321 1.2159039089344237 1.1890404338531821 1.1397597227091276 1.0298902543003357 1.19478837383241 1.0623180717625458 1.009364676636074 0.9890086846335783 0.9336654818728906 1.1867555181553389 0.9902458161008267 0.9987907556059445
65 780 0 0 0 1.2777943496799165 1.280194117560486 1.1454710434936317 0.9346755960470324 1.0021452364559273 0.9356912334365983 0.9683943709283317 1.264212020441196 1.2636105683199224 1.1410349514181968 1.0960904452878821 1.0242722796417179 1.2216600952317418 1.0690953142663349 1.0179368833215316 0.9735132325066173 0.9365071806398024 1.1257567884350184 1.0432905948697244 1.0118324253103603
66 792 0 0 0 1.2725602753127623 1.2814757791811475 1.131208818923134 0.9658499848258495 1.0261958294411626 0.9158470048098276 0.9706983962781895 1.2637958035096941 1.2864623536766968 1.120828030679692 1.0875537065393952 1.0259307006115024 1.1964229822542725 1.0377834714978487 1.0416107172109992 0.9708149250646536 0.98435550637755 1.1930798522055786 1.0129786761978317 1.0079401984474876
67 804 0 0 0 1.2860139209560657 1.2280107475250945 1.0929439348763068 0.9121668122740058 1.011555798119296 0.9214552035260782 0.9581446814011192 1.2189905735508524 1.2609132037398676 1.167426797248333 1.0623756197697252 0.9871645249928468 1.1391474496159215 0.985025627611858 1.0245805655752545 0.9514116531028973 0.9904280880483392 1.210402241861922 0.9946900057823735 1.0038027811733954
68 816 0 0 0 1.26420252787826 1.2644056010885925 1.066584762444688 0.9309397296728085 0.9972313751808553 0.9327296190448834 0.9619563643864878 1.2077455989705597 1.2571186122944749 1.1907195921241882 1.0565088784222927 0.9717510979956517 1.176600368140577 0.9431173482034071 1.0028714675159613 0.9489059386455448 0.952404445934382 1.22724747319919 1.026993286320394 1.0043852135295228
69 828 0 0 0 1.2539105848557017 1.2838570955357618 1.0318341052332365 0.9492696958021074 1.0160026435990708 0.9260397395331711 1.0059314071924101 1.207787376960029 1.265132390452364 1.2183215069440736 0.9896246020754855 0.9795963234837377 1.1736663924339974 0.9367577133410437 0.9890676063558802 0.9224373079615774 0.9680708215856992 1.2060318138049209 1.0128286958764443 1.038414823565202
70 840 0 0 0 1.2634766592665205 1.269376771589941 1.0268053626021982 0.9442731959605779 0.9548232972498547 0.9193590429445749 0.9975733929767036 1.2001941357217782 1.266147848599852 1.2171467205916007 0.968490392960714 0.968051326809199 1.2156998222138289 0.9552415737118884 0.9606786167321886 0.9174727466721723 0.9828558596176965 1.1780413237883178 0.959344397528571 1.0398469104450834
71 852 0 0 0 1.2494868206263743 1.2300890595707346 1.0087252754786395 0.9453984605703996 0.9307106623429536 0.8999664650699193 0.9819454113045167 1.234398861916073 1.282186160435688 1.1860479091837772 0.945477800244694 0.97584565191878 1.2130819818446676 0.9552512165436734 0.9939707819076955 0.9550839973542877 0.9582446028532422 1.1944543482427734 0.944573741841161 1.050537785417493
72 864 0 0 0 1.2653817869013908 1.224001549494349 1.0143291327673036 0.9578041393871914 0.9099142128913679 0.9010018349325689 0.9846245778332414 1.2063270332095837 1.2639268598996078 1.2283640270941356 0.9696931227676711 0.9914621666964851 1.2026788500220313 0.9343411724385594 1.0050721962482874 0.9782275177213275 0.9382710549451697 1.2079733435983457 0.9084767548045042 1.0075152799556624
73 876 0 0 0 1.3150296617378825 1.2290069684853506 0.9725557382184767 0.9518329617144665 0.9027462468240168 0.9532017085057383 1.0063740897916122 1.2041218087556136 1.2464919300053454 1.2658262447451372 0.963696221448248 1.0071617092149003 1.2419995703513191 0.955259725591145 0.9762825210227485 0.981467964940711 0.9252528651009138 1.2111206624752766 0.9219459731777536 0.9875688115218973
74 888 0 0 0 1.271172290764045 1.2248216436732953 0.9675894376025311 0.9491845515941646 0.9199411494711065 0.9255013492260277 1.0067342803811636 1.2352919560739961 1.2493339700404473 1.3018195098369063 0.9577662347811955 1.0111965859467547 1.2389642741718474 0.9775203675382232 0.9898479447049102 0.9922489590952104 0.9361863509697573 1.2068163785122425 0.9496988938295698 1.0219549014620979
75 900 0 0 0 1.2726438797537634 1.2200344910985819 0.9935295795893311 0.900206354693703 0.8988342319745397 0.9523291339744344 0.9752533233315855 1.1877733191392807 1.2580238366757142 1.3150235468099822 0.9221709230441265 0.9703947436020663 1.268528805221398 0.9633745380095582 0.9917828522952555 0.9637961928371653 0.9251788324905879 1.2442876903053688 0.9702928250099405 0.9787894626979095
76 912 0 0 0 1.2556757191340053 1.1992974493823843 0.97044791769191 0.936050267894861 0.9288663270590942 0.9614354348607598 0.9688924323836591 1.2070740674342588 1.2667237551392945 1.2995251393942215 0.9192419645365106 0.9918913386679205 1.2629780522454002 0.9565041815790484 1.0331210665499464 0.9309199292378064 0.9422624296407306 1.2224752861335915 0.9737200805956092 0.9874902592296543
77 924 0 0 0 1.2467275814922625 1.191771366480703 0.9389539899146734 0.9719325865690674 0.9305757873175111 0.9490055695260411 0.9585463401503417 1.2657994891440143 1.2559963147834377 1.2931026867172786 0.9462806035446995 0.9899077482341643 1.2738502811456378 0.9445068101557348 1.0525460313922526 0.9305974369625342 0.953655366242982 1.2033521085478733 1.0056546335206595 1.0022578324416234
78 936 0 0 0 1.2521358100378386 1.2324751396148914 0.9830242532217746 0.9549833512917649 0.9180107588087953 0.9597702886454529 0.9523331026520492 1.2768238887715686 1.2614685203373663 1.2781448933271307 0.9167292559318776 0.9935623984120293 1.2974819378748257 0.9424357754077973 1.0466607604236349 0.9480817890364696 0.9775703082296555 1.190173131502299 0.9896290380283799 1.0348636219167158
79 948 0 0 0 1.257261971935183 1.2444400804537554 0.9772306304341813 0.9339348462151359 0.9351512421408702 0.9748269735515006 0.9790349796797637 1.2879226625903006 1.2583274750758076 1.2732590302885314 0.9223007880850494 1.0101515575061037 1.306842646806452 0.9673349581242993 1.0209898350398892 0.9400909812609622 0.9632942348850202 1.2315701192051798 0.9743330848859051 1.0103999367907857
80 960 0 0 0 1.2176528208996704 1.2309263945347646 0.9634111491252164 0.942661954808755 0.9453327952137635 0.9552358525347309 0.977757060535375 1.2804482628592617 1.2636084648609183 1.2734060076603004 0.9023379850958874 1.014138165094316 1.2891654503828578 0.9646959384521157 0.989213960952614 0.9028977398098911 0.9376241419553131 1.275050642364454 1.0173274737313676 0.994733027547511
81 972 0 0 0 1.2281755025827938 1.2247476783267153 0.9387406974399217 0.9630376468557409 0.922255771028112 0.9471078219592501 0.958692068806396 1.2843402000993995 1.282187920696019 1.2834477811980782 0.928533364189868 1.0110466684275454 1.2815425328770287 0.9780278149958203 0.9569202208346456 0.9345506167612707 0.9569350412791261 1.2611678621964366 0.9825709411436141 0.984113820827777
82 984 0 0 0 1.2668655559941724 1.207198869198748 0.9164127785758933 0.9404502857863346 0.9258646317590945 0.9398102655376879 0.9521964001047628 1.256820195684874 1.2566966052088806 1.2696038973823587 0.9224133886911215 0.9959521654530467 1.2646865226284973 0.9618519344000209 0.9656721173238041 0.9406506865991826 0.9461294473589619 1.2395499112624482 0.9497428565428432 0.9869926609165558
83 996 0 0 0 1.2714456036899824 1.2078408176823328 0.9309960522281042 0.9350166564920371 0.9280065904683364 0.9428749813600096 0.944947842593221 1.2264635025132602 1.2730377638995891 1.2903757425853108 0.9006588066632207 0.9986601310430994 1.2747836249598627 0.9633514687377005 0.9452726228192427 0.9316138937786776 0.9440092202648043 1.2578987161344994 0.9285359685623629 0.9493520758664511
84 1008 0 0 0 1.277352832205692 1.1816644124410947 0.9527152250498849 0.908063436380848 0.9213577587442439 0.9357969194804965 0.9553817047298863 1.2294745267508695 1.2668232174274772 1.2396341135623918 0.9036290906471502 0.9805168603887991 1.263782004776974 0.9542988612613702 0.9653400083745438 0.9274210960330358 0.9332237858541005 1.248589082267245 0.9221517625464132 0.9252699409953086
85 1020 0 0 0 1.2668119672389437 1.1891524291642062 0.9721259938110367 0.9114181183758358 0.9418534916167168 0.9298329283109442 0.9597076224991673 1.2723438995444614 1.273071505494091 1.260633755792691 0.9013124139673233 0.9897921696150992 1.2871057656712221 0.9569336140657708 0.9567158740210386 0.92828058912341 0.9336842238507933 1.2569171496190918 0.9237922275866878 0.9271144393334689
86 1032 0 0 0 1.298293330420288 1.2129583623768472 0.9310365891538813 0.9205641311618794 0.9313692830514184 0.9336352938456299 0.9655845922965379 1.2749054335641294 1.2628423805657853 1.2711747760360588 0.8899714362378714 0.9721274545229782 1.2940623153549746 0.9373489634648164 0.9627272928054342 0.9238717454991705 0.935950506618481 1.2736236272602275 0.9250547791411561 0.9261991214514183
87 1044 0 0 0 1.2930771756004478 1.2441068787354268 0.9463144498486392 0.918438684410022 0.9424929615386706 0.9436555130543736 0.9745224569121534 1.2876367891693155 1.2749848938979869 1.270750182827197 0.8944871390716234 0.9741684763280447 1.2968458230569286 0.9566106446574151 0.942693185422663 0.9250547320324165 0.9279637971912025 1.2817710551067045 0.9230863422862355 0.9326107559767763
88 1056 0 0 0 1.2620389162570693 1.2345270270472708 0.9325156594117339 0.9222659851238326 0.9147883524987432 0.9287811465151636 0.9667951969076389 1.2829547863149862 1.26742970097059 1.264533871669333 0.8760721922507763 0.9673874487125561 1.3073237826323376 0.9319157654685889 0.939129255651072 0.921991924742599 0.9068167046403705 1.2959664219910674 0.9331503697540672 0.9339936041379296
89 1068 0 0 0 1.2869612476365926 1.2620823391145721 0.8971525910804564 0.9235306028778846 0.9106233571431267 0.9214143900020745 0.9632469454217285 1.2887232213062325 1.265507239224144 1.268132444454892 0.8911567596427398 0.9677741442314512 1.303136854452616 0.9396568644417562 0.9324881848516897 0.9099730494074028 0.9038614884317214 1.2667185370458192 0.9205790515490966 0.9264970956727656
90 1080 0 0 0 1.2806356671630479 1.250692754867732 0.9094280806923077 0.9154022015761407 0.9258999535701568 0.927743609875732 0.9423981999068132 1.279900712386458 1.2585684883511428 1.2588527803428626 0.891436371926029 0.9624401601408592 1.3001759142069618 0.9491638913344229 0.9277856888779303 0.9200262905150997 0.8950495317595233 1.2756272684675753 0.9148575227683746 0.9127309499116627
91 1092 0 0 0 1.2551738665688277 1.2486447702190597 0.8906307692775292 0.9144016353830038 0.9347650266121172 0.924927581800323 0.9390780303239828 1.2980901396866222 1.2641200961063324 1.2677017296696036 0.8999795789215933 0.9696593986084454 1.3053716030250444 0.9228247967733085 0.9383726089437301 0.9210870313288224 0.9046036947381473 1.2835445710261308 0.924156489313839 0.9277667221458896
92 1104 0 0 0 1.2369873690215871 1.263592450244786 0.9221049320803529 0.9091006199403824 0.9265218903068476 0.928127605868758 0.9351513809531131 1.28719684550632 1.2543096631868902 1.2685040254907345 0.8982697244495537 0.9549338761591701 1.288001066533169 0.9211555492780065 0.9376292348779143 0.9313779375347178 0.9002927392088647 1.294043494972311 0.9328159489276702 0.9150858381253549
93 1116 0 0 0 1.2589928874157217 1.2718387721849291 0.9007649132878528 0.8941125463614651 0.918899538019716 0.9492710175893552 0.9025227959657526 1.2839739459540982 1.2476854654331213 1.2658451044184533 0.893973332418766 0.9641896544883302 1.2754824838542091 0.9359914818732563 0.9516197570083116 0.9289023316428136 0.9013887267769561 1.2921024974887205 0.9371335555803194 0.9374296981007575
94 1128 0 0 0 1.2631174753716048 1.2703454600563668 0.9231039260276117 0.8962448006567515 0.9055822201001139 0.9440313458767611 0.8990237696885812 1.2963026605254309 1.256097290767243 1.267618407504542 0.8980853471732605 0.9610102482503421 1.2724612493617575 0.9371300258767681 0.9385590077657936 0.9371067694046634 0.9064774596214122 1.2818903564308635 0.9229232621419983 0.9449348643316033
95 1140 0 0 0 1.252147757273576 1.2645663850876583 0.9139806202713989 0.9002120909735087 0.9115811401171307 0.9299909343618971 0.9015052364982423 1.2915339092654246 1.2661693270722578 1.2674150620499847 0.9160962016294114 0.9409118244001239 1.2698773013866607 0.9349746479734811 0.9513854167038203 0.9333881984127137 0.9195472572912508 1.281147519528476 0.9288618843431905 0.9447221485278772
96 1152 0 0 0 1.264696059175911 1.2712552053391637 0.9259905822159267 0.8980686763895708 0.8970266561160591 0.9204365512289315 0.9047780221022576 1.2892299460451828 1.265947809382427 1.2613537061405367 0.9174802999520859 0.9277674161053686 1.2605710240350634 0.9387342632045296 0.9323724068207735 0.9264435831414202 0.9172804437797694 1.2760186684124957 0.9153595709997991 0.9462517628482593
97 1164 0 0 0 1.2804567162185512 1.267567298588098 0.9119202986654086 0.9024440386556213 0.8966396100782903 0.9343698655002991 0.9066961144760884 1.2885855412893665 1.262903185628706 1.2479036879547076 0.9334653977663083 0.9226300178134693 1.2731369473537628 0.9408276157088487 0.9554177803918528 0.9225892707641286 0.9260630534974177 1.2611506467603741 0.923764951617799 0.9281223741806194
98 1176 0 0 0 1.2665686877995834 1.2795511655407144 0.9301503065800587 0.9100265168567752 0.916088520492169 0.9253119874474995 0.9069267814986506 1.2757274865396464 1.257272741569434 1.2604155058507993 0.932283948572588 0.9054676562409476 1.2606199326597523 0.9538228416359459 0.9488759433757639 0.9184979367555557 0.9300061020441216 1.261129071945386 0.9322731189015895 0.9125726440629153
99 1188 0 0 0 1.2736120056895686 1.297773836663845 0.9283092481034786 0.9133321176145214 0.9145051043439182 0.9233849482268107 0.9227667794292249 1.286662713496816 1.262845099241628 1.2560973845083045 0.9462144458474275 0.9046790814420254 1.2637082356723337 0.9531557278691919 0.9451137208297817 0.906588548182895 0.9331760875542356 1.272820814504621 0.9263268207838942 0.9274891868793891
100 1200 0 0 0 1.2661221808902239 1.29699389103407 0.9144235592699707 0.9086572700909943 0.9169146551231943 0.9112711088804035 0.9271132347506071 1.294205079077097 1.2587299576709692 1.2692558748360212 0.9323940207421249 0.912205967693715 1.2634395404382173 0.9536670252816304 0.9371199061884448 0.9098747895015438 0.9242842131456271 1.278155294125365 0.9256461722370661 0.9186637316924855
101 1212 0 0 0 1.2650696447959915 1.2877009333996576 0.9078061339925646 0.9084779663486633 0.9076677494492987 0.9078512912520286 0.9279788786234192 1.3089876325561758 1.2626849831088587 1.2599103452001685 0.9447356729341987 0.9056176403764643 1.2604578766462866 0.9305801283827874 0.9467610491436432 0.9043084962107073 0.9280953069642921 1.282968808781864 0.9376825840342177 0.9055408970465426
102 1224 0 0 0 1.2655770095683214 1.2826764618895738 0.9205866920452221 0.9213119091006304 0.9138121262608674 0.9135281911804418 0.9204240668812471 1.3082851168940006 1.265370823889313 1.2648925644877285 0.9375214627011229 0.8975666970660773 1.26672579374419 0.9147846667941983 0.9504947986873175 0.9044863686603175 0.9117820093437796 1.2877690692628339 0.9283086200833921 0.9101323375576285
103 1236 0 0 0 1.2767372289545835 1.2837357004299328 0.9360329277619733 0.9247314430502949 0.9158997448922107 0.9086050437553352 0.9185006971844686 1.306426885465127 1.2680887646311618 1.2760088642041187 0.9170616343081716 0.9074433198823953 1.272801607582415 0.9317104827090564 0.9417247152909308 0.9140364322812916 0.9051987620783146 1.2793906254928988 0.9208143864658686 0.920183102009524
104 1248 0 0 0 1.2899561529239478 1.2710516666923115 0.927123056643557 0.9266528722113062 0.9062058419185811 0.9099575025778351 0.9221562376773692 1.307780370324041 1.272874938540122 1.2806256757757735 0.9199745329580191 0.9010476652705808 1.275027089442288 0.9147608919020753 0.9489120136210137 0.9057904267314383 0.9027215756834864 1.2841853783840318 0.9064816170286186 0.9202568877537526
105 1260 0 0 0 1.2859885920829626 1.2834508313862845 0.9332757197407378 0.9204790890205843 0.9195690047510695 0.8984199964281976 0.9227121060757979 1.2996814426695342 1.2722089878440366 1.2930244691013226 0.9270223864763402 0.8969020533726516 1.2858747786344036 0.9080008353276463 0.9400579233788429 0.9098987986362611 0.905629964810047 1.290942861861732 0.9055576211191704 0.9114961203984175
106 1272 0 0 0 1.2846388493129584 1.2740486991232405 0.9399670229182433 0.9140159365593035 0.9260619164356924 0.9031142124170682 0.9357176364858982 1.2944228000222444 1.2798973973245322 1.2916897549998276 0.9194321029790758 0.9136537746028531 1.2909956714675248 0.9071451424878132 0.9392640327281019 0.8996952994992825 0.9110005876186651 1.2878675887556494 0.9150355382777094 0.9152018186364494
107 1284 0 0 0 1.2849692965364854 1.2742170843041605 0.9475839406044951 0.9108245439240991 0.9265139147344442 0.905770920276067 0.9371521499398615 1.3046359428725298 1.2718189781248717 1.2981107620146914 0.9170443579347923 0.9212886037010195 1.286995408219955 0.9138886927289605 0.9287439358135804 0.900875957203194 0.9039411694186764 1.2883665000046445 0.9133116840014291 0.909968844982739
108 1296 0 0 0 1.2864624524669368 1.2906361357505156 0.9291623146614478 0.9108775498738795 0.91598703828448 0.9039560227187289 0.933150136247023 1.2991410803749441 1.2749086424179972 1.29584653411923 0.9208887681314284 0.9105999725384991 1.2855848048644554 0.9133396940581548 0.9344718229991973 0.9028847584925238 0.9148213048509355 1.279471458666925 0.9023125375367794 0.9090910613100919
109 1308 0 0 0 1.2860881014249144 1.2971471570711413 0.9263538131857533 0.9087390733162287 0.9106727302956767 0.9138289330117085 0.936897925420359 1.2921441003818765 1.2780188710753826 1.291223483472362 0.9264737128396463 0.9091385999994082 1.284841769435194 0.9202137873444634 0.9432757739906156 0.9028017780643453 0.9083430699062323 1.2826316707421939 0.9132942095259031 0.9068761521601028
110 1320 0 0 0 1.2880173654459968 1.2922409689221315 0.9151838543674125 0.9091390047490886 0.9058664413846239 0.9062231848950062 0.9314904180479892 1.293357148223248 1.2829541106900357 1.2780161041220826 0.9249091749086773 0.9176397631963007 1.29737923634183 0.9094977602633462 0.9415177731917943 0.9034665925187032 0.9114265670640668 1.2785751714752869 0.9040225878344162 0.904874834441386
111 1332 0 0 0 1.284551281179329 1.2939020085871866 0.9225765262087623 0.9081591555553569 0.9065314879929981 0.9142918305873265 0.9240969035307918 1.2880701163816546 1.2812497811945005 1.2761048522608267 0.9221806724758612 0.9162039964031798 1.2861206566994587 0.9113509939246954 0.9371724237848004 0.9095370403594213 0.9229256227308339 1.2785056029047293 0.9060449383914763 0.9120027813027609
112 1344 0 0 0 1.2797794847806396 1.2972669398055336 0.9290567687144328 0.9025280176856791 0.9012199081069331 0.9084029879199637 0.9219859474248568 1.2875361825924903 1.2851329164271137 1.2817600182189166 0.916398743474974 0.9198338486179297 1.2919153501387801 0.9082325350559765 0.9384093856700801 0.9128348892489585 0.9101989649436129 1.279556394639362 0.8996075780870478 0.9171952483608702
113 1356 0 0 0 1.2793358404699549 1.2929260753031633 0.922798683996901 0.9107726686595209 0.9058858049465279 0.9104895241421728 0.9150908254419583 1.2822293408529326 1.2837805589505136 1.2812003829140057 0.9117342678587461 0.916554346111212 1.2900489136760207 0.907894968483168 0.9284360354991416 0.9106596919423168 0.9057362271551035 1.282501941923173 0.9054440782001162 0.9152122536432409
114 1368 0 0 0 1.2872201659384352 1.290077002344907 0.9222640909663025 0.9175997910156632 0.9058864173747941 0.9132224629875344 0.9215669403922477 1.2907073407456322 1.2896935806473946 1.2804969437439009 0.9173894698176147 0.913656075120061 1.2893890295617823 0.9157526702422265 0.9224876335941657 0.9162805051081071 0.9106695763684901 1.2867364647968298 0.9097396388978163 0.9099173215102346
115 1380 0 0 0 1.2898348571294174 1.2877981995174734 0.9164924278583332 0.9152473503643166 0.9057876889652258 0.9115876547585189 0.9134335384530936 1.2948238914568664 1.2926134095218311 1.2792472633638816 0.9142278658468272 0.9128543800125674 1.2910499772038637 0.9186155091797481 0.9233688022553724 0.9150455813808245 0.9114024130352798 1.2894266519791886 0.9033346571236398 0.9083770677200623
116 1392 0 0 0 1.2929740760547617 1.2861859706384287 0.912536227936233 0.9172352728516419 0.9056977669008963 0.9056184787847233 0.9102829926477106 1.296781193673909 1.2898027299913362 1.2759988843793721 0.9062531621198252 0.9118670664317904 1.2907437599878437 0.9150831060164815 0.921279260078165 0.9131820490801196 0.9108263592391087 1.2935745248098054 0.9004784224706224 0.90693652785809
117 1404 0 0 0 1.2931774862047067 1.2838383569753444 0.9163291525119661 0.9180595884357174 0.9019991367055609 0.90527858528847 0.9135082712113431 1.2911778776908407 1.2882694046795793 1.2801709395407734 0.9086007875388231 0.909345173879697 1.2896738389127687 0.909531716295661 0.9139016924237522 0.9130592548975703 0.9133976949861117 1.28951859748302 0.9022725559336665 0.9087398254612551
118 1416 0 0 0 1.2933044879463456 1.2886825955661512 0.9149389486182099 0.9159246802006532 0.897315352352325 0.9061949519019299 0.9149313170889667 1.283096279077743 1.2929071120438953 1.2810989323932518 0.9121323170316324 0.9175548689139155 1.294372493698371 0.9106841244942907 0.9136049426865971 0.9124346935856855 0.9103787531496208 1.2872051506847353 0.9055787286764245 0.9116423134324535
119 1428 0 0 0 1.2879045218932161 1.2898667803761648 0.9180972562799595 0.9171642272978248 0.8985117229041146 0.8961617702969696 0.9194016791638667 1.2876559676890493 1.2956651495482292 1.283608462649397 0.9093295449815151 0.9145607022812063 1.2923310906170657 0.9048087605262162 0.9163418677491915 0.9056421334770364 0.9130727580210007 1.2838822404489738 0.907556596016099 0.9093926352932343
120 1440 0 0 0 1.2834421982659767 1.2937461459421256 0.9181971371455785 0.9116001575712503 0.9021524335730777 0.9017892058823764 0.914813173983489 1.2851839191287835 1.2964324721104332 1.2889087243731496 0.907879804182432 0.9152645087103113 1.2944340997781227 0.9034421055294136 0.9173707956228968 0.9061552203449822 0.9177064982331529 1.281340825346849 0.9098502111272704 0.9131744180290277
121 1452 0 0 0 1.2817335147156734 1.291360151991157 0.9215938566977002 0.9134283547159506 0.9039485709331669 0.9008251526860115 0.9109683641759786 1.2875048878374535 1.293471780301407 1.2925316516502419 0.9090029277901774 0.909623138857988 1.2934114238850398 0.9125293009369603 0.91582250877939 0.9006327079231483 0.9136896709492573 1.2810409536998915 0.9121831694165321 0.9122793334666496
122 1464 0 0 0 1.2815357490044021 1.2886497006508226 0.9170895132287922 0.9129429948089012 0.9057169778605775 0.9036035432487532 0.9101625557764454 1.283419454021952 1.2917741138336876 1.2900411785199373 0.9067179825588343 0.9093292668247062 1.2955940979691587 0.9164683325773499 0.9116663869912508 0.9000715309272016 0.9126898204482222 1.2821024237329133 0.9122921820016678 0.9107704504422721
123 1476 0 0 0 1.280915347349779 1.2911977770818237 0.9140321222983998 0.9128666648997262 0.9067894238883256 0.9062520938306297 0.9077803605390058 1.2878514432943238 1.2967517422286807 1.2887599122477262 0.904594737423366 0.9089198784708756 1.2973790004905872 0.9141162001648795 0.9102647862910196 0.9050975971950933 0.9108251376260229 1.287406593488929 0.9087850413773092 0.9103277052730815
124 1488 0 0 0 1.2836737001599365 1.2885466020413021 0.9157732909112702 0.9096781958433763 0.903548232963443 0.9047647752574368 0.9089343745088794 1.2877696530845393 1.2935092616045656 1.2869217030686686 0.9077591616151078 0.9074994073669553 1.29473506198706 0.9104329701003846 0.9158301132784921 0.9057673277437774 0.9116633514066935 1.2875336467286118 0.9092801002883409 0.9155716815493019
125 1500 0 0 0 1.2841118799831681 1.2872954064073665 0.9139508165293463 0.9071746512811301 0.9064962723884764 0.9063616190672872 0.9111128710371734 1.287246406696307 1.291214984788587 1.2833075175759234 0.9086226233707182 0.9119627353898792 1.2880909463283996 0.9144192012421867 0.9148251055027671 0.9047470598457945 0.9089381459826191 1.2911027115678808 0.9111780138780479 0.9184707575831516
126 1512 0 0 0 1.2866974542584215 1.2930164060472695 0.9109718521874561 0.907242253723525 0.9035332625879513 0.9036076353661026 0.9112663733313309 1.2913642158052527 1.2888831942374797 1.284237711815568 0.908192045729122 0.9107434055473724 1.2877293397380987 0.9155886537562469 0.9124315953833317 0.9069624381424221 0.9081453158830313 1.288831858053685 0.9119190394222791 0.9155841362046313
127 1524 0 0 0 1.2870825344227261 1.2899683376538715 0.9132759435588869 0.905575105544577 0.9054716093113085 0.9038899523244793 0.9129014565055538 1.2888313945447876 1.2881237141407447 1.2844077244518064 0.9067664532004309 0.9096153482526368 1.287816146312903 0.9160286164518868 0.9124308973724274 0.9066509816404817 0.905311766636845 1.289429674424509 0.9130314885277087 0.9158530039134695
128 1536 0 0 0 1.283775367411208 1.289076294062856 0.9146184392888742 0.908863994428094 0.9035606466954728 0.9021987045298631 0.9084420352995082 1.2893562467109136 1.2903765556151139 1.2865434873009618 0.9027107832894555 0.9081998368371152 1.2863382059082469 0.9118473902502213 0.9099550852389716 0.9056199732243877 0.9041692651359688 1.2884869230283307 0.9168176852672929 0.9147030199130708
129 1548 0 0 0 1.2850509672591899 1.2922164250278465 0.9150833193188228 0.9037678943083205 0.9035243154254723 0.9011501632001336 0.9094006533027762 1.292615164038894 1.2942503290694483 1.2906992591732915 0.9031772026174316 0.9079973249464126 1.2904176992745036 0.9115007752771642 0.9106890809531034 0.9042183544976246 0.9053614281656004 1.291873890909534 0.916392265776792 0.9119541160378016
130 1560 0 0 0 1.2854990418351318 1.2966408942000127 0.9130969313946837 0.9065184102823386 0.9046795178124228 0.9044043957604236 0.9084589805697725 1.2914457787946312 1.2933353813528214 1.2943975917434185 0.9025219137638043 0.9066564164465343 1.2910548560363044 0.9122690805495449 0.9101796157348613 0.9055497558322536 0.9076433311313866 1.2930493864264159 0.9124653774568089 0.9094790208501686
131 1572 0 0 0 1.286471623118578 1.2948796381154288 0.9150703741433233 0.9069577781685592 0.9027357069867513 0.904950018370787 0.9077637761219762 1.2927435272551981 1.2939071424360307 1.2947062986241162 0.9062605450445343 0.905816100428016 1.2919073874482787 0.9111646965557062 0.9092042786646786 0.9060114034107924 0.9089997478395447 1.2943975835352923 0.9096872929278573 0.9036464553178616
132 1584 0 0 0 1.2868338984379148 1.293183578082264 0.910613706856771 0.9089833122203804 0.9008116542964582 0.9071428994301377 0.9067261945442235 1.2926594289028497 1.2900204623430505 1.2964249757072004 0.9059007646762395 0.90355423426936 1.289354255148564 0.9086293937267271 0.9101208645884408 0.9066295898897493 0.9057640782643784 1.297766505881398 0.9082388284528752 0.9030539626412729
133 1596 0 0 0 1.2871407372917694 1.296142495383889 0.9060350105275924 0.9073248772134658 0.9000158705132495 0.9069858135237873 0.9078454322056849 1.2904706137732203 1.2908290478539557 1.2976752357370216 0.9048141739562129 0.9040273574555273 1.2877025916728664 0.9085825351960455 0.9116745783984503 0.906660171785518 0.9055860486954094 1.2968160377836986 0.9073059610734546 0.902600791830095
134 1608 0 0 0 1.2878232916147765 1.2941516571139966 0.9055980641702022 0.9084381534165341 0.9018295459999883 0.9089347692136098 0.9079635111007777 1.294325165569638 1.2901310870736216 1.298888029430863 0.9060184584383898 0.9058301558700426 1.2877440876338324 0.9101135747570991 0.9103971445995154 0.9084236970836902 0.9041727697737116 1.298559191461611 0.9094090201431564 0.9027545679297581
135 1620 0 0 0 1.2874908934215383 1.2927971470890613 0.9062024309191548 0.9092597249612833 0.9037194776523206 0.9081276855618302 0.9072155024673917 1.2923007211332385 1.290756220940775 1.2944173627362048 0.9077194355944685 0.9072148341107513 1.2903339393653557 0.9134978619130001 0.9078271274154573 0.9085748268087023 0.9026870933092475 1.2975797846240413 0.9070636907535677 0.9044282149247788
136 1632 0 0 0 1.2883742476314375 1.2921071947891656 0.9085913509184687 0.9101730025317606 0.9074236398566531 0.9071598958437983 0.9055521654495012 1.2888993017938355 1.287532233079299 1.2960125659340898 0.9044239878708838 0.9086026787510689 1.2924405599142519 0.9122363306656431 0.9023751947933557 0.9060041295766006 0.9048716653380712 1.298897569833468 0.9053743433404252 0.9050319932685201
137 1644 0 0 0 1.287900495798835 1.2930130231092984 0.9076985924436182 0.9102736238126227 0.905229722375388 0.9044769069163803 0.9058325825203306 1.2883694337932707 1.286755267844471 1.2987672923218536 0.9056548992525292 0.9050269723543306 1.294855503233389 0.911121554957063 0.8998054016655577 0.9048885712852497 0.9066081777287035 1.296594364702092 0.904468443270505 0.9017062443117436
138 1656 0 0 0 1.290242877638087 1.2946181966084267 0.9063434509644697 0.9112893826367443 0.9062963239177482 0.9049789571352006 0.9053377466839889 1.2868254649351563 1.286793479860765 1.2979801033771379 0.9051124128512135 0.9027146389921421 1.2918257090149006 0.9121641825596168 0.9012990513280931 0.9027893123979642 0.906643036689728 1.2968291904069167 0.9038683139273819 0.9060547213469912
139 1668 0 0 0 1.2936535274685947 1.2944254087564244 0.9043396716101824 0.908895244820424 0.903430199892417 0.9050603611407879 0.908153544647311 1.286783357497997 1.2887431400231528 1.2983596329434481 0.903773838511481 0.9024565421571106 1.2907792428002873 0.9121588545019299 0.9045049609563198 0.904666661443552 0.9053059565054794 1.2979007433728202 0.9053190782210486 0.9064567224475238
140 1680 0 0 0 1.292602650042618 1.2963013421741076 0.905080050895033 0.908623823821771 0.9050922608071023 0.9051073773156716 0.9105721589249057 1.28541169777674 1.2892324167836533 1.297270474906525 0.9051545961851223 0.902882309014443 1.2927645799851901 0.9094843036180049 0.9069053797430189 0.9070201445092505 0.9059131828098292 1.3012043830137043 0.9071279253663758 0.9072119918801894
141 1692 0 0 0 1.2937522208539483 1.2976569371766813 0.903789043185516 0.9072134277899632 0.9042181395172562 0.9056466920017445 0.9084220506652608 1.2868283387609862 1.2913260409237617 1.2955778547688963 0.9026007303305054 0.9030452917406709 1.294846041271027 0.9080836620650228 0.9075453929008381 0.9029871524599865 0.9053610609322621 1.3004521824434718 0.9064601954515702 0.9029491816179496
142 1704 0 0 0 1.2905239796061132 1.2967755577830598 0.9042380173102414 0.9053054829984223 0.9023525895006226 0.9064346235782386 0.9080358249494935 1.2870824431299428 1.290870486609959 1.296979535953743 0.9037748842060324 0.9039221235278242 1.2954537897894325 0.9079461752401676 0.9093354210488748 0.9032085359126513 0.9059771864842701 1.29687998404756 0.907854548563247 0.9043693854227602
143 1716 0 0 0 1.2901084069452653 1.2952137119808156 0.9057821466756634 0.9081527422061073 0.9047505827297078 0.9063995331897672 0.9072887315902668 1.2880920175206525 1.293137047308143 1.2957611397513993 0.902510559601633 0.9046502625527107 1.2954864541989184 0.9082803279275424 0.9077649065368145 0.901476076607939 0.9064136492997003 1.296078997696572 0.9088604176330629 0.9027745813973868
144 1728 0 0 0 1.2908323525113419 1.295123131567967 0.9074112849090945 0.9078272361408077 0.9013504889160707 0.9058938555234225 0.9081362942917705 1.2890956525272348 1.2953540445364091 1.2965494547119643 0.9025839593253567 0.9026508473375591 1.2969613957930968 0.9076513289024817 0.9049865065562654 0.90269879109892 0.9061691460379341 1.2951993267294666 0.9062251351770079 0.9024725099454622
145 1740 0 0 0 1.293712694856644 1.2925663550919086 0.9067753147704178 0.9062108225311013 0.9012428717860382 0.9057840803681687 0.9083927514002943 1.290056818022987 1.2934365479354573 1.2981539922448044 0.9033510109929207 0.9040307929273341 1.294516992432214 0.9083180368217865 0.9062368867653787 0.9020517721720605 0.9062652764451822 1.2939528686849964 0.9068135507898079 0.9026236944608506
146 1752 0 0 0 1.2929608826719488 1.2946926537557553 0.9047013456200595 0.9069723356006242 0.9025298248811233 0.9032608484302673 0.9074436866368704 1.2904803988844844 1.2953005972024363 1.2985183704297836 0.9022872855864409 0.9043147866200177 1.2943740444735963 0.9084852799340642 0.9032511605290315 0.9037861880372519 0.9084691583708773 1.2968238854966345 0.9078054112390175 0.9034727615079983
147 1764 0 0 0 1.2948965772702616 1.2950667457027993 0.9045946932003353 0.9049313286416054 0.9022474116855155 0.9041314332024222 0.9073613676143166 1.29133773655067 1.294710456691176 1.298614874178026 0.9017219582156968 0.9061866028659633 1.2918630997172542 0.9070015665142903 0.9066516763091166 0.9034546399192801 0.9094997355117302 1.294837207943084 0.9054702072370718 0.9018697693200405
148 1776 0 0 0 1.2951353599355178 1.2946434403812206 0.905974084672127 0.9048412859840522 0.9017510443635892 0.9041834829913026 0.9088244051067658 1.2917116644442244 1.29429993655578 1.2990511859555436 0.9028300046008396 0.9053077361880925 1.293682612537883 0.9066023178320011 0.9065518602426909 0.9035929513777332 0.908667491199743 1.2948413486788815 0.905661818771263 0.9034137628497526
149 1788 0 0 0 1.2954938118126957 1.2951309506322066 0.906200629135907 0.9034437398001564 0.9022672640230751 0.9062879455409572 0.9077188693935881 1.2927717692961154 1.2955322170979815 1.2984396542595542 0.9020990767047368 0.9045455056183811 1.293004480208944 0.9077440863474353 0.9055551172901637 0.9037630731910498 0.9069444762216248 1.2961944966718235 0.9040882770140957 0.9033918543522759
150 1800 0 0 0 1.2961157043063551 1.2947015244442823 0.9061272513648735 0.904997795457157 0.9036803170034415 0.9062856707945869 0.9077002929457985 1.2929345105311303 1.29534112520137 1.295076469893263 0.9024434411361156 0.9034808643017275 1.2929307019648486 0.9074551880769577 0.9042509052906479 0.9035956360850911 0.9062617897456585 1.2954140095545517 0.9035651678850108 0.9034713958712337
151 1812 0 0 0 1.2955923867179282 1.295717837319908 0.9033294363838801 0.9053780536388173 0.9030515763809848 0.9059188844865568 0.9057385539056513 1.2933896135708165 1.2956877779306775 1.2937897701010044 0.9035522776961472 0.9018514302982931 1.2946927243819764 0.9059266581607283 0.9018873733656398 0.9029526549809606 0.9055647618873601 1.2975606338491028 0.9012647980069464 0.9031152504223715
152 1824 0 0 0 1.293767188759085 1.2973154258977 0.9017141381724817 0.9049491183332877 0.902582866355493 0.9065397321090344 0.9037714560789352 1.2949268924933532 1.2949651792954333 1.2956507508204207 0.9039344518281238 0.9015825252713563 1.2954170658255826 0.9050195912766907 0.9027264234921505 0.9054541351499884 0.9054592181586124 1.2974861888216924 0.9015203634628868 0.9033926982799467
153 1836 0 0 0 1.2941812202206966 1.2968460598133005 0.9020702409250848 0.9036307230511174 0.9038088979388984 0.9067996783625815 0.9045917101752923 1.2938844250360224 1.2949333669257064 1.295452132029615 0.9056988577378748 0.9015056485155963 1.2971010533195508 0.9046533153346078 0.9037576685231993 0.9040060647067664 0.9058531228293614 1.2963163108811542 0.9015477814316947 0.9014690725073484
154 1848 0 0 0 1.2948886896777096 1.2970291786708876 0.9024334013847977 0.9041191214550043 0.904618010703945 0.9052242996156643 0.9037225762258465 1.2938779295135654 1.2956212052095417 1.2948250898580307 0.9059842012224418 0.9018900133859263 1.2968521792217524 0.9040298587188635 0.9036497114583043 0.902341251926512 0.9064509682673921 1.2954828344973226 0.9020554249885125 0.9017207516065119
155 1860 0 0 0 1.2947620395961763 1.2974526398466504 0.9030767474814508 0.9037456851204044 0.9043780504701308 0.904037623091777 0.904201705562352 1.2942391964797813 1.2948929758214651 1.2938145263871195 0.9050746668197229 0.9007238784055019 1.294594771849553 0.9032177584602146 0.9019102995212025 0.9030421599321234 0.90561464073573 1.2958630416747157 0.902950686899111 0.9034114335884498
156 1872 0 0 0 1.2940284688908685 1.297444536920121 0.9032876304159083 0.9029344681008389 0.9051253209003187 0.9048625926489008 0.9043927997831676 1.2956139001225744 1.2951480353661653 1.2939380503773736 0.9055851311606564 0.9002159380320125 1.2948803698391644 0.9024029571885815 0.9027433994996911 0.9034514204255818 0.9063964162816175 1.2959951002764813 0.9024213534075602 0.9031266658247387
157 1884 0 0 0 1.2945560886236607 1.2975852320653065 0.904684043484206 0.902850437474479 0.9042479799603613 0.9045367455818141 0.9041085259064948 1.2961345235614203 1.2946304274747251 1.2938247721897735 0.905938995807079 0.9024317395371088 1.294791106932975 0.9040548352770352 0.901388768569183 0.9035903267785477 0.9061371756836631 1.2955029399074238 0.9036271956390824 0.9040156062255854
158 1896 0 0 0 1.2950026064363094 1.297809789961124 0.9042703540884538 0.903668282891421 0.9039867951137266 0.9040792176091856 0.9039120598469351 1.2959113468616232 1.2955026546511224 1.2943198433803877 0.9050299433772185 0.9019329125996136 1.2962704594735013 0.9053834214264562 0.9017506688508612 0.9022819069310895 0.9051177947349709 1.2942195486519255 0.9033082483919916 0.9033790381922833
159 1908 0 0 0 1.296124820176081 1.2980623364763446 0.9027664389630956 0.9021203800221728 0.903924198700963 0.9047169886164858 0.9048620785142228 1.296175754700438 1.296389956948059 1.2948597570380218 0.9051743244166361 0.9027483324365083 1.2975758562124515 0.9041522036981234 0.9020845239197819 0.9027606747061311 0.9051247670111051 1.295308191855987 0.9034870929217853 0.9019096901664412
160 1920 0 0 0 1.2971055939786769 1.2974623566533052 0.9026559141196937 0.9018351003189377 0.9034795982452573 0.9045916852240683 0.9050071956725554 1.295981328530318 1.2961318462841815 1.2943121969152265 0.9025706532032088 0.9021837954696832 1.2968311659661798 0.9042921946428358 0.9028033898906764 0.9025801068918315 0.9038791188812648 1.2941415157712566 0.9032400802418058 0.9019190314433281
161 1932 0 0 0 1.2961709616454664 1.2969901386343499 0.9028138413132806 0.901261538066136 0.9024994302100239 0.9041937122290381 0.9057588205954807 1.2951122736474536 1.2970851292496974 1.294686606579386 0.9020812141443135 0.9026827034975219 1.2977715285513336 0.9039927495198086 0.9027710630994132 0.9033442484175143 0.9040299231753662 1.2940219633696142 0.9037407824048717 0.9023918547700969
162 1944 0 0 0 1.2960661221766199 1.2963494413075216 0.9034791177896443 0.9013024370600707 0.9029720671000808 0.9047675777275458 0.9043267585725006 1.2950804955391237 1.2972014028689376 1.2941869370999382 0.9028283497777514 0.9022104502493785 1.2980257456506974 0.9041539372917294 0.902876741394072 0.9028894305454429 0.9041497769951767 1.2951672293275704 0.9030340123309608 0.902871236833673
163 1956 0 0 0 1.296898278725316 1.296426575541515 0.9029419348344011 0.9020431549823162 0.9028061394380821 0.9048600651810589 0.9033935159022366 1.2960543550789596 1.297679215639594 1.293233384232617 0.9035772255028748 0.9017862530737082 1.297259791540637 0.9045775970360865 0.9033288714959183 0.9034474855419738 0.9040841227273317 1.2961647008832238 0.902565342250584 0.903196772853588
164 1968 0 0 0 1.2971760978086049 1.2970571316177846 0.9035967476850622 0.9022301231662379 0.9034723321228912 0.9041969154435894 0.9036985158880031 1.2957508339206905 1.296756140827549 1.2934826358000937 0.903675470201422 0.9010679401472751 1.2963329820404008 0.9046480491270449 0.9032224827446661 0.9034496816781171 0.9034828692337569 1.2965259292851534 0.9027412456376036 0.9039947444221856
165 1980 0 0 0 1.2978589757209047 1.297075144685843 0.9035356096732968 0.9020470771478488 0.9032833495186141 0.9036778489327845 0.9039079161690509 1.2953951376535555 1.2972128396158025 1.2948929723806266 0.903547196582708 0.9016381052713497 1.296150383103577 0.9043267548091977 0.9030156137718903 0.9035046079435789 0.9036352305668311 1.295624539101577 0.9031134819205812 0.9035525247535876
166 1992 0 0 0 1.2971267099245092 1.296424359088529 0.9045753637522836 0.9022225971046346 0.9040150737784783 0.9036915995498959 0.9036495142587346 1.2957292486289862 1.2970932610696184 1.295053399332571 0.9031889332961792 0.9018414156228522 1.2963283455062549 0.9042400276315815 0.9032703171826406 0.9031410804361725 0.9039472383687439 1.2961279607183658 0.9036366816252114 0.9037203225978542
167 2004 0 0 0 1.2968439389770723 1.2970980570452622 0.9044513712162809 0.9023195097638422 0.9032821802072784 0.9039753888065013 0.9033545811367567 1.2961914905193104 1.2978022451345856 1.295404213686091 0.9035954894928442 0.9023015546922442 1.2967977014838041 0.9042487299323351 0.9027211387549977 0.9028580399275636 0.9041708664622412 1.2964901178381776 0.9031447593731114 0.9037521568157302
168 2016 0 0 0 1.2962880127808123 1.2969414045697927 0.9042610174137109 0.9032471884695243 0.9037196300724462 0.9038530645349708 0.9033017099889004 1.2960598620380106 1.2981160757382784 1.2961028553831564 0.9029128510176272 0.9019659286925845 1.2970587403188256 0.9042412138428931 0.9020688518686665 0.9030363761332616 0.9041089724617343 1.2956887876380585 0.9034296846286515 0.9041239396435725
169 2028 0 0 0 1.296282412463353 1.2975766756117326 0.9035522535331115 0.9027611134926629 0.9035550362503181 0.9043185628318645 0.9032646985442014 1.2965519100654062 1.2977235240206246 1.2963123769840827 0.9026902575730487 0.9024572736940789 1.2970338492075368 0.904189061918228 0.9029835271850134 0.9026345952377823 0.9041373251124384 1.297121201420212 0.9034930479627963 0.9045302030977422
170 2040 0 0 0 1.2963976741823446 1.297120658237616 0.9034954199466783 0.903173201237937 0.9036514507319535 0.9039869064567003 0.9029778514897165 1.2964816476620094 1.2980754245467616 1.2961805889692888 0.9028337903645903 0.9030367621947799 1.2969855488337583 0.9031400135557572 0.9030571220159281 0.9022424634973184 0.9038000361755877 1.2969238541385433 0.90356998080498 0.9041905596344136
171 2052 0 0 0 1.2969789702831764 1.2972254315146399 0.9034410368436279 0.9038211018151604 0.9034301439038096 0.9045859174000679 0.9027163454899563 1.297006089880555 1.2971574594503716 1.2967905474726238 0.9028291572128951 0.9026348506685916 1.2967222138993484 0.9037031276010467 0.9030000774643664 0.9021078600264965 0.903964287037408 1.2970866150929474 0.9036467203458824 0.9035188212339802
172 2064 0 0 0 1.2964978707107744 1.2969008784405287 0.9037479096381181 0.9041461329407982 0.9033499774650012 0.9036502927248358 0.9030163890577233 1.2979744667688404 1.2968837880862971 1.2975214600790865 0.9023693351873584 0.9030268450040455 1.2970342137484667 0.9033285170230548 0.9035225722338517 0.9020591381715879 0.903906723334708 1.2965862746037793 0.9035411060072165 0.9030998691819704
173 2076 0 0 0 1.295730169483102 1.2965366583791593 0.9039171810939693 0.9041466087756032 0.9034110100872758 0.904180514206203 0.9031311036831368 1.297291863294175 1.2962828660407233 1.2973188031007952 0.9027180696966034 0.9036188993288446 1.2974364945609174 0.9041703933081281 0.9031954351324131 0.9023599289528969 0.9036588450389889 1.2961333807036512 0.9040169991553617 0.9039152998204418
174 2088 0 0 0 1.2959017245457922 1.2969387675228143 0.9032847109235028 0.9038034267277624 0.9031328656449701 0.904356330634893 0.9029570533295614 1.2964396064098413 1.2957534190130007 1.297618515417005 0.9016675521269987 0.9039520611631318 1.2979569141816156 0.9032254622625518 0.9035041856815956 0.9020176928382904 0.9037655393069015 1.295714384110449 0.9035064880622716 0.9037767982343445
175 2100 0 0 0 1.2963466836947326 1.2967242245734285 0.9034010523288165 0.903942192103364 0.9032490537918996 0.9044275723030784 0.9035912767127604 1.2965626644528474 1.2967444021760954 1.2968060125099405 0.9024751516978414 0.9044050925586135 1.2979089306786704 0.9030463489742111 0.903848799572964 0.9024156594583066 0.9045787461154537 1.2958793628468943 0.9035299992608634 0.9033053170295766
176 2112 0 0 0 1.296345764127099 1.2968339512658937 0.9031242835371123 0.9036558342992924 0.9030827230033381 0.9042427837945499 0.9037511599495938 1.297172899026276 1.296264262973123 1.2968734782714524 0.9017860096128951 0.9037571791908839 1.2976928594428618 0.9025566018748864 0.9044722350352643 0.9025512778648134 0.9039629617491577 1.2961557085479007 0.9035691591548798 0.9039314613344894
177 2124 0 0 0 1.2967579352674352 1.2974359184527668 0.9026594751580983 0.903529318181896 0.9034002163272951 0.9037637463401261 0.9033731106293842 1.2975658283664453 1.2965061318617388 1.2966829635161983 0.9022482550985482 0.9041027422917413 1.2978240110732149 0.9028745372439161 0.9032910390441009 0.9027428533599211 0.9037645152395613 1.297197230951432 0.903595590668785 0.9035969254423476
178 2136 0 0 0 1.2969961046558671 1.297244417603439 0.9024298170615264 0.9032700772229372 0.9033776670057166 0.9033758438368384 0.9031282078425322 1.2975034652132325 1.296504741684613 1.2965737310847654 0.902245002451685 0.9035680547741589 1.2981437634218278 0.9030220374268573 0.9033133766549063 0.9031150434764192 0.9035924190852576 1.2968460649890758 0.903474225706599 0.9028890156634514
179 2148 0 0 0 1.2968059176290132 1.297848241769439 0.9024611167591206 0.9027675215075606 0.9033510137139765 0.9031344940743626 0.9031932714361507 1.2978417879468482 1.2960982512282286 1.2966810666596742 0.9022333436499813 0.9032919149256199 1.2976787824286482 0.9027621618922362 0.9037584947689637 0.9029346516492908 0.9032930828498247 1.2967734391604429 0.903530128350165 0.9026678098277802
180 2160 0 0 0 1.2972723191337707 1.2976843998571461 0.90297260090389 0.9032158045664654 0.9037686818550819 0.9037525555509381 0.9032421354483113 1.2976467517593548 1.2962232540553302 1.2967763654226867 0.9021862617722866 0.9035852124935402 1.2971196194169607 0.9030247921808401 0.9033699631289295 0.9026010930363914 0.9035185841733318 1.29673180899791 0.9031066410472712 0.9027096112444561
181 2172 0 0 0 1.2974306897903942 1.2973524022100615 0.9028361410967544 0.9030188430766927 0.904003130468739 0.9033967954403852 0.9029976241855362 1.2972806576937377 1.2963328611536569 1.297154423605712 0.901778683970748 0.9029017950901209 1.2970038922888294 0.9028284728556737 0.9033079222941628 0.9024551873853187 0.9029679363617947 1.297194807488478 0.9032567753805736 0.9028475183009143
182 2184 0 0 0 1.2975651906461474 1.2975446500364398 0.9026323391805748 0.9027508819919683 0.9033476503967716 0.9030383134088618 0.902977604719122 1.2972942384097008 1.2968037843405893 1.2973074756433647 0.9015477390798062 0.9026396415081793 1.2972598700424935 0.9022927317070493 0.9028999405205168 0.9021126213290034 0.9030720999946071 1.297152462670963 0.9031415366364688 0.9024937573825057
183 2196 0 0 0 1.2976580042682788 1.2974118656653892 0.9026314193043963 0.9027050458835373 0.9034688013000456 0.9026393588047719 0.9025003383751222 1.2974682440209668 1.2968349472670313 1.2972427647305207 0.9015883712835858 0.9031202014607562 1.2971797897958113 0.9026167903039335 0.9026825991574982 0.9023159305391163 0.9030982387692436 1.2972404793434613 0.9030444983184311 0.9025162059231228
184 2208 0 0 0 1.2973670051321866 1.29704367019498 0.9028024180165872 0.9028470854814921 0.9035157541353822 0.9028434684613599 0.9022747237043679 1.2978473282482337 1.2969300003556157 1.29712394055453 0.9018747333469438 0.9029210710407792 1.297634013574666 0.9029459191644749 0.9027713099034332 0.9025460485196719 0.9032416405454347 1.2974352536555798 0.9028468779009685 0.9025731110174069
185 2220 0 0 0 1.2972588929365858 1.2970768276896203 0.9027061415728416 0.9024995936769865 0.903153305343433 0.9030800270079399 0.9024386221065951 1.297674033894675 1.2969618757983556 1.297071823015171 0.9021290420102906 0.902811728035726 1.2976912792232471 0.9028034742409081 0.9025424101556578 0.9027118663043624 0.9028912272693408 1.2972011850777785 0.9025647562235483 0.9026123920785754
186 2232 0 0 0 1.29711437512193 1.297157260850719 0.902618790033572 0.9025502345616357 0.9028726192946769 0.902955446824994 0.902210809746586 1.2975293220036384 1.2969718916459239 1.2972831067805708 0.9020066653274561 0.9031569905645287 1.2980879758376265 0.902893441110285 0.9025311439877178 0.9024811932140135 0.9029461614001427 1.297371893768109 0.9028997843708456 0.9028793858165914
187 2244 0 0 0 1.2973736077958276 1.2974975473107997 0.9028691541535381 0.9027007733482277 0.9029355897416874 0.9023917633118078 0.902252799447377 1.2979600625764338 1.297115348909131 1.2967934044581004 0.9025112029817091 0.903118226976602 1.2981362625386377 0.9029577118134484 0.9026203053238044 0.9024342042081016 0.9029778723014733 1.2974069405302788 0.903079176274782 0.9028494981227326
188 2256 0 0 0 1.297239069078996 1.297774690636008 0.9028402524291205 0.9029767433674065 0.9027963777222191 0.9019669957291948 0.9023865239040088 1.2976455381850727 1.297158682307319 1.2967161858153504 0.9024419572284992 0.9025132578788332 1.2977779305561694 0.9028884722390803 0.9024771313127408 0.9020852190238636 0.9030780594724626 1.2974302816060361 0.9028649418653909 0.902499731556524
189 2268 0 0 0 1.297187346583467 1.297599944956173 0.9029122789340579 0.9026848967958797 0.9029803170258891 0.9023690366980697 0.9026517331944728 1.2977305832027883 1.2974251216025163 1.2968119544489578 0.902365967048794 0.90242568960768 1.2977176612581085 0.9026794241585524 0.9024652029068092 0.9021631958354192 0.902930291152563 1.2973605816902858 0.9030821395250476 0.9025809627286489
190 2280 0 0 0 1.2973532773628538 1.2974572047473507 0.9029603561358679 0.9024244273174764 0.902460040904086 0.9025625683538269 0.9027504785767165 1.2975709692177926 1.297466139769455 1.2968750007701444 0.9022080543974542 0.9023543216762895 1.2977168226335265 0.9025287210257561 0.9022941904014511 0.9020987927327726 0.9027343619204168 1.2973329081050413 0.9030690991701632 0.9027390009615897
191 2292 0 0 0 1.297597283473877 1.2974031062552653 0.9027559273340721 0.902512551309144 0.9025203640047724 0.9024547600874155 0.9026723406387952 1.297481914761318 1.2974084320819608 1.2970496510453369 0.9020610176690305 0.9021457143355253 1.2974132571366015 0.902537308454843 0.9023501546703453 0.9018946862596683 0.9025591082358293 1.297325049516804 0.9028608120222812 0.9020320726025497
192 2304 0 0 0 1.2977181043397958 1.2976288268404208 0.9028290881583594 0.9024655506767572 0.902621364363253 0.9029371183672122 0.9023768986971432 1.297338464419905 1.2976615468757693 1.2969757902327304 0.9019756690404586 0.902519769207665 1.2975673218059816 0.9025539851164898 0.9023090650302665 0.9019726371232648 0.9023079236997313 1.2974149212614554 0.9027280670718382 0.9020739542238579
193 2316 0 0 0 1.297495557010644 1.297864812083264 0.9027529830311805 0.9025608185784346 0.9025240075146325 0.9027547725020744 0.9024776665895504 1.2976318317920843 1.2978852463356527 1.297051984640295 0.9019475996729498 0.9023639194440497 1.2980377783480392 0.9025121432809251 0.902290596722618 0.9021494357322123 0.9021306275271127 1.297641364359983 0.902509912609268 0.902276626219438
194 2328 0 0 0 1.297514534536347 1.2979020549922335 0.9024316454112854 0.902704248236711 0.9027072467518198 0.9027619246661168 0.9026470301147047 1.2974692240751733 1.2979873679477838 1.2972177020602191 0.9019203918973044 0.9024428454077359 1.2979732021428612 0.9023862197069304 0.9021867235393675 0.9021271460971759 0.9020908589773636 1.2977872768664689 0.9027709770244354 0.9019149812685935
195 2340 0 0 0 1.2975484736925214 1.2977994180878902 0.9025184325619325 0.9024509438762083 0.9023843531787671 0.9024369137284953 0.9025302309414515 1.2974064910439298 1.297887177576845 1.2972330808010444 0.9022440676970359 0.9022990107366544 1.2978100561569432 0.9021747608978755 0.9022837323941025 0.902177494417266 0.9018765763968944 1.2975934620572966 0.9026674153130863 0.9017540388698115
196 2352 0 0 0 1.297819205267681 1.2979783943926646 0.9027052428668162 0.9026245374129922 0.902590937796183 0.9026055918939132 0.9025122189575738 1.2973593979057902 1.2977399488032721 1.2973611441406567 0.9020930209994493 0.9020147795473296 1.2976897142256913 0.9022275987406446 0.9022219496812757 0.9022065108268674 0.9017652469551753 1.2975236201206102 0.9026464756920345 0.902023634687712
197 2364 0 0 0 1.2977037040531068 1.2977941412211231 0.9029451083514056 0.9024451529803207 0.9024148098128301 0.9027033073853333 0.9024503497561792 1.2973655284447272 1.2977557977496614 1.2973705794906503 0.9023255011996715 0.902086694126969 1.2979376191755567 0.9020818796042754 0.9018938917355155 0.9023302942313101 0.9020906679017932 1.2976734171083697 0.9024994681983263 0.9019753765358653
198 2376 0 0 0 1.297518237709124 1.2979401773039456 0.9025797368311106 0.9022116252453171 0.9021813024684743 0.9029257627736231 0.9026099724080034 1.2974016356705633 1.29773108143767 1.2976204332798993 0.9024268679970636 0.9020227920203878 1.2977212683043795 0.902118688486146 0.9019634040938349 0.9024005520277127 0.9023480638417241 1.298034773658549 0.9023624677269942 0.9019553856108533
199 2388 0 0 0 1.297404058747833 1.2977785765718342 0.9024196054265662 0.9020771842586814 0.9022553454882615 0.9026752599017885 0.9024245788344568 1.297339484782908 1.2978952828499746 1.2977802407923131 0.9020832597847884 0.9019779429109969 1.2979111725714787 0.9021465467210756 0.9020989261147173 0.9022701549414357 0.9021572051574119 1.297851572390643 0.9025131079140403 0.9019373110754346
200 2400 0 0 0 1.2973885741291973 1.2978652665003296 0.9024838040095776 0.9020069030355948 0.9025329811869505 0.9026109504288274 0.902271732992602 1.2973660958052637 1.2977851121343216 1.2976741459396832 0.9020570835242143 0.9020466177430491 1.297920193143108 0.9021120606690436 0.9023324667006366 0.9020526913380367 0.9022163170295326 1.29778068343805 0.9023075888211513 0.9019385086603523
201 2412 0 0 0 1.2972812187140286 1.297714699218156 0.9024132198086272 0.9019042821978156 0.9024778016440161 0.9024656776350637 0.9021406981019002 1.2973194429952564 1.297966268126161 1.2976426426256866 0.9023107791270303 0.9023211854738838 1.2980246657347871 0.9022669426839867 0.902281400106684 0.9022806434781869 0.9025283883640594 1.2977736723786706 0.902376665453608 0.9019279978798957
202 2424 0 0 0 1.2973414409353405 1.2977789690894612 0.9021588756971206 0.9019878103323467 0.9023161326096508 0.9024311642958525 0.9022045922702269 1.2973970581988716 1.2979460212367921 1.2975223872761288 0.9022507361361237 0.9021720868700127 1.2978450420057943 0.9021540445609827 0.9022393527893008 0.9020409752422496 0.9021557792350192 1.297744097235558 0.902476446064059 0.9019327083001073
203 2436 0 0 0 1.2972847686764266 1.2977515830410808 0.9022002815194068 0.9020637295510396 0.9024289854234299 0.9025151199463195 0.9020125696787648 1.297434622583374 1.2977917482337578 1.29760698471468 0.9023769800825011 0.9020592983773585 1.2977705868061356 0.9022421043228248 0.9021667581254582 0.9020971376233444 0.902069989960706 1.297888036836888 0.9022589342127105 0.9021424930171085
204 2448 0 0 0 1.2974577522588993 1.2976559563121133 0.9021951337674655 0.9021508864327177 0.9023600138088952 0.9025263820126836 0.9020542314982846 1.2974579992435993 1.2976872067068415 1.2975009753079236 0.9024564877371335 0.901935860722653 1.2978433447630446 0.9021942114674935 0.9021296548094424 0.9021585956593716 0.9021502096178883 1.2977681616843761 0.9020189142096328 0.9021863454005354
205 2460 0 0 0 1.297627861085722 1.2976942260898277 0.9021748910722456 0.9022346416346269 0.9024289008763954 0.9026428320959768 0.9021835193445145 1.2974407232126237 1.2978552626844468 1.2972965735901099 0.9022103279777949 0.9019288634544426 1.297746384355894 0.9022185227745204 0.9021193041836127 0.9020635405938916 0.9021071647480432 1.297689359957471 0.9020776074740511 0.9020970190888172
206 2472 0 0 0 1.297670500441466 1.2977956892556586 0.9019994790760362 0.9022117729167939 0.9024813609851688 0.902586120584478 0.9020692946810441 1.2974682472146986 1.2979819133025028 1.2974845167270275 0.9021492103157006 0.9021756672893839 1.2978414832225806 0.9021171408969033 0.9019849847680947 0.902013063940823 0.9021194385838304 1.2976074460890148 0.9018515411621478 0.9020236408870409
207 2484 0 0 0 1.2975695255583803 1.2976727280747533 0.9020617895626983 0.9022209122159283 0.9025519184643988 0.9025619563588624 0.9020324091404381 1.2975732174661685 1.2978281404169592 1.297677467972696 0.9021045341959072 0.9021675765814643 1.2979852042814979 0.9020258016542275 0.9020475274785588 0.9020515532144924 0.902109354396617 1.2978095966710346 0.9020404003666181 0.9020118932957017
208 2496 0 0 0 1.2973835037300687 1.2977163766114703 0.9021515965638583 0.9020798910670692 0.9025655008262699 0.9024310399210624 0.9021937641696313 1.2975566122662054 1.2978945204831673 1.2978330692661695 0.9021616304893686 0.902142859432364 1.298024918119408 0.9021214598906401 0.9020077064796456 0.9019528785469562 0.9022546964410115 1.2978572925254948 0.9022297640432266 0.9021840270576647
209 2508 0 0 0 1.297585232469918 1.2977110128871345 0.902208883126913 0.9020600578725717 0.9022781352104438 0.9022751598313545 0.9022478236959711 1.2976939759318709 1.297881348224258 1.297830751918747 0.902148056566264 0.9019890978285963 1.2979619330225116 0.9019800368947661 0.9020762930865831 0.9019693308299648 0.9022317109104022 1.2979718816087866 0.9020424132208715 0.9022072495235403
210 2520 0 0 0 1.2975666387003435 1.2977721970021978 0.902141572097967 0.9019732738344844 0.9022802033469516 0.9022848555519369 0.9022924181161366 1.2977832475267097 1.2980879811753805 1.2978118280610518 0.9022035557283482 0.9019633206378328 1.297869274981893 0.9021254177605842 0.902079537922868 0.9019858841781401 0.9022109314745472 1.297848676054128 0.9022736395737232 0.9023032156848222
211 2532 0 0 0 1.2976208078662592 1.2979028386320766 0.9019959555096417 0.9019973292857084 0.9022189936857625 0.9022538416683934 0.9022695789909172 1.2979600700758953 1.2980175332165396 1.2977737998517778 0.9022025850448447 0.9019383638368481 1.2979297522475586 0.9021188818933653 0.9021362963502267 0.9020146112182732 0.9022738272668646 1.2978733662052357 0.9023324031704434 0.9022425339305364
212 2544 0 0 0 1.2977502038931024 1.2980120500792756 0.9018805961832806 0.9021878751845179 0.9021011735645216 0.9022603786215249 0.90224036929008 1.2980121750016445 1.2980429398125115 1.2977822979710933 0.9021320760189823 0.90182318651942 1.2978857274935445 0.902135840944764 0.9020155750004012 0.9019471116759988 0.9021545574592127 1.2979012210206597 0.9022296883674719 0.9022879167998329
213 2556 0 0 0 1.297745803094084 1.2979554266965905 0.9019263577233567 0.902190750262437 0.9021035311634945 0.9022247704078395 0.902271315184377 1.2979993283604225 1.2980467797254984 1.2979356310098338 0.9021331750423972 0.9019202046138642 1.2979017036855967 0.9020423830872722 0.9020850312194727 0.902062612614989 0.9022541820294528 1.2980415772647036 0.9021717896743617 0.9023925417690244
214 2568 0 0 0 1.2978497560888396 1.297807831268717 0.9018481069652748 0.902195298496971 0.902065015553674 0.902102187787094 0.9022953323226179 1.297931039167017 1.2979378326931323 1.2978847394880852 0.9021510819534246 0.9020185402598068 1.297924979925242 0.9019532695293555 0.9021329954278697 0.9020219370759628 0.9021261103495656 1.2978644910250996 0.9021210241931085 0.902343376531802
215 2580 0 0 0 1.2978743705835096 1.2977274145602797 0.9019529035526117 0.9020696055561618 0.9020713999116223 0.90196435520649 0.9022151100502299 1.297955508826827 1.2979338595155026 1.297891514867377 0.9021392426722331 0.90197339247842 1.2979994985880339 0.9019177745108531 0.9020996474654305 0.9020071219697179 0.902078970271721 1.2979140582889193 0.9020884153030999 0.9023620004041164
216 2592 0 0 0 1.2979177940955207 1.2977941340138983 0.9018615231343362 0.9020199975427694 0.9020124376774732 0.9020982423051926 0.9021645036111623 1.297918184519597 1.2979902059148938 1.297951410402221 0.9020378039450835 0.9019913831696065 1.298100546408687 0.9019378828018373 0.9020285325346303 0.90195490664266 0.9019756477685951 1.2979586774021938 0.902062660143701 0.9022642466099057
217 2604 0 0 0 1.2978909217500214 1.2977567521724074 0.9020171158594851 0.9020505741634605 0.9019435448465164 0.9019396629147676 0.9020621860693651 1.297978402569714 1.2978535465040173 1.2979644310399356 0.9019907903517789 0.9019517969159717 1.2981143038192102 0.9018401579955891 0.9020349136140876 0.9018766504105792 0.9020419899355266 1.2980298241797417 0.9020085631689138 0.9023352449778022
218 2616 0 0 0 1.2978502768871292 1.2978034496578896 0.9020242596154072 0.902058744218968 0.9018798669437127 0.9019183815566996 0.9019881823570249 1.2979227496174923 1.2979327685707145 1.2979303610939348 0.901999253857542 0.9019020661597682 1.2980768089051764 0.9018134867018416 0.9019299698254309 0.9019176171382438 0.9019579490002423 1.2981040725785824 0.9020763919342165 0.9022281604703132
219 2628 0 0 0 1.2979528809102328 1.297709265508328 0.9019745107459164 0.9019939442428172 0.9017651344801418 0.9019693835861963 0.901996375257345 1.2979744606652501 1.297912440339807 1.2980308733101424 0.9018442469841234 0.9019409713216888 1.2980164545859036 0.9018615449427594 0.9019947315612094 0.9019144888151598 0.9019261173201202 1.2981248501394318 0.9020593348898972 0.9021453980813204
220 2640 0 0 0 1.297923069779167 1.297727033185296 0.9020870503193198 0.9020086386386619 0.9018212358700529 0.9018805520895058 0.9019740656027706 1.297971998457393 1.2980093574205418 1.298011389488645 0.9019062882130324 0.9019037046667446 1.2979946491157623 0.9018102838287767 0.9020578772292742 0.9019007232100884 0.9018851470744 1.2981622977794005 0.9019970579029964 0.9020921211606963
221 2652 0 0 0 1.2980299917617684 1.2976968624609753 0.9020351168490989 0.9019484241754613 0.901825113582557 0.9017638768654459 0.9019047239092788 1.298037683180846 1.298124088945942 1.297904457257913 0.9019075298736823 0.9019759804400665 1.2980429216457041 0.9018347199970503 0.9019866752022185 0.9019308709377781 0.9018597371350898 1.2981243336841262 0.9019062978057645 0.9020086664398226
222 2664 0 0 0 1.298046856787706 1.2977877398408266 0.901996401911803 0.9020263169452247 0.9017938512950257 0.9017718282540689 0.9019540984131449 1.2980998510760147 1.2981316202970974 1.2979982450739944 0.9018378897925751 0.9019644959786719 1.2980468953001743 0.9018030140046852 0.9020560291176692 0.9018963216044037 0.9019363812554735 1.2981242913143007 0.9018819330511044 0.902011926103182
223 2676 0 0 0 1.2980951933263032 1.2978795786007342 0.901811213625907 0.9020180016836259 0.9017523790244631 0.9017660172800845 0.9019808391906463 1.2981866681083098 1.2981235793899426 1.2981225436212713 0.9018205975351253 0.9018782701270617 1.298113081074792 0.9018087024783982 0.9020436308120203 0.9017935719758008 0.901923532081483 1.2982265558732218 0.9018870055224631 0.9020476059211997
224 2688 0 0 0 1.2981910559917553 1.2979723761732964 0.9017564316188491 0.901885531072178 0.9018603799228972 0.9017973796768286 0.9017776605398379 1.2981481865714617 1.2980782012527752 1.2981540827779017 0.9017360461900829 0.9018162033685999 1.2981083258190675 0.9018796449022971 0.9019450807148355 0.9017001858053747 0.9018575723794406 1.298275794001249 0.9019637782277685 0.9018766076653937
225 2700 0 0 0 1.298198199833708 1.2981900957117547 0.9018081097745045 0.901787902458992 0.9019032840384716 0.901795685360756 0.9017141223444536 1.2980105741548176 1.2981080737157271 1.2981356111457378 0.9017032141370263 0.9018961687451659 1.2982806039007873 0.9018903814145594 0.9019077977170784 0.9017301026543032 0.9019101075512276 1.298202687589647 0.9019113850144423 0.9018069427474908
226 2712 0 0 0 1.2981747111745983 1.298101049710974 0.9017596898290529 0.9019015880251909 0.9018365949342558 0.9017141264434633 0.9017761076124524 1.2980608752943263 1.2981978109664332 1.2980614908541657 0.9019897860800551 0.9019677731135765 1.2982536842270955 0.9019264207861859 0.9018973346286693 0.9017967847044513 0.9020026926949679 1.2981578112849699 0.9018571803999816 0.9018563858536254
227 2724 0 0 0 1.2982411097481947 1.298168457785933 0.9016725857747308 0.9018713390496849 0.9018316075242158 0.9017621194911375 0.9017986680732217 1.2981472601569035 1.2981905988755011 1.298141890409133 0.9019739728788566 0.9018782635507386 1.2983327811012308 0.9019291922608538 0.9018690876996183 0.9018495346431475 0.901964067245951 1.2982895624584423 0.9019056404767835 0.901831423338208
228 2736 0 0 0 1.2982751756115125 1.2982750549199653 0.9016415567609585 0.9018836661312054 0.901842312462478 0.9017902841352388 0.9017805235671755 1.2980699906428301 1.298131675963065 1.2982018302662897 0.9019460227866518 0.9018574345184526 1.2982935821513486 0.9018821634782646 0.9018821296664099 0.9017617840663407 0.9018634333441014 1.2982584937252237 0.9019129262190555 0.9019029078737404
229 2748 0 0 0 1.2982969171205996 1.2982343414592508 0.901688358163892 0.9017666473176803 0.9018537657044594 0.9017667489307042 0.9018633778321101 1.2980656577332106 1.298107154162242 1.2982725478023878 0.9018789897246058 0.9018391614204525 1.2983695261601946 0.9018553091362755 0.9019126286067528 0.9017705094926207 0.9017646801890286 1.2981388293455325 0.9019294945821931 0.9018234966270335
230 2760 0 0 0 1.2983633735262061 1.2983029983410261 0.9016160422191299 0.9018630421385961 0.9017635143378466 0.9018000897331201 0.9018528410091626 1.298227409426661 1.298103015774341 1.2982787880594553 0.9019016518796565 0.9017802928682248 1.29830369222002 0.9018833804085206 0.9019125504337625 0.9017539030178064 0.9017090618499197 1.2981829621814531 0.9017669410772594 0.9018137841242309
231 2772 0 0 0 1.2983818231335622 1.2983752610962735 0.9016224162158342 0.901921560431593 0.9017261262220098 0.9018355479787727 0.9018906123326784 1.298222587394672 1.298115434382572 1.298237311865315 0.9018958362329198 0.9017840919305754 1.2982931701739344 0.9018964703875795 0.9017855300044545 0.9017575144505939 0.9017474721191516 1.2981623517616596 0.9017839629686917 0.9018623020099804
232 2784 0 0 0 1.2983060548692429 1.298332724437268 0.9015956813764187 0.9018591267209322 0.90160882496634 0.90176963864915 0.9018407626221353 1.2982434273518808 1.2982179875038242 1.2982425006919727 0.9018996288256269 0.9017253953911918 1.2982231444443286 0.9018353507994937 0.9018158790994159 0.9017901575539473 0.901770045926104 1.2981380365106925 0.901724007232296 0.9017251724627753
233 2796 0 0 0 1.2983265713045509 1.298345870939088 0.901490411161962 0.9018486703471056 0.9016748532431189 0.9018910633216827 0.9018706176268015 1.2982149744408737 1.29829107426265 1.29813007351075 0.9019043956195919 0.9017117005937914 1.298163851972061 0.9018369448279852 0.9016929384781016 0.9017661400158495 0.9018447863007235 1.2981095145222303 0.9017547756118287 0.9017201039418301
234 2808 0 0 0 1.29840358539178 1.2983376540610205 0.9014932049983194 0.9018938427129838 0.9016530137956685 0.9018502635924825 0.9018466229456021 1.298287055157371 1.2982640053188281 1.2981731872867186 0.9018336880615188 0.9017058817373996 1.2982802178340933 0.901851859634205 0.9017571036097946 0.9017709786221613 0.9019087268324653 1.2981646116671746 0.9017821320549302 0.9017359992953727
235 2820 0 0 0 1.2984279943333508 1.2982877249115574 0.9015809922020392 0.9019175758386777 0.9017106855675229 0.9018828026365585 0.9018316703341281 1.2981856822229172 1.2982376151247577 1.298066702784926 0.9019060786540158 0.9017672718706707 1.2982192664713228 0.901912700974553 0.9017605208577312 0.9017174688118732 0.9018249979607931 1.2981295482896842 0.9017468030598562 0.9017326299157475
236 2832 0 0 0 1.2984606969602592 1.298315676084355 0.90166429105788 0.9019122594795214 0.9016551614739281 0.9017923708949283 0.90175170623521 1.2982184930763694 1.2982156025527003 1.298126240293721 0.9018671638627226 0.9017037477365317 1.2982145244971919 0.901868839905617 0.9016408235636062 0.901769584091908 0.9017479375028936 1.2981703564742797 0.9017064008162883 0.9017511371108772
237 2844 0 0 0 1.2984106836085232 1.2983245599767315 0.9016596966234911 0.9018478088204631 0.9016789324971904 0.9018333655799297 0.9017594089019074 1.298258000923417 1.2981847821288608 1.2981350278474357 0.9017723636942193 0.9017880530648918 1.2982484611349987 0.9017357742953989 0.9016450939662719 0.9017364934308906 0.9017110741251818 1.2981961947902412 0.9017012077840124 0.9017545672571067
238 2856 0 0 0 1.2983998911542993 1.2983199850484408 0.9016808722247243 0.901768031576963 0.9016472438549886 0.9017875723841776 0.9017818660202355 1.2982120775358978 1.2981963397776723 1.2981988487258882 0.9018404024000807 0.9017541394822151 1.2982040325158783 0.9016640275070694 0.9016593719155248 0.901720768142069 0.9016501757886376 1.2982366589319296 0.9017010219070017 0.9017790703760378
239 2868 0 0 0 1.298350020209768 1.2982798049062958 0.9016059608202511 0.9017789811296995 0.9016564790875934 0.9017841358535774 0.9017091684192731 1.2983119896314856 1.298226682764288 1.298211312225965 0.9017788280995233 0.9017745510793711 1.2982695317560107 0.9016219306272787 0.901634289020235 0.9016671785336476 0.9017374561311693 1.2982211435344766 0.9017030515406319 0.9017093350180936
240 2880 0 0 0 1.2983539929355703 1.2982278007760673 0.9016684554962403 0.9017997252837272 0.9016537408808274 0.9018229653856137 0.9016955773288933 1.2982845888141596 1.298239029957686 1.2982917137528873 0.9017608872844469 0.9017370601996589 1.2982917484690382 0.9016776963022893 0.9016945965956322 0.9016761305784875 0.9017623089952026 1.2982083839668415 0.9016453833203043 0.9017338369432835
241 2892 0 0 0 1.298266048304733 1.2982749114495487 0.9016398849397571 0.901771401420565 0.9016295706464751 0.9017791481592398 0.9017062881225456 1.2982628153691278 1.298311746209671 1.29832565428587 0.9018071253397858 0.9016166666708606 1.2983267798993356 0.9016982943495073 0.9016623841283304 0.9016986269859683 0.9016868676540681 1.298241862826011 0.9016893889688248 0.901716595629285
242 2904 0 0 0 1.298190402364649 1.2982715348030356 0.9016100260671119 0.9017724312510508 0.9016828491154626 0.9018088436807197 0.9016841462775342 1.2983113359966763 1.2982756468626862 1.2983185629180283 0.901755628276112 0.9017091600513748 1.298325200969144 0.9016608089382698 0.9017008321210953 0.9016804355253262 0.9017201586817416 1.2982198819429989 0.9016997569473494 0.9018144143941985
243 2916 0 0 0 1.298184513792718 1.2983168881378426 0.9016433730600217 0.901757306643573 0.901634987842314 0.9018141004689596 0.9016542069959623 1.2983348973592497 1.2982198132289269 1.298318548407072 0.9017496975930771 0.9016642847304357 1.2982964000348551 0.901609832513438 0.9017326370758206 0.9017174197729766 0.9017134472762703 1.2981998305852196 0.9016661694194812 0.9018046070673367
