% # columns="iteration, evaluation, sigma, axis ratio, bestever, best, median, worst objective function value, further objective values of best", seed=268746, Mon Jan 27 17:44:44 2020, <python>{}</python>
1 12 0.18230073954570175 1.000047501128143 -0.0006828171034162581 -6.8281710341625815e-04 0.026342621533053057 0.04749755501128067   
2 24 0.17568980683775706 1.0987818396790128 -0.0028396653267326434 -2.8396653267326434e-03 0.026699191584898696 0.047377878413573604   
3 36 0.16982953394315883 1.173344733702053 -0.0028396653267326434 -1.5494383424033184e-03 0.021245406028387814 0.04671392298277072   
4 48 0.17481140214056254 1.1850020048879166 -0.0028396653267326434 -1.2452835475170397e-05 0.028734005104339655 0.05637336954346512   
5 60 0.17720118392712342 1.2149869057430458 -0.0028396653267326434 -2.1841686361816696e-03 0.0123887315136888 0.06308566330473958   
6 72 0.18212450428986307 1.2471351563340285 -0.0028396653267326434 -8.1032284208501038e-04 0.009161769350862492 0.044222806634541534   
7 84 0.18673080304638778 1.3068244727493104 -0.0028396653267326434 -1.3992557871776602e-03 0.0023785585029051926 0.058816450693825184   
8 96 0.1931645200684307 1.3459368091818094 -0.0028396653267326434 -1.0855723253112653e-03 0.008103766634921683 0.024294183587851736   
9 108 0.1982296942342986 1.3807426016287214 -0.0028396653267326434 -4.2290289646815601e-06 0.025997936942224686 0.07115434429533066   
10 120 0.19564766264835798 1.4247817490560222 -0.0028396653267326434 -3.5970126758408188e-04 0.018448024052849184 0.04758759471017557   
11 132 0.1974917389572857 1.4366206271393824 -0.0028396653267326434 -1.0150296621398369e-03 0.026705331490480266 0.043269190769235716   
12 144 0.1988645414873653 1.465902374373963 -0.0028396653267326434 -2.0643168168464911e-03 0.01484774098248155 0.038295583720145854   
13 156 0.19798942583835452 1.5006329320953138 -0.0028396653267326434 -2.5706096941787450e-03 0.008547408495534148 0.039562994516785965   
14 168 0.19341238369554134 1.5085748413981597 -0.004315005717170157 -4.3150057171701568e-03 -0.001041870833795751 0.025716906513084503   
15 180 0.19023701749726102 1.520400571754908 -0.005016556744752694 -5.0165567447526937e-03 -0.0016671112747543915 0.03024140613153442   
16 192 0.18762395220570344 1.5186843977668243 -0.005226727556383782 -5.2267275563837824e-03 -0.0016376470225453455 0.019054117031575446   
17 204 0.18788650855600544 1.5184289684468582 -0.005226727556383782 -4.1262774739181819e-03 -0.0016825820458083375 0.058188963113404185   
18 216 0.18895768250888342 1.526986412457692 -0.005226727556383782 -4.3356913776052873e-03 -0.0028982953158030456 0.0038076808861213784   
19 228 0.18899095363664706 1.5466547804074007 -0.005226727556383782 -5.0932306273614794e-03 -0.0013767372096173426 0.017293082500896173   
20 240 0.18759775483909902 1.554676813391453 -0.005491815305733163 -5.4918153057331633e-03 -0.002800362084191401 0.045622622958884806   
21 252 0.1786427879042107 1.5531917333005825 -0.009168366060462408 -9.1683660604624084e-03 -0.005616917637543353 0.004783477486178189   
22 264 0.16906440090340003 1.557740870369129 -0.009168366060462408 -7.9970289743587358e-03 -0.00410632591132097 0.0003579476337099985   
23 276 0.16403257184793654 1.54966324316443 -0.009168366060462408 -9.1079979583159575e-03 -0.006649094079541658 -0.001716262536650253   
24 288 0.1610010930969815 1.5597433932686058 -0.009168366060462408 -8.9380728747460655e-03 -0.004547123885888952 0.00010406216583364047   
25 300 0.1565729914197854 1.5764587898597209 -0.009168366060462408 -8.3234779988782120e-03 -0.0035293082520957623 0.006216934753699388   
26 312 0.1470665431861527 1.5655993190738786 -0.009168366060462408 -8.1983915417498769e-03 -0.006478531624374824 0.012605022615698569   
27 324 0.14438621061718257 1.5859409380306122 -0.010068813707414586 -1.0068813707414586e-02 -0.007129693882252535 -0.0031942843810530727   
28 336 0.1443647509429607 1.6053770616103957 -0.010068813707414586 -8.6599106901704900e-03 -0.007016475718828304 -0.001994269416353446   
29 348 0.13985022694947188 1.5907312972530256 -0.010068813707414586 -9.9291876469309974e-03 -0.006139158740994884 0.031144855270559102   
30 360 0.13426415773814604 1.598440195342336 -0.010068813707414586 -9.1578511297187842e-03 -0.007969506852284865 -0.005669459427045177   
31 372 0.12975733639428955 1.614891270470309 -0.010068813707414586 -9.6779024756810314e-03 -0.0075094502457779535 -0.006107673926183075   
32 384 0.12404412716433572 1.6306823627098914 -0.010877494679959106 -1.0877494679959106e-02 -0.008399465131205146 -0.004925020834495628   
33 396 0.1211285849677742 1.642318195044229 -0.01239066761083284 -1.2390667610832840e-02 -0.01023073800072904 -0.007020909515993889   
34 408 0.11685136665572049 1.6519691321097245 -0.01239066761083284 -1.2361031561290120e-02 -0.009026968615607254 -0.0054612746808525596   
35 420 0.10829581803995347 1.6607714709543229 -0.01239066761083284 -1.1718635081559636e-02 -0.009810607374785214 -0.005688505878506578   
36 432 0.10159535795139932 1.6944652114378442 -0.01239066761083284 -1.1857721982346992e-02 -0.01094910492058914 -0.009515271977577247   
37 444 0.09541559785968103 1.7056760772083353 -0.012680275078995029 -1.2680275078995029e-02 -0.011299970384088988 -0.005675777007225755   
38 456 0.08994110405237521 1.720937318358335 -0.014357416156824088 -1.4357416156824088e-02 -0.012959549435860467 -0.01209064673694434   
39 468 0.08509978690588607 1.730674913964567 -0.014357416156824088 -1.3456182998151826e-02 -0.01231911813641767 -0.010837169195804538   
40 480 0.08270481750337035 1.7309575602603668 -0.014357416156824088 -1.3680308523419716e-02 -0.01266183727033792 -0.011138735437782491   
41 492 0.07629487110776943 1.7398282500854194 -0.015009027701629077 -1.5009027701629077e-02 -0.014003018358860246 -0.012752603021268965   
42 504 0.07226211925997877 1.7374880890353652 -0.016216414785875186 -1.6216414785875186e-02 -0.01448669277759804 -0.013808943688803362   
43 516 0.06625922186229562 1.7316185091496614 -0.016216414785875186 -1.4520740140036303e-02 -0.013433605683389398 -0.012257532659052578   
44 528 0.061070512808814384 1.728897035608103 -0.016216414785875186 -1.4891988844864751e-02 -0.01441470444968522 -0.01212054151685446   
45 540 0.056927771804609464 1.7439522450470983 -0.017223341658509046 -1.7223341658509046e-02 -0.016601813668484365 -0.015827683950162735   
46 552 0.05209675611246214 1.7293386092746996 -0.017223341658509046 -1.6781261663037891e-02 -0.01647434990263851 -0.01593710512920012   
47 564 0.048354156918805576 1.725967421218848 -0.017223341658509046 -1.6661173889934967e-02 -0.015919113449567354 -0.01575906428380188   
48 576 0.045713259292082704 1.7608186277669369 -0.017223341658509046 -1.5820153957394605e-02 -0.015294192627855708 -0.015072632540292922   
49 588 0.04574138394030085 1.7417406595266718 -0.017223341658509046 -1.6077989562946388e-02 -0.015702282335510947 -0.01541427341024259   
50 600 0.04628293483647809 1.7440887113462467 -0.017223341658509046 -1.5403081984500711e-02 -0.015091166385488653 -0.01448508177742102   
51 612 0.04691811319965425 1.7503328830636398 -0.017223341658509046 -1.5237404335731822e-02 -0.014857364702657451 -0.014247473539863723   
52 624 0.04554622648230553 1.7597188811287527 -0.017223341658509046 -1.5051981820303664e-02 -0.014762608128939083 -0.014296729227231996   
53 636 0.044893729770411214 1.7716788498571487 -0.017223341658509046 -1.4776640364268002e-02 -0.014407378592666383 -0.014122490820881007   
54 648 0.043773222109728144 1.7732671060403802 -0.017223341658509046 -1.4908812594210450e-02 -0.01453551567274092 -0.014203547475373458   
55 660 0.04162797235907148 1.7730073161614708 -0.017223341658509046 -1.5244023925557104e-02 -0.014953713430104992 -0.014465466761832097   
56 672 0.03850132832038991 1.7901561098736238 -0.017223341658509046 -1.5024731552681100e-02 -0.014803499836372294 -0.01344022848487343   
57 684 0.03675364295730006 1.816814909306196 -0.017223341658509046 -1.4689745046543924e-02 -0.014142128963746807 -0.013884127988010886   
58 696 0.0354524756978011 1.8195774883920754 -0.017223341658509046 -1.5226546048393101e-02 -0.014884545562028345 -0.014687715067262217   
59 708 0.033729695380000826 1.825091183335152 -0.017223341658509046 -1.4460050215477006e-02 -0.014298545273615813 -0.01389687944205667   
60 720 0.03260118145393456 1.8642474846902355 -0.017223341658509046 -1.4745950924492083e-02 -0.014643574347410275 -0.01428063154910605   
61 732 0.03152243717759218 1.899959785042654 -0.017223341658509046 -1.3800934162120155e-02 -0.013616857381061881 -0.013403991060632893   
62 744 0.030722759599698262 1.906101275520287 -0.017223341658509046 -1.3436417930294304e-02 -0.013333598582033267 -0.01323017649764357   
63 756 0.029228419174959414 1.933664234837815 -0.017223341658509046 -1.3123837489185941e-02 -0.013005710941318763 -0.012940277778376315   
64 768 0.028231902430330313 1.911751276815677 -0.017223341658509046 -1.3257311508950511e-02 -0.01311053290062758 -0.012939498945719309   
65 780 0.02713548024196232 1.8886738034034347 -0.017223341658509046 -1.3196879338768468e-02 -0.013093838214130835 -0.012827129062788168   
66 792 0.025811748956726676 1.864381215590288 -0.017223341658509046 -1.3255523546975919e-02 -0.013091231906134737 -0.012948624841728934   
67 804 0.024243974225818293 1.8801620084725996 -0.017223341658509046 -1.2786461766314500e-02 -0.012702210449747568 -0.012577542032372501   
68 816 0.02273466870181118 1.8974045755959004 -0.017223341658509046 -1.2680839494430413e-02 -0.012565509143541742 -0.012475655100564217   
69 828 0.02168232215354925 1.894237899370262 -0.017223341658509046 -1.2422912461606966e-02 -0.012351697108926467 -0.012240672434015321   
70 840 0.020394476416971927 1.9053470224451625 -0.017223341658509046 -1.2630957745037251e-02 -0.012557809870476317 -0.012489921727778724   
71 852 0.019240323859075304 1.9226413375530889 -0.017223341658509046 -1.2529392876375389e-02 -0.012465224185290218 -0.012388795346953833   
72 864 0.01798131600657384 1.9532315446921216 -0.017223341658509046 -1.2296867084185530e-02 -0.012207266886974641 -0.01211002679871391   
73 876 0.01732108697458755 1.9809464147823623 -0.017223341658509046 -1.2118085678442476e-02 -0.012070741639993469 -0.012041985711249394   
74 888 0.016469200763395184 1.971828813804537 -0.017223341658509046 -1.1775619286880245e-02 -0.011732735292316615 -0.01165837303168007   
75 900 0.016062875167504747 1.961916917262446 -0.017223341658509046 -1.1741118978646515e-02 -0.011700554841347476 -0.011659732874115397   
76 912 0.015851231731012876 1.973752374640304 -0.017223341658509046 -1.1606554603201836e-02 -0.011571257157004805 -0.011488865686190385   
77 924 0.015415740718298494 1.9677293036506003 -0.017223341658509046 -1.1232878486710769e-02 -0.01119153649233297 -0.011120363754322581   
78 936 0.015575144542678415 1.9843629352042207 -0.017223341658509046 -1.1275150615725815e-02 -0.011228661800670057 -0.011139181820017321   
79 948 0.0155519287733253 1.9821734055644837 -0.017223341658509046 -1.0845831688863845e-02 -0.010807484818754102 -0.010782969678097658   
80 960 0.01528584092154253 1.9746035005834743 -0.017223341658509046 -1.0890338844606004e-02 -0.01086427810568893 -0.010819140884880136   
81 972 0.01547772792157676 1.975098774048133 -0.017223341658509046 -1.0749594425713209e-02 -0.010730077034309959 -0.010712981753991697   
82 984 0.015028475312790656 1.9678280621298165 -0.017223341658509046 -1.0626536450607163e-02 -0.01058090601567629 -0.010500959114123224   
83 996 0.014575616165770315 1.9571558892767509 -0.017223341658509046 -1.0473227403331087e-02 -0.010429090443354778 -0.0103126071207625   
84 1008 0.01416937498861178 1.9324664402047442 -0.017223341658509046 -1.0120721755646312e-02 -0.010086789177227447 -0.010037914526796135   
85 1020 0.013431578091883894 1.9004363789878287 -0.017223341658509046 -1.0379622178854920e-02 -0.010358811083266476 -0.010336035161133801   
86 1032 0.013228552352859371 1.8817662296018571 -0.017223341658509046 -9.7706868197623871e-03 -0.009739627430739561 -0.009705531166181794   
87 1044 0.013170763234416396 1.8309648253588815 -0.017223341658509046 -9.6389325948284497e-03 -0.009625312989210126 -0.009574665152860953   
88 1056 0.012723187431161272 1.8090007129084191 -0.017223341658509046 -9.5752887976174299e-03 -0.009556606339504944 -0.009527724765149443   
89 1068 0.012279017181313412 1.8058279927253353 -0.017223341658509046 -9.7223129265695280e-03 -0.009715864410748397 -0.009670782646395775   
90 1080 0.011657221676011312 1.8065685832585676 -0.017223341658509046 -9.5729760163218817e-03 -0.0095508710180896 -0.009527355456656958   
91 1092 0.011056727022519438 1.8015046827363017 -0.017223341658509046 -9.3494590242055552e-03 -0.009329667631372777 -0.009298796606188627   
92 1104 0.010517979741010139 1.8248106618560245 -0.017223341658509046 -9.4826077916117246e-03 -0.009475580625426213 -0.009456599987950898   
93 1116 0.009908330760161822 1.8042890858682101 -0.017223341658509046 -9.2547728771883095e-03 -0.009242409776725743 -0.009216916168809331   
94 1128 0.00940615264847038 1.8175233604081704 -0.017223341658509046 -9.0992970143615910e-03 -0.00909391822200715 -0.009079677250399341   
95 1140 0.008773974386874396 1.8199510703237671 -0.017223341658509046 -9.2174547037682606e-03 -0.009204944323707566 -0.009189539241080064   
96 1152 0.00831450910018829 1.8186267542744372 -0.017223341658509046 -9.0432423730573384e-03 -0.009037911568359782 -0.009028235013276112   
97 1164 0.0077963735879868715 1.8231985075144308 -0.017223341658509046 -8.9654598765709324e-03 -0.008957534692260287 -0.008952498467900057   
98 1176 0.0073669312393654885 1.8277207697855986 -0.017223341658509046 -8.7025872579868831e-03 -0.00869815496701176 -0.00869105626357003   
99 1188 0.006932378993135138 1.8203722498863253 -0.017223341658509046 -8.6577734706438335e-03 -0.008652931032023555 -0.008649006282372819   
100 1200 0.0065075925700073005 1.8306574563302433 -0.017223341658509046 -8.6846961494994306e-03 -0.00867885559045754 -0.008674992443203645   
101 1212 0.006315669666254039 1.846801696756578 -0.017223341658509046 -8.7557517373272210e-03 -0.008750387129689055 -0.008740076393086342   
102 1224 0.00607259553092006 1.8769113535206507 -0.017223341658509046 -8.6284615797683258e-03 -0.008620860423085144 -0.008610621107843601   
103 1236 0.0056945471899865745 1.8813956187795149 -0.017223341658509046 -8.6361990325782689e-03 -0.008633452662349942 -0.008619746905234696   
104 1248 0.005546096884562019 1.9113054276478052 -0.017223341658509046 -8.6787989097410825e-03 -0.008675531114588714 -0.008670636372984881   
105 1260 0.0054484685692771356 1.9277853555084494 -0.017223341658509046 -8.6292092411912914e-03 -0.008627350181552031 -0.008617721455929608   
106 1272 0.005284214728053656 1.9514072812845673 -0.017223341658509046 -8.5129750127196750e-03 -0.008510167467268542 -0.008500076450660192   
107 1284 0.005056211758088297 1.986893042699742 -0.017223341658509046 -8.4949337252927977e-03 -0.008492413663684556 -0.008489618957925675   
108 1296 0.004783424903080165 1.9812569397331643 -0.017223341658509046 -8.4295668710669142e-03 -0.008424831421651666 -0.008420271022900785   
109 1308 0.00463323463955628 1.9495949143501181 -0.017223341658509046 -8.3969235365635615e-03 -0.008395239270573781 -0.008387500727136836   
110 1320 0.004470964123788006 1.938706871152701 -0.017223341658509046 -8.3057332422933269e-03 -0.008303047767606824 -0.008300374559048562   
111 1332 0.004356316425942741 1.93247239626815 -0.017223341658509046 -8.2674159280983796e-03 -0.008265684765906502 -0.00826340198043333   
112 1344 0.004387767507635067 1.9233696396307844 -0.017223341658509046 -8.2615288130711596e-03 -0.008259851638134955 -0.008257754921763023   
113 1356 0.004505441893621299 1.922100287374456 -0.017223341658509046 -8.2743475687597819e-03 -0.008272505474442533 -0.008270042333255744   
114 1368 0.0045893247385123195 1.8960991587431926 -0.017223341658509046 -8.1806449035712117e-03 -0.008178467496052088 -0.008175634541831905   
115 1380 0.004642093649747693 1.881695703556657 -0.017223341658509046 -8.1982722180072142e-03 -0.008196676270310172 -0.008194845813513396   
116 1392 0.004625671278885658 1.89486588943694 -0.017223341658509046 -8.1704141653688410e-03 -0.008168634838284212 -0.008165016121233177   
117 1404 0.004582055095813837 1.8988962453202787 -0.017223341658509046 -8.1506853303557648e-03 -0.008147643408788112 -0.008143237668248699   
118 1416 0.004614052572160996 1.9174856777978324 -0.017223341658509046 -8.0959880884158772e-03 -0.008093927021429456 -0.008090249412747505   
119 1428 0.004605189509608672 1.928426485598579 -0.017223341658509046 -8.0747614155708258e-03 -0.008071646959738138 -0.00806994457802444   
120 1440 0.004728122510232903 1.913484674052769 -0.017223341658509046 -8.0310792348337011e-03 -0.008029876784957998 -0.008027158960145265   
121 1452 0.004813053973625869 1.9025855413173827 -0.017223341658509046 -8.0488940239130547e-03 -0.008047195835853862 -0.008040894073734465   
122 1464 0.004838620424080983 1.907256782284328 -0.017223341658509046 -8.0879351206226604e-03 -0.008086067250035052 -0.0080839129564152   
123 1476 0.004787094450523159 1.9023784941411537 -0.017223341658509046 -8.1087311520884053e-03 -0.008105933520311371 -0.00810384921344486   
124 1488 0.004748195642279932 1.8890772055876976 -0.017223341658509046 -7.9893219851495476e-03 -0.007986895136379431 -0.007983278776264523   
125 1500 0.004707673491167179 1.8997573350735453 -0.017223341658509046 -8.0276809403835338e-03 -0.008025110188795065 -0.008023385061485668   
126 1512 0.004642434708199766 1.9154383138809263 -0.017223341658509046 -7.9947073442114651e-03 -0.007992666090047505 -0.007988278455581492   
127 1524 0.00441319510940058 1.9278031099008621 -0.017223341658509046 -7.9798566852806504e-03 -0.007977338548626383 -0.007974613761455987   
128 1536 0.004261129857496109 1.9358260262994917 -0.017223341658509046 -7.9632210892401512e-03 -0.007960936599724577 -0.007957970219034693   
129 1548 0.004155099400757743 1.9525999998316015 -0.017223341658509046 -7.9470142151183212e-03 -0.007945136079906167 -0.007942723062653076   
130 1560 0.004015902985479398 1.9487061635037897 -0.017223341658509046 -7.9665964317191043e-03 -0.007964611023099451 -0.007961570036927825   
131 1572 0.003949848736362358 1.9664351645096527 -0.017223341658509046 -7.9534597612929414e-03 -0.007952175986824203 -0.007950625161891958   
132 1584 0.003879997579490475 1.9406990750329833 -0.017223341658509046 -7.9202157342485122e-03 -0.00791882096075676 -0.007914331360161415   
133 1596 0.0036999491880543517 1.9306253186207079 -0.017223341658509046 -7.9648425994630952e-03 -0.007963150479649482 -0.007960182602775099   
134 1608 0.0035158573168299805 1.9274166431499242 -0.017223341658509046 -7.9288454495208376e-03 -0.007926893847696974 -0.007923998798287696   
135 1620 0.0034446265596283225 1.9328533864317707 -0.017223341658509046 -7.8683646591627809e-03 -0.007866732834853408 -0.0078658095756605   
136 1632 0.0034381081195841343 1.8778511472523047 -0.017223341658509046 -7.8819550243075468e-03 -0.007880999074940307 -0.007878328556723446   
137 1644 0.0034370445950732804 1.8388914050750238 -0.017223341658509046 -7.8551961951845335e-03 -0.007853960135466846 -0.007853167839398888   
138 1656 0.0033943712270290303 1.8205739556182101 -0.017223341658509046 -7.7910785213883465e-03 -0.007790590299744528 -0.007789854290098509   
139 1668 0.0033340616717460114 1.8020951086249555 -0.017223341658509046 -7.7659834436659171e-03 -0.00776428483312505 -0.007762551643392469   
140 1680 0.003375468983949705 1.7948612706801648 -0.017223341658509046 -7.7043076026335859e-03 -0.007703141105286867 -0.007701350270572901   
141 1692 0.0033656024121745563 1.7755433258413202 -0.017223341658509046 -7.7650163056240855e-03 -0.007764096872808134 -0.007762820211806421   
142 1704 0.0033531565122203654 1.7871892129548634 -0.017223341658509046 -7.7489999360196632e-03 -0.0077474067383221734 -0.0077461481440069995   
143 1716 0.0032896045914952584 1.7949196805932714 -0.017223341658509046 -7.6854490485246977e-03 -0.007684453134597119 -0.007682597191000787   
144 1728 0.003264450601142009 1.8080631127247646 -0.017223341658509046 -7.7303451227931806e-03 -0.007729606188833711 -0.007727064967025834   
145 1740 0.003189796176722022 1.8513466403931942 -0.017223341658509046 -7.7506572091149461e-03 -0.007750117819493225 -0.007748730838284322   
146 1752 0.0031193850420197615 1.8711768900804475 -0.017223341658509046 -7.7377488123062292e-03 -0.007735506184133762 -0.007734351703783146   
147 1764 0.003154535412458113 1.8849304204655855 -0.017223341658509046 -7.7495498014887639e-03 -0.007748573447156548 -0.007746342727169803   
148 1776 0.0031946296927431576 1.8869370596770847 -0.017223341658509046 -7.7589977567144447e-03 -0.007757942587417781 -0.007756855231031492   
149 1788 0.0032450610363261856 1.8631789878649108 -0.017223341658509046 -7.6880041930865069e-03 -0.007687235310209027 -0.007684536317776441   
150 1800 0.0032363856912891284 1.8424317863334805 -0.017223341658509046 -7.6990570254830502e-03 -0.007698170309404104 -0.007695763460791793   
151 1812 0.0032124825256163426 1.8245168157488365 -0.017223341658509046 -7.6629800125694175e-03 -0.007661577662249181 -0.007660874537421959   
152 1824 0.0031849110643831636 1.819897498506607 -0.017223341658509046 -7.6358880029509853e-03 -0.007635441965009682 -0.007632078087618186   
153 1836 0.002987737846787774 1.82119730570816 -0.017223341658509046 -7.6848755118069049e-03 -0.007683863537613519 -0.00768207946135954   
154 1848 0.0029353545247578824 1.8201968445626977 -0.017223341658509046 -7.6773542615700728e-03 -0.007676666628468098 -0.007672591293712819   
155 1860 0.0028531719311119708 1.7964381975568349 -0.017223341658509046 -7.7145207298632175e-03 -0.007713992896557336 -0.007712909273987616   
156 1872 0.0028541707941448615 1.8010331341512684 -0.017223341658509046 -7.6851081755280543e-03 -0.0076845066136622415 -0.007682578809287609   
157 1884 0.0027469518959228165 1.814644611944041 -0.017223341658509046 -7.6901895420574979e-03 -0.007689323799972828 -0.007688112355493151   
158 1896 0.0027294904278743048 1.809156538829842 -0.017223341658509046 -7.6525589404210894e-03 -0.007651666219545078 -0.007650134557115313   
159 1908 0.0026395682909678016 1.817049247072726 -0.017223341658509046 -7.6803306265979783e-03 -0.007679414515902918 -0.007676807913454645   
160 1920 0.0025297310804245554 1.8164455352765787 -0.017223341658509046 -7.6523352261423025e-03 -0.007651503892864968 -0.007649929696973463   
161 1932 0.002429398445001792 1.7985791296145595 -0.017223341658509046 -7.6621231516286626e-03 -0.007661395723890163 -0.007660813475946908   
162 1944 0.0024085486942110944 1.8032618720571045 -0.017223341658509046 -7.6600221455465425e-03 -0.007659349587882002 -0.007658234558937944   
163 1956 0.002412644280617569 1.798443432861203 -0.017223341658509046 -7.6651611649163039e-03 -0.007664534332794292 -0.007663785032766672   
164 1968 0.002386258470751761 1.7865938879261813 -0.017223341658509046 -7.6583216704729567e-03 -0.007657695393659043 -0.007657206858176411   
165 1980 0.0023753479695459235 1.7882564322588173 -0.017223341658509046 -7.6371505520109384e-03 -0.007636648526208742 -0.007634090579715658   
166 1992 0.0024156370109567633 1.779125070661843 -0.017223341658509046 -7.6674715146589096e-03 -0.007666908896102661 -0.0076656423516419745   
167 2004 0.0023960026510094863 1.777698527041146 -0.017223341658509046 -7.6478090142730352e-03 -0.007647032468240176 -0.007646177101555217   
168 2016 0.002382788944246673 1.7798063570030733 -0.017223341658509046 -7.6945700903221287e-03 -0.00769422737113831 -0.007692834391785713   
169 2028 0.0023189384632881405 1.7811441378681097 -0.017223341658509046 -7.6712008360422870e-03 -0.007670692498144231 -0.007669352976057005   
170 2040 0.002229513774990389 1.7807305486044713 -0.017223341658509046 -7.6870319456264985e-03 -0.007686614179246014 -0.0076852896342882995   
171 2052 0.00217671227577037 1.7881681856328155 -0.017223341658509046 -7.6745158757301766e-03 -0.007674002256220913 -0.007671765835985716   
172 2064 0.002106207051130943 1.7811070458680316 -0.017223341658509046 -7.6719445890010328e-03 -0.007671805651738209 -0.007671397000373137   
173 2076 0.00203266784728351 1.7904049088749343 -0.017223341658509046 -7.6622615154521151e-03 -0.00766146939398195 -0.0076611555705521465   
174 2088 0.002057578282268682 1.7768359239820515 -0.017223341658509046 -7.6346957961250256e-03 -0.007634390981455969 -0.00763368672837511   
175 2100 0.002042172580765941 1.765311579087861 -0.017223341658509046 -7.6787409817847150e-03 -0.007678582276478096 -0.007678189215788445   
176 2112 0.002027378828156334 1.7636453125036209 -0.017223341658509046 -7.6689570882726528e-03 -0.00766839870769517 -0.007667767978819852   
177 2124 0.0019753080174615815 1.7887852038553413 -0.017223341658509046 -7.6934205113430220e-03 -0.007693079884555694 -0.007692354078797567   
178 2136 0.0019894498140593546 1.8137255089090838 -0.017223341658509046 -7.6664956496000601e-03 -0.007666088216567491 -0.007665589584595667   
179 2148 0.0019866190929383005 1.838447414881787 -0.017223341658509046 -7.6622578720729117e-03 -0.007661776810555959 -0.007660299345420529   
180 2160 0.0019625384767896366 1.8414343070995636 -0.017223341658509046 -7.6517432123501131e-03 -0.007651361867638282 -0.0076507997926260705   
181 2172 0.0019501815690369155 1.8395770771080875 -0.017223341658509046 -7.6469804196697888e-03 -0.0076466988510312875 -0.007645547174842091   
182 2184 0.0019052013471771467 1.8383188650117028 -0.017223341658509046 -7.6556050732239722e-03 -0.007655338054436663 -0.007654158660161772   
183 2196 0.0019181568172845613 1.836379903406923 -0.017223341658509046 -7.6674427846755372e-03 -0.007667194108742779 -0.007666812749780676   
184 2208 0.001844298156468301 1.8282982112472401 -0.017223341658509046 -7.6414464587240410e-03 -0.007641267062591124 -0.007640585916692022   
185 2220 0.001794032023911343 1.83442485433246 -0.017223341658509046 -7.6274160544378940e-03 -0.007627210010208941 -0.007626522423022861   
186 2232 0.0017577174237816305 1.8436949818412527 -0.017223341658509046 -7.6414009413138233e-03 -0.0076411328349653375 -0.007640733029868134   
187 2244 0.0016913579998135925 1.854491468068153 -0.017223341658509046 -7.6444843747308115e-03 -0.007644214790318779 -0.007643542648061858   
188 2256 0.0016412790207800867 1.8581401034135145 -0.017223341658509046 -7.6308069680116183e-03 -0.007630553722228549 -0.0076302569069234905   
189 2268 0.001549903329872885 1.8719506811672901 -0.017223341658509046 -7.6465602917752404e-03 -0.007646270288985841 -0.0076460503190605295   
190 2280 0.001479561517308243 1.887508812068033 -0.017223341658509046 -7.6620282905871953e-03 -0.007661859650728787 -0.007661415088540077   
191 2292 0.0014232740144797305 1.8913097334198807 -0.017223341658509046 -7.6565726387742448e-03 -0.007656531026125093 -0.007656247111510637   
192 2304 0.0013666459128758967 1.8987748566727993 -0.017223341658509046 -7.6551530791124965e-03 -0.007654995154849475 -0.0076545777600039895   
193 2316 0.0012817555085818798 1.9281943435228837 -0.017223341658509046 -7.6436975281339832e-03 -0.0076435049301704595 -0.007643173774531697   
194 2328 0.0011929940270176793 1.9274288557596029 -0.017223341658509046 -7.6387369684618959e-03 -0.0076385956701707945 -0.007638467113627513   
195 2340 0.0011518395673038163 1.924606446909735 -0.017223341658509046 -7.6374251510839030e-03 -0.007637245648101209 -0.0076370109235603025   
196 2352 0.001119566904556812 1.9224153452754154 -0.017223341658509046 -7.6466015903502108e-03 -0.007646451771045329 -0.007646290048999814   
197 2364 0.0010947340343039022 1.9326549596214864 -0.017223341658509046 -7.6464545233207188e-03 -0.007646299561629074 -0.0076460110074304845   
198 2376 0.0010439943146516642 1.9424711671447479 -0.017223341658509046 -7.6517022555060458e-03 -0.007651532767666225 -0.007651423702109763   
199 2388 0.0009926803701048386 1.963648007021608 -0.017223341658509046 -7.6513138900371740e-03 -0.007651054007141602 -0.00765081274184894   
200 2400 0.0009285089791093147 1.9729549221960783 -0.017223341658509046 -7.6576019593138185e-03 -0.00765747199252011 -0.007657389650687347   
201 2412 0.0008921037132567577 1.9854661027012033 -0.017223341658509046 -7.6619165757068307e-03 -0.007661853201887365 -0.0076617583244705766   
202 2424 0.0008526823698680614 1.9729988486026167 -0.017223341658509046 -7.6520290437594738e-03 -0.007651945593574784 -0.00765155758332797   
203 2436 0.000846696054163373 1.987623181210049 -0.017223341658509046 -7.6554471242898181e-03 -0.007655403725888683 -0.00765509828335248   
204 2448 0.0008468473244331946 1.9902750730115162 -0.017223341658509046 -7.6608169724080959e-03 -0.00766069415558019 -0.007660537762798294   
205 2460 0.0008514105378014132 2.0098199891795687 -0.017223341658509046 -7.6426567380600387e-03 -0.007642582167452457 -0.007642499464581752   
206 2472 0.0008399785543532991 2.032621692228887 -0.017223341658509046 -7.6358213055865024e-03 -0.007635798870988646 -0.007635500345482249   
207 2484 0.0008123325096432227 2.048302303434942 -0.017223341658509046 -7.6407203377016619e-03 -0.007640625301075676 -0.007640513455133516   
208 2496 0.0007811206047562836 2.0485513966473765 -0.017223341658509046 -7.6460805226693396e-03 -0.007646014535084857 -0.007645936136633959   
209 2508 0.0007833957204410706 2.0400822882917735 -0.017223341658509046 -7.6452463865086502e-03 -0.007645140967270157 -0.007644943411443469   
210 2520 0.0007867533969612258 2.0387947568836178 -0.017223341658509046 -7.6420202333331785e-03 -0.007641973312778942 -0.0076418795982103   
211 2532 0.0007733451105411322 2.027308984004004 -0.017223341658509046 -7.6593409193508539e-03 -0.007659282657728127 -0.007659232231018595   
212 2544 0.0007626929604103842 2.0451662030389945 -0.017223341658509046 -7.6390510944637858e-03 -0.007638998277215773 -0.007638910365827443   
213 2556 0.000766189350846931 2.063424935974946 -0.017223341658509046 -7.6451306422647240e-03 -0.007645099130917838 -0.007645042242801167   
214 2568 0.0007341232206686642 2.115727833273684 -0.017223341658509046 -7.6387784679360950e-03 -0.007638724387985485 -0.0076386167933598665   
215 2580 0.0006834808323594926 2.1121320235711365 -0.017223341658509046 -7.6366949510427032e-03 -0.007636630073952467 -0.007636585131287547   
216 2592 0.0006613097815986819 2.1096387698508523 -0.017223341658509046 -7.6519209002866330e-03 -0.007651878328219394 -0.007651802092979989   
217 2604 0.000651212689239508 2.111282764548258 -0.017223341658509046 -7.6583555126913793e-03 -0.007658327511205398 -0.007658267276823102   
218 2616 0.000659457201510021 2.119243986930814 -0.017223341658509046 -7.6523672536859101e-03 -0.0076523345376072974 -0.0076522563543103194   
219 2628 0.000657857543328236 2.1335856960133652 -0.017223341658509046 -7.6479469282139207e-03 -0.007647921311180351 -0.007647897762265088   
220 2640 0.0006348211482653977 2.1315812182153198 -0.017223341658509046 -7.6475501760788073e-03 -0.007647507624441924 -0.007647467196350641   
221 2652 0.0006011468195354373 2.147378066539316 -0.017223341658509046 -7.6461114586049393e-03 -0.007646068012851816 -0.007645983835568975   
222 2664 0.0005791734223924282 2.149555621233954 -0.017223341658509046 -7.6463818274351211e-03 -0.007646363640941033 -0.007646300157483182   
223 2676 0.0005668389738268136 2.142508110552306 -0.017223341658509046 -7.6374377166813518e-03 -0.007637417969232713 -0.007637392376794902   
224 2688 0.0005640346805766163 2.113034852155367 -0.017223341658509046 -7.6439576456570060e-03 -0.007643939220776155 -0.007643918567084262   
225 2700 0.0005648206766503867 2.109229846722469 -0.017223341658509046 -7.6404753429276913e-03 -0.007640444018102497 -0.007640406199169367   
226 2712 0.0005476448313112555 2.096941667396236 -0.017223341658509046 -7.6327332670705315e-03 -0.007632714927354747 -0.007632661462835156   
227 2724 0.000543749711210816 2.0941004306813134 -0.017223341658509046 -7.6449583551593753e-03 -0.007644943080224531 -0.007644921630920884   
228 2736 0.0005546875283020576 2.090702806881826 -0.017223341658509046 -7.6463484525579996e-03 -0.007646314866029713 -0.007646303829304792   
229 2748 0.0005713786233537019 2.0995325364364437 -0.017223341658509046 -7.6445019871315056e-03 -0.007644477415216435 -0.0076444361782044236   
230 2760 0.0005771886417675893 2.0969024527078606 -0.017223341658509046 -7.6376729964184259e-03 -0.007637656937404911 -0.007637570307904474   
231 2772 0.000578468494609005 2.09444345632348 -0.017223341658509046 -7.6416653014560422e-03 -0.0076416251003547314 -0.0076416068941771945   
232 2784 0.0005709334168020614 2.1186568927397156 -0.017223341658509046 -7.6386274163208452e-03 -0.007638590215880453 -0.007638466690051368   
233 2796 0.0005502211373761192 2.1126161426946286 -0.017223341658509046 -7.6395435216095589e-03 -0.00763952800117885 -0.007639448216540208   
234 2808 0.0005391894902829625 2.0804608694982307 -0.017223341658509046 -7.6379703439665055e-03 -0.007637945595537583 -0.007637896117928152   
235 2820 0.0005260116005965156 2.111399358150456 -0.017223341658509046 -7.6382785657816855e-03 -0.007638263735877572 -0.007638235052164365   
236 2832 0.0005118557251323363 2.1204733033587835 -0.017223341658509046 -7.6375436441521059e-03 -0.007637499664098993 -0.007637468607387012   
237 2844 0.000489575696765726 2.1490301297866785 -0.017223341658509046 -7.6319905252662150e-03 -0.007631964749306638 -0.007631849598004596   
238 2856 0.0004946994315338513 2.14101869098774 -0.017223341658509046 -7.6369047842245888e-03 -0.007636882795895254 -0.007636869056471534   
239 2868 0.0005026028548728676 2.144105892888469 -0.017223341658509046 -7.6327552083102256e-03 -0.007632737309496868 -0.007632688833753883   
240 2880 0.0004972852763515567 2.118701120715948 -0.017223341658509046 -7.6432927879413895e-03 -0.007643281179613302 -0.007643258481175174   
241 2892 0.00048582657203870836 2.1042601334347144 -0.017223341658509046 -7.6378734608598181e-03 -0.007637860032057616 -0.007637782072382221   
242 2904 0.0004579278440312338 2.121995765902391 -0.017223341658509046 -7.6436934033018928e-03 -0.007643684456728315 -0.007643644569267801   
243 2916 0.00043552460313110155 2.0955896401943126 -0.017223341658509046 -7.6419043185948134e-03 -0.007641881329394696 -0.007641845915973831   
244 2928 0.0004151736694299128 2.0868582335134978 -0.017223341658509046 -7.6346029368620063e-03 -0.007634587975934344 -0.007634579956752405   
245 2940 0.0003962398052596047 2.1093294677370253 -0.017223341658509046 -7.6318690171325223e-03 -0.007631847827544838 -0.007631811553754486   
246 2952 0.0003834536426440043 2.121382150570678 -0.017223341658509046 -7.6361288437100348e-03 -0.007636115719995554 -0.00763609597376021   
247 2964 0.00038624265919080423 2.1311753649242546 -0.017223341658509046 -7.6375340905485084e-03 -0.007637527645260151 -0.0076375072998049924   
248 2976 0.000374993523815255 2.1081198871111138 -0.017223341658509046 -7.6412177562831043e-03 -0.0076411994023928885 -0.0076411855161748815   
249 2988 0.00036096893531748793 2.1009966428417615 -0.017223341658509046 -7.6403879563898078e-03 -0.007640380206369481 -0.0076403726854572486   
250 3000 0.0003528956838961662 2.1066763223616918 -0.017223341658509046 -7.6421823290708487e-03 -0.007642172944024643 -0.007642147565014195   
251 3012 0.00034622794071270007 2.0930633533560337 -0.017223341658509046 -7.6413138778551985e-03 -0.007641308953952172 -0.007641296221348459   
252 3024 0.00033995346255537566 2.0911212670493358 -0.017223341658509046 -7.6382530367365012e-03 -0.0076382483112494015 -0.007638220683455042   
253 3036 0.0003368565401192917 2.092168269025671 -0.017223341658509046 -7.6376766344649098e-03 -0.007637664302813763 -0.007637630889453409   
254 3048 0.0003263732109583722 2.103736864562717 -0.017223341658509046 -7.6424828049386452e-03 -0.0076424682072364246 -0.007642452573340156   
255 3060 0.0003181841257910117 2.1109214861144348 -0.017223341658509046 -7.6411213730372121e-03 -0.007641105136047442 -0.007641094384575917   
256 3072 0.0003039655626531612 2.0940358792019604 -0.017223341658509046 -7.6392219335142059e-03 -0.007639214488489467 -0.007639196949226647   
257 3084 0.00030389124779606474 2.0950381851667634 -0.017223341658509046 -7.6395719066803562e-03 -0.007639565281346066 -0.0076395466412447445   
258 3096 0.0002969427467401616 2.1004491926147133 -0.017223341658509046 -7.6351119791235756e-03 -0.00763510425736428 -0.007635082943516724   
259 3108 0.00029356169050214723 2.0905351160907224 -0.017223341658509046 -7.6294807779970315e-03 -0.007629474408633264 -0.007629458608472557   
260 3120 0.00029013021179673395 2.1059164421142063 -0.017223341658509046 -7.6343513902091785e-03 -0.007634343312232295 -0.0076343379322905795   
261 3132 0.00030107202512729705 2.118984522098749 -0.017223341658509046 -7.6369416464849476e-03 -0.007636936556947565 -0.0076369332469115765   
262 3144 0.00029855297838387494 2.1041340744871415 -0.017223341658509046 -7.6389545939292546e-03 -0.0076389478580907 -0.007638941876797256   
263 3156 0.00029177325931221065 2.0632768462063082 -0.017223341658509046 -7.6347673462636477e-03 -0.007634761002942764 -0.00763475314927126   
264 3168 0.00027688666594594835 2.0649065522888033 -0.017223341658509046 -7.6356691674937900e-03 -0.007635666119780648 -0.0076356594206853454   
265 3180 0.0002661546853568885 2.066908418591605 -0.017223341658509046 -7.6317349987313921e-03 -0.007631724848322583 -0.007631703465836218   
266 3192 0.0002457790079762948 2.0896927649720114 -0.017223341658509046 -7.6316259262277268e-03 -0.007631618951437543 -0.0076316026867678756   
267 3204 0.00023840015780874277 2.0854182608067666 -0.017223341658509046 -7.6293957061874798e-03 -0.0076293932865357525 -0.007629388036865187   
268 3216 0.00022805855700110453 2.1075010764019098 -0.017223341658509046 -7.6312691636114521e-03 -0.007631265907057221 -0.007631262255002168   
269 3228 0.0002137312218155447 2.1129104404801407 -0.017223341658509046 -7.6283555540944672e-03 -0.007628350398732357 -0.007628343427251152   
270 3240 0.0002051474631240197 2.1008346340326307 -0.017223341658509046 -7.6314304541492397e-03 -0.007631424565559874 -0.007631416818896378   
271 3252 0.00019580147255825482 2.090793775777697 -0.017223341658509046 -7.6304857892918595e-03 -0.007630482760284291 -0.007630477725901295   
272 3264 0.0001945401184621017 2.096705259749748 -0.017223341658509046 -7.6318558479279543e-03 -0.007631854500497832 -0.007631847807446435   
273 3276 0.00019138644642234905 2.0953891298330003 -0.017223341658509046 -7.6330325397289834e-03 -0.0076330288402761915 -0.007633022084083589   
274 3288 0.0001840940001921769 2.0979196838728047 -0.017223341658509046 -7.6299916197105494e-03 -0.007629989754113626 -0.007629983164636939   
275 3300 0.00017634210220129502 2.072622158463063 -0.017223341658509046 -7.6272367170187550e-03 -0.007627234664386635 -0.007627231328229538   
276 3312 0.00016826548091357986 2.0530871424305226 -0.017223341658509046 -7.6259295255238597e-03 -0.0076259285374383964 -0.00762592740175488   
277 3324 0.00016162536115727115 2.0090768664092784 -0.017223341658509046 -7.6287596820553876e-03 -0.0076287587012851595 -0.007628755913457717   
278 3336 0.0001565592905072642 2.060969698797584 -0.017223341658509046 -7.6277643478357320e-03 -0.007627762215046153 -0.00762775938339008   
279 3348 0.00014916265624355992 2.08790254965399 -0.017223341658509046 -7.6278787429285254e-03 -0.0076278764923233535 -0.0076278724838298746   
280 3360 0.00014649323801125107 2.0980920227966733 -0.017223341658509046 -7.6293369793687940e-03 -0.007629335699697355 -0.007629332210936625   
