% # columns="iteration, evaluation, sigma, max axis length,  min axis length, all principle axes lengths  (sorted square roots of eigenvalues of C)", seed=1019736, Wed Mar 11 16:01:03 2020
1 10 0.18413576504358586 1.0000450010125153 1.0 1.0 1.0000050000125 1.00001000005 1.0000150001125006 1.0000200002000015 1.0000250003125026 1.0000300004500045 1.0000350006125072 1.0000400008000108 1.0000450010125153
2 20 0.198594375228954 1.0426938542426325 0.9119135471148465 0.9119135471148465 0.9399588650260691 0.986029711324252 0.9922274033689047 0.9992341344033532 1.000777327350343 1.0020027991542382 1.0105898170141945 1.019389305419911 1.0426938542426325
3 30 0.2202724493812867 1.17601891171966 0.9013750867593486 0.9013750867593486 0.9162591020523208 0.9331933140742346 0.9522349455042025 0.9925362991529176 1.0037464120662867 1.0085759697787 1.0113883269938055 1.0209091760988858 1.17601891171966
4 40 0.25137861881547274 1.2587516582402458 0.8788355022909679 0.8788355022909679 0.9006431325016917 0.9202792050839621 0.953402969564098 0.9775984450649391 0.9878212940286578 0.9995529027264581 1.0144981624983926 1.0890117284983378 1.2587516582402458
5 50 0.2397664106589214 1.3078470507859972 0.8388526807143757 0.8388526807143757 0.8732485618249067 0.8993775218049063 0.9523112949806952 0.96384063670155 0.9863311000329851 1.005034760435275 1.0213093892686689 1.110053798902334 1.3078470507859972
6 60 0.235066194988903 1.3304385938115113 0.826515341428748 0.826515341428748 0.863683438401569 0.8870547374786886 0.9374046087713226 0.9521327456036649 0.9749699865584678 0.9904713703936376 1.022131142876624 1.077756432156819 1.3304385938115113
7 70 0.24475135055806763 1.2946794619581563 0.8231992641246663 0.8231992641246663 0.8653569211383323 0.8858296811886174 0.9098870626004171 0.9359787259214695 0.9666898338162427 1.0011239182410108 1.0337986481379453 1.106306341548731 1.2946794619581563
8 80 0.2399221083555465 1.3603678524966034 0.8137667746963524 0.8137667746963524 0.8653154421324096 0.878317694248478 0.9064362936135268 0.9095235668401934 0.9591984026145004 0.9684876422052606 0.9844356001286699 1.1479561749232003 1.3603678524966034
9 90 0.22523984578066605 1.377101645598598 0.8051443079762035 0.8051443079762035 0.8403271716525205 0.8567048544087145 0.8859647950453183 0.9122026112408909 0.9426774748982522 0.9620861966220238 1.0016463842452248 1.132691883810786 1.377101645598598
10 100 0.21481604639817606 1.3272641888988492 0.7728109755764523 0.7728109755764523 0.8251351173089594 0.8425180091213762 0.8823281259099205 0.9165185448386772 0.9433244296350592 0.9604313249012899 1.0087436421162255 1.129191649013627 1.3272641888988492
11 110 0.22714184789602615 1.3308717655709474 0.7434792477743062 0.7434792477743062 0.8252976044559721 0.8393737772831513 0.8587621537290484 0.9162239560462461 0.9371672711708122 0.959798089481201 1.0037885164443476 1.1306296352515766 1.3308717655709474
12 120 0.22238775444912268 1.339643205534113 0.726952630715504 0.726952630715504 0.8166597906265214 0.8525130293365606 0.8658296608906734 0.9016882019006043 0.9466138958674476 0.9758631952801475 1.0265728983449836 1.1042070357815474 1.339643205534113
13 130 0.22149061059680245 1.3718975677904117 0.7343656295926683 0.7343656295926683 0.8092693871126607 0.849502121435674 0.8678584511123907 0.8868239133636284 0.9216681277296959 0.9715390614864332 0.9747357421896113 1.094667511155358 1.3718975677904117
14 140 0.21159009702018894 1.3734042453642548 0.7121555452471746 0.7121555452471746 0.8034888025674088 0.8292665263398281 0.8631994435065401 0.8907244665382407 0.9085314958140309 0.9664570736792458 1.016639795579672 1.085383744866656 1.3734042453642548
15 150 0.19822831587307535 1.3517533986418848 0.7027656619445263 0.7027656619445263 0.7857467131178151 0.8120342298567955 0.8487997840024869 0.8813159989293519 0.94165576761826 0.9743279417965756 1.0029349896632782 1.0670064453155268 1.3517533986418848
16 160 0.20668328591588594 1.3780092941581774 0.6949698665233536 0.6949698665233536 0.749796436479706 0.8184531781606006 0.8505514760013518 0.8707796484055546 0.9469323975405812 0.9549453418100791 1.0041161537823755 1.0802768691165214 1.3780092941581774
17 170 0.19323458886808623 1.456425253829687 0.6963357004869 0.6963357004869 0.7334968882162333 0.805741201650671 0.8287659090647559 0.8697026999122226 0.9361462610771523 0.9596779075086024 1.0296253269313493 1.0681398634659116 1.456425253829687
18 180 0.18521096571826492 1.4544575027674553 0.7011063205058189 0.7011063205058189 0.7220965289918944 0.7921555713601612 0.8088893889948761 0.856662934495534 0.9301875233430582 0.9585704936667494 1.016462603107659 1.0727562246299793 1.4544575027674553
19 190 0.17047910332919333 1.4392425134086606 0.6982766404919956 0.6982766404919956 0.7200349227158462 0.79473924400113 0.8123314234825517 0.8454025046901708 0.9281862475182576 0.9603480122973341 0.9943952707723079 1.0557177216252027 1.4392425134086606
20 200 0.15570353800474943 1.4528882234306806 0.6848635687116478 0.6848635687116478 0.7209643697632383 0.7750406447361463 0.796529966615254 0.8441689018398839 0.9185481660960643 0.954148236437381 1.0099397198905489 1.0519367470313978 1.4528882234306806
21 210 0.15177338158242715 1.4575268226702573 0.6735720819095671 0.6735720819095671 0.7169728587264197 0.7329180265236585 0.7773391167302904 0.8467850611601333 0.9230876281037864 0.9503824317499744 1.0165474837911912 1.0466988824012986 1.4575268226702573
22 220 0.14870279363315814 1.4369257814039507 0.6665704110276721 0.6665704110276721 0.703313890917489 0.7382810731903297 0.7742127695040795 0.8220224743971338 0.9387124427401583 0.9532830862795493 1.0040190928659534 1.0351226548325958 1.4369257814039507
23 230 0.14178756590253166 1.4245283811145792 0.6608077312633227 0.6608077312633227 0.6986423840758802 0.7293657242209376 0.7724218117027309 0.8110273355617759 0.9160685302517864 0.9676648104381237 0.9834968928127706 1.0659242819924823 1.4245283811145792
24 240 0.13320593896037636 1.4141434688929198 0.6459193528710763 0.6459193528710763 0.687533334272799 0.7393858601113333 0.7867710399320815 0.81203643260472 0.9036557738959048 0.9529011691365635 0.9833468254710939 1.0644938900310497 1.4141434688929198
25 250 0.1289241173265105 1.3650555901032422 0.6362457911717546 0.6362457911717546 0.6913951150327818 0.7382808271458791 0.7797579768055515 0.8054414833359126 0.9018537549995235 0.9510590806502994 0.9931091551509524 1.0643225574357593 1.3650555901032422
26 260 0.12336710899491142 1.269136595480727 0.6315293605547774 0.6315293605547774 0.7042067515651166 0.7283311520221186 0.7987237631918696 0.8054517085329378 0.8969681165231461 0.9433749311015882 0.9892674598767583 1.0611758738564072 1.269136595480727
27 270 0.11920096120791178 1.2465667008835333 0.6229813768091028 0.6229813768091028 0.6977183749819205 0.7317022931087516 0.7866001585502729 0.8165013566630169 0.8712308444614612 0.9468906641130876 0.9705622847962784 1.0546772094658114 1.2465667008835333
28 280 0.11184436250488979 1.2233318746102098 0.615611058307402 0.615611058307402 0.7030285362426001 0.7424295789283543 0.7901872450298543 0.817710338279067 0.8617401412016139 0.9126733839285314 0.9694055293325502 1.0446498249970109 1.2233318746102098
29 290 0.10621604007846673 1.1991237028916664 0.6082519252148885 0.6082519252148885 0.6992751589337678 0.743839674302825 0.7902352936738855 0.8008934700566684 0.856586144801745 0.8963484304510894 0.9708209807868726 1.0303785276337822 1.1991237028916664
30 300 0.09758492681771919 1.1823135518729833 0.5917509124714959 0.5917509124714959 0.6963014231723705 0.7520242284387642 0.7888583567817408 0.7977306242833824 0.8542010316279527 0.8980909099461697 0.9401609632059492 1.0247173301281651 1.1823135518729833
31 310 0.09030268844033916 1.1666552005762145 0.587545017424716 0.587545017424716 0.6727845378328243 0.7500226839125959 0.7820059634062139 0.7888415871239272 0.8406673735815279 0.8913589009953715 0.9355918462044434 1.0080774038087736 1.1666552005762145
32 320 0.08288137715507046 1.1546769747803804 0.5875825125183071 0.5875825125183071 0.6628347709804386 0.7435287296098053 0.7756646729317169 0.7943405555240846 0.8185197542785169 0.8860920841390465 0.9418190812700484 0.9874054130446868 1.1546769747803804
33 330 0.07781717414410856 1.129957429523167 0.5832866882418294 0.5832866882418294 0.6615105172752117 0.7163155658646944 0.750628698233485 0.796973048395012 0.814812199521985 0.9051897506843625 0.9576290891989839 0.9726618710806216 1.129957429523167
34 340 0.07330031337253669 1.1305288836651102 0.5743113630411897 0.5743113630411897 0.6464773364916863 0.7177128772156137 0.7485768802254431 0.7846017130890347 0.8107124999761266 0.8837645858704077 0.929572242793861 0.9727179965286374 1.1305288836651102
35 350 0.06897510252999493 1.110585552941685 0.5844562449062951 0.5844562449062951 0.6497509032155483 0.7153932136285971 0.7289754056661257 0.7842816395717563 0.8037984759328021 0.8686600318478771 0.9263556203947847 0.9388117248711716 1.110585552941685
36 360 0.06687494612669115 1.0924930226216034 0.5866096950039835 0.5866096950039835 0.6562662278796656 0.6997334699057515 0.7155736353886967 0.7703254782934902 0.8046256121493247 0.8527638904489776 0.9075992189262247 0.94084029862153 1.0924930226216034
37 370 0.06411042171386104 1.067943878426097 0.5711485428094472 0.5711485428094472 0.6560989443043374 0.6964398913015836 0.7042143984985397 0.77106408003794 0.8163902901146999 0.8711233404443391 0.9046926871574434 0.9335326400279312 1.067943878426097
38 380 0.06584733587790488 1.0676847491306178 0.5937006758537835 0.5937006758537835 0.6505179716979752 0.6942428116570095 0.6981051950431102 0.7487420324753984 0.7937692476440438 0.8505242733966636 0.8885867110152419 0.92692674432143 1.0676847491306178
39 390 0.06347876798254001 1.005996085656535 0.6087754062977454 0.6087754062977454 0.6457876832710585 0.6701302303021098 0.699609019358082 0.7434634910922456 0.7991098930206245 0.8506250370986084 0.8961284831557337 0.9418524892566033 1.005996085656535
40 400 0.059664149289816 0.9720194150009044 0.610650299259899 0.610650299259899 0.6434080475432407 0.6485410830947543 0.6847322313425563 0.7153086665184081 0.7874660228649667 0.8634612587734437 0.9183892069704077 0.9404224512698538 0.9720194150009044
41 410 0.060816268012181394 0.9495735885946974 0.6117086822267273 0.6117086822267273 0.6393976273486369 0.6556782724134247 0.681870696864763 0.7062509350660057 0.786463405193019 0.8463163233605867 0.8924567657075548 0.9447867761962744 0.9495735885946974
42 420 0.062117265131691086 0.9627984464947421 0.5959797892047998 0.5959797892047998 0.6292746329161137 0.6365649031248388 0.6812118616241273 0.7072336000629615 0.7793461472084926 0.8870757178575043 0.920508673105801 0.9427154747503147 0.9627984464947421
43 430 0.06952419311015098 0.9902966749042532 0.5608149610288486 0.5608149610288486 0.6244730529783435 0.6398826200974405 0.6926612437108997 0.7113669123133077 0.7821600788426852 0.891910099164163 0.9103991978042578 0.9522953437073653 0.9902966749042532
44 440 0.06796862351568653 0.9688012939308481 0.5804675850816324 0.5804675850816324 0.6113519213824983 0.6381609108748243 0.7004009753767275 0.7261531953979428 0.8023604700770242 0.8773348147505945 0.8980582296552988 0.9567667241548408 0.9688012939308481
45 450 0.06385727896419036 0.9840380118134311 0.5791873454219191 0.5791873454219191 0.5961424815393838 0.6389855536533264 0.7015807867777126 0.7414775022745219 0.7632472470811715 0.8508827665512307 0.8937710123400698 0.9572931770045852 0.9840380118134311
46 460 0.05752549752275147 0.9629248343973291 0.5758617348883831 0.5758617348883831 0.5946336860576866 0.6342741299900319 0.7015207364473278 0.717519071156966 0.7591136092468681 0.8484192319910256 0.8862348938997844 0.9327974698804615 0.9629248343973291
47 470 0.05141254325425255 0.9255066713682384 0.5540433459932407 0.5540433459932407 0.5913607523497644 0.6136988133929479 0.6903033463931719 0.717345869485893 0.7691975221197292 0.8539579114843322 0.8811830277729391 0.9187535762434168 0.9255066713682384
48 480 0.05040487708100672 0.9053022193109846 0.5541491720849893 0.5541491720849893 0.5904105788807794 0.5980257502971302 0.6885185100155686 0.7162015545492596 0.7483779607822221 0.8312210057983255 0.8794031722554275 0.8963448924873892 0.9053022193109846
49 490 0.04898900911927063 0.9351946595668396 0.5489016719992362 0.5489016719992362 0.5631429114225549 0.5968237194711893 0.6763066111906193 0.697071268822019 0.7478428572228817 0.8294604834315171 0.8741370960384488 0.88559511739823 0.9351946595668396
50 500 0.04587260539233969 0.9269122876186937 0.5452525105507485 0.5452525105507485 0.5752755653923204 0.5943864302748967 0.6767343151346923 0.7036486522499725 0.7354417038949578 0.8262588013903442 0.8505066044614448 0.8780509750741641 0.9269122876186937
51 510 0.045061716125048425 0.9276040762780241 0.5334652243223205 0.5334652243223205 0.5696956549883172 0.5861647558511673 0.6709272563417936 0.6965543312641341 0.7322390165879893 0.8077506824999973 0.8347715764460201 0.8804808740163125 0.9276040762780241
52 520 0.043496649555298174 0.9013927226505253 0.5307830433543964 0.5307830433543964 0.5679924096496641 0.5848000996499213 0.6631519137913653 0.6966574037574332 0.7205845476285978 0.7942302699134736 0.8250433605095043 0.8782750390961364 0.9013927226505253
53 530 0.04009220061436552 0.8843649581036837 0.5261364628094968 0.5261364628094968 0.5667021818106325 0.5771010938350125 0.6584413267652636 0.6830924846245139 0.737616090854769 0.7898378214555472 0.8100787387478232 0.8671667276011646 0.8843649581036837
54 540 0.038521813702305535 0.8820687651181608 0.5222874166100213 0.5222874166100213 0.5536452960911368 0.5747300732306703 0.6461181844699279 0.6763819100985685 0.7326738542131381 0.7755487028533058 0.8067202673926513 0.8732049793924732 0.8820687651181608
55 550 0.039172350594625184 0.8834790128126836 0.5209114728372207 0.5209114728372207 0.540732321520981 0.576975206644593 0.6499539567318087 0.6786770335313406 0.7223667218210846 0.7526972733311553 0.7959502421201821 0.8670206818656109 0.8834790128126836
56 560 0.03985230867819156 0.8855000663792092 0.5112694790780926 0.5112694790780926 0.555482638071549 0.5731863193027058 0.6325501500531369 0.6601719638709117 0.7280513622006479 0.752156165041385 0.7988770308003507 0.8586922553348858 0.8855000663792092
57 570 0.04027781023656664 0.8625232263393943 0.49377543245575867 0.49377543245575867 0.5539271967085031 0.5853222236157977 0.6241142062166392 0.6602799152584923 0.7324001385909454 0.7689695334924068 0.7826623486545048 0.8450512966884239 0.8625232263393943
58 580 0.03790698164852805 0.8625503702869567 0.49273534272814723 0.49273534272814723 0.5450940524354639 0.5813889546364731 0.609994309906178 0.664214560888345 0.7279702379256887 0.7643801124925859 0.7863957766535765 0.836833354661933 0.8625503702869567
59 590 0.03654909552398469 0.8618500667649761 0.4864343715981831 0.4864343715981831 0.5381070217622379 0.5816518945211047 0.5853091368613548 0.6649404359188438 0.721808093865619 0.7494466687815554 0.7876919879942509 0.8288546699024678 0.8618500667649761
60 600 0.03334387700308683 0.8787732314316883 0.4899573913761662 0.4899573913761662 0.5323921082080415 0.581591702056992 0.5864584747515141 0.6662670261424376 0.6909771210169323 0.7455525722232954 0.7632597780729925 0.8192136208042567 0.8787732314316883
61 610 0.03379625258403438 0.8816787610431862 0.47774963551551913 0.47774963551551913 0.5245145177994175 0.5730357305143882 0.5858006587849574 0.659158554181078 0.6930703718837697 0.7191831096991214 0.7538090970225886 0.8146487675164911 0.8816787610431862
62 620 0.032218768690073105 0.8586019331143322 0.4935836686242519 0.4935836686242519 0.5041500486222922 0.580058817192761 0.5969940631583416 0.6796112339024575 0.6897621400219487 0.7283894758284631 0.7508019653415717 0.8024976922840805 0.8586019331143322
63 630 0.029918428172300872 0.8220342377922143 0.4892414112274653 0.4892414112274653 0.500857988980581 0.5657123261217382 0.5962634078497436 0.6711609568202402 0.6852734020910214 0.7350191650181817 0.7370893361777879 0.7953703507500327 0.8220342377922143
64 640 0.0297661545397583 0.8259740780108267 0.47182555307587426 0.47182555307587426 0.5063363024138217 0.5727173128449189 0.5900377537940721 0.6595968111915281 0.6862924508355159 0.7144535484526572 0.7376812375099626 0.7833276006865219 0.8259740780108267
65 650 0.028000104635837554 0.8278709511783944 0.4656766860495678 0.4656766860495678 0.4949953036203903 0.5648083470168554 0.5936295019830126 0.6599379964211001 0.6858197871213244 0.7155783773273456 0.7374617574016713 0.7880915190427416 0.8278709511783944
66 660 0.026133464982414187 0.8102047413047163 0.4583583552476427 0.4583583552476427 0.48771498524981943 0.5649673109793573 0.585709616715221 0.6438057714088192 0.683763540263739 0.7164025470353571 0.7567007074343132 0.7867567449196594 0.8102047413047163
67 670 0.02308667455719047 0.8055756765126281 0.45548275776683506 0.45548275776683506 0.48966437553572717 0.5490270559452584 0.5898832404259963 0.6365229815248763 0.6828111656833606 0.7131625729395987 0.7445965247490316 0.770296519607706 0.8055756765126281
68 680 0.02142086164492179 0.8050675029409351 0.45975471425685227 0.45975471425685227 0.4810248165034252 0.5333793877760322 0.5894165141172993 0.6430817607391892 0.6785105752063919 0.6998366616285844 0.7233688138753952 0.7611702258516134 0.8050675029409351
69 690 0.01928797160489772 0.8092726597947746 0.43114604205435936 0.43114604205435936 0.48565616841517717 0.5351386965316903 0.5852771756595936 0.6362945482799564 0.6620372128916912 0.6939842995401434 0.7164755898228735 0.7544019216070311 0.8092726597947746
70 700 0.017271709269466706 0.8145051172619383 0.431350241848133 0.431350241848133 0.4808301588552722 0.5246332758452296 0.5739051590188601 0.5886024476397519 0.6683659307587835 0.694470813829641 0.7202627790211752 0.7455085113869304 0.8145051172619383
71 710 0.015368837469479715 0.7727808372292053 0.4348590226930823 0.4348590226930823 0.4673491397751119 0.5170216652952156 0.5673752541636983 0.5849930844898878 0.665125133292061 0.6932303605588436 0.7197731246220451 0.74527173393842 0.7727808372292053
72 720 0.014885280115413495 0.7776348981461986 0.43420637603085854 0.43420637603085854 0.4650958057421534 0.5194297458622794 0.5441756253475539 0.5873952187378051 0.651204047615061 0.6796321889237019 0.6991263184475524 0.7472367539639934 0.7776348981461986
73 730 0.014227820141653759 0.7564552440664448 0.43604122095791054 0.43604122095791054 0.4570164308169406 0.49992092693534784 0.5418155545415609 0.5903267471871573 0.6389174431607049 0.6805723183254705 0.7105068019552656 0.7472668228560273 0.7564552440664448
74 740 0.012830961965481653 0.7542368408781748 0.4324629595089918 0.4324629595089918 0.4580594615398591 0.5069432820755342 0.5123351731467903 0.5964166333745916 0.6499034089187455 0.6612650703848325 0.7080104136310243 0.7428202079134283 0.7542368408781748
75 750 0.012311155727696938 0.7601314950428197 0.41990780619154294 0.41990780619154294 0.45140722641861436 0.49450750207173405 0.5093150878056004 0.5836939458682254 0.6382912207543475 0.6603636878180442 0.6935186582714716 0.7483153907823221 0.7601314950428197
76 760 0.010632996511098164 0.780771076163528 0.4205906975457258 0.4205906975457258 0.4570110452647781 0.48684240282185537 0.512179671194327 0.5759300636087232 0.6298137794206574 0.6422888371997945 0.6726540500555647 0.7505610162959571 0.780771076163528
77 770 0.009942312647961324 0.7870201949049904 0.4101186708197951 0.4101186708197951 0.45826288167492824 0.4842371488739132 0.512627682154277 0.5509084652409538 0.6211681464588179 0.6392556474510863 0.6741269325599833 0.7282157747523244 0.7870201949049904
78 780 0.009117761898953008 0.7968423871595903 0.4102063321925554 0.4102063321925554 0.45400145664072444 0.46469823655317033 0.49686385330658295 0.5511010105341851 0.6076445398459344 0.6390076029957057 0.6678100787099234 0.7267170056593455 0.7968423871595903
79 790 0.00869193841841147 0.7911481358100465 0.4097331266611373 0.4097331266611373 0.44583479239448204 0.4678805220960979 0.4966111959501084 0.5387394030044071 0.6047100600595049 0.623511344028495 0.6536166232355376 0.7177133792840427 0.7911481358100465
80 800 0.008220815365658721 0.7783480333031589 0.3917474989274162 0.3917474989274162 0.444267262103092 0.4668970991163694 0.48491504782703104 0.5402140030110791 0.6023708912530297 0.6299833511371353 0.6552935761765405 0.7153186105527163 0.7783480333031589
81 810 0.008094001079937416 0.7711372089400348 0.39226280102049604 0.39226280102049604 0.4381035170354892 0.4589972098299524 0.4862230684539612 0.5462627387447576 0.5988919169008641 0.6138734012066315 0.6543900336927568 0.6923232658896334 0.7711372089400348
82 820 0.0076020964240958045 0.7523856294445695 0.38829166365586465 0.38829166365586465 0.4375952934474479 0.45739931805013323 0.4810045804683888 0.5490165398742004 0.6067404347028439 0.6121718445426527 0.6572598463297706 0.6815829512754122 0.7523856294445695
83 830 0.0073838348085105785 0.7728875624635938 0.38195544989466074 0.38195544989466074 0.4292411586643667 0.44917994427037333 0.48687657752311175 0.5454567931215663 0.6011039147844935 0.6108227875838302 0.6543641879855892 0.6715416850278166 0.7728875624635938
84 840 0.007548981160542019 0.7672811003219128 0.36902964593585486 0.36902964593585486 0.4358519719256175 0.45584432745317394 0.48036560796793587 0.5393102556784454 0.5926870395571048 0.6068596845112809 0.6552365728529409 0.6701896606602465 0.7672811003219128
85 850 0.007051092529325988 0.7668169756285811 0.3612077552537899 0.3612077552537899 0.43405283731158023 0.4521520321834208 0.4977513881749315 0.5241731491974089 0.58680149074044 0.6020320750695425 0.655833331692406 0.6867240423071049 0.7668169756285811
86 860 0.006668117975094111 0.7419704004764571 0.3593758038177236 0.3593758038177236 0.4302579484761006 0.45408906620237743 0.493437661438841 0.5296095810961999 0.5717481764418487 0.5996805338229354 0.6470114215420585 0.6807351723296163 0.7419704004764571
87 870 0.006240758341963865 0.7231355253439419 0.3516861643905553 0.3516861643905553 0.42220254656103196 0.45701083863377434 0.4825884848639534 0.5470602272108095 0.5630641617367985 0.5977032130945968 0.6348736836463704 0.6851011341327115 0.7231355253439419
88 880 0.00632376030847696 0.7189949929208221 0.3427638902806031 0.3427638902806031 0.4225915942872909 0.44603566301122405 0.4781452149101376 0.5451460532660138 0.5541461567932608 0.5940457613549714 0.619864922114252 0.6828352903417136 0.7189949929208221
89 890 0.006484468706222227 0.716155860968946 0.3373477443368774 0.3373477443368774 0.42058415254830633 0.4431304030623993 0.48621668592769846 0.5286941905298124 0.5603482992215325 0.5854419109951661 0.6253647837612542 0.6870453407726196 0.716155860968946
90 900 0.006573118296040429 0.7120060453212842 0.3380711862425316 0.3380711862425316 0.41640214657746105 0.4426050517497342 0.4843037049860941 0.5177121236710895 0.5599257973661439 0.591581772811317 0.6299030814405963 0.6901860511690578 0.7120060453212842
91 910 0.006801859653573209 0.7163850623637777 0.3444642893291301 0.3444642893291301 0.4197537216345742 0.4393573279556292 0.487713805285346 0.512768099388959 0.5443297055770621 0.5767636260772552 0.6203659815745383 0.6832320022015786 0.7163850623637777
92 920 0.0067078311050912985 0.716879887022929 0.3603121137044994 0.3603121137044994 0.4111716348440886 0.43522166046859706 0.4791988003676089 0.5086353215188313 0.5409438525751098 0.5721366531515417 0.6081784134127273 0.6796454246057849 0.716879887022929
93 930 0.00639579126264992 0.6909418460773717 0.3657876031785005 0.3657876031785005 0.4085546863014912 0.42666949188253095 0.47871557722673314 0.4880623289851724 0.5425011492647277 0.5775135071434178 0.6021025221093715 0.674951616284677 0.6909418460773717
94 940 0.006044345572409195 0.6891186576572621 0.35915439812750727 0.35915439812750727 0.39191910525501483 0.4225463868014688 0.4774953203487822 0.5061716038742193 0.532319003257391 0.5778068947103927 0.6027571649622369 0.6662593355623339 0.6891186576572621
95 950 0.0055726754627482816 0.6937111887220179 0.35924873056607903 0.35924873056607903 0.37840367220522814 0.4109173034638835 0.47460290640380826 0.5009173962764886 0.5250186374112318 0.5659203297149519 0.6042295714569328 0.6714964024117746 0.6937111887220179
96 960 0.0051973996769516554 0.6903432944700018 0.3432254657324068 0.3432254657324068 0.3751329277119604 0.41051851423282465 0.46992882468598285 0.5040351594696527 0.5204403846882258 0.541372339852094 0.6093697522559717 0.6641509588764081 0.6903432944700018
97 970 0.00493886009236547 0.6800833917775942 0.3430572361744828 0.3430572361744828 0.3720283760686935 0.4043492153994829 0.45520545075060803 0.5000085914257218 0.5166174724862979 0.5386256564441952 0.6060632714669028 0.6597070761104856 0.6800833917775942
98 980 0.004770902384349875 0.6807076205106297 0.34630889793523684 0.34630889793523684 0.36816514803858635 0.40442813938013966 0.44506178873217966 0.48869929899005554 0.5119167984035601 0.537943199299261 0.5974771197697416 0.6473185766199591 0.6807076205106297
99 990 0.0044714276352345326 0.6844087594586308 0.34351893115197973 0.34351893115197973 0.3731209833424658 0.4032733054505753 0.4453480287881703 0.4826977564045517 0.4917769110193515 0.5273704932930212 0.592006541628285 0.6559439447682738 0.6844087594586308
100 1000 0.004498525069336608 0.6880830997502188 0.33701920174459526 0.33701920174459526 0.3521701135735768 0.4054232071306189 0.4469252270432732 0.47794900565871007 0.48567784606777326 0.5271007873693265 0.5904330872461155 0.6578346816993409 0.6880830997502188
101 1010 0.004337614636083946 0.7095095098520321 0.3269935899351517 0.3269935899351517 0.34949974562791314 0.40358889248251584 0.43328924376549466 0.4755910736250903 0.49282568171947366 0.5225870065323468 0.600775842035871 0.6429076342403968 0.7095095098520321
102 1020 0.004448683285182447 0.6832225581223486 0.3288564484703906 0.3288564484703906 0.35295252107318403 0.40722483050037733 0.42659639312774994 0.47098446146252604 0.4868425002794719 0.5155223447246384 0.5894018880363445 0.6485909253283372 0.6832225581223486
103 1030 0.004548766582729079 0.6676756614811382 0.32121030039324244 0.32121030039324244 0.3660789462242472 0.3992351640373902 0.4333236624048786 0.46898974226633805 0.48902992545021656 0.5156262182071047 0.5790378218755042 0.6302600429457424 0.6676756614811382
104 1040 0.004663161897622036 0.6643926215512123 0.3166100735892648 0.3166100735892648 0.38407767932169273 0.39296875837005496 0.4125142258491074 0.4592251524770523 0.4884334237670964 0.514060071354266 0.5916570576549742 0.6214720562372211 0.6643926215512123
105 1050 0.004475233078900573 0.6646842079660258 0.31415739702101897 0.31415739702101897 0.38237118928294533 0.39751608234714303 0.4236793483807896 0.4475599320721894 0.47973383669939956 0.5077195462876957 0.574035497264549 0.6255156231675979 0.6646842079660258
106 1060 0.00436642916280865 0.6464816427748993 0.3092704503671906 0.3092704503671906 0.3828082096224943 0.38750551054976745 0.42306419816445334 0.4459467922551882 0.4785706300461819 0.5066897044490279 0.5602588643910135 0.6202481499312003 0.6464816427748993
107 1070 0.004341960546244997 0.6385263299274317 0.3037290305644392 0.3037290305644392 0.3778020186063146 0.3901812121018554 0.4229079897487744 0.448228807610789 0.4680082057875151 0.48937971396612534 0.5645893358556561 0.6210815504715865 0.6385263299274317
108 1080 0.004095317409067408 0.6162701678618542 0.2997518581245467 0.2997518581245467 0.3731381759486999 0.4026096556485174 0.4183700350676346 0.44621904228748666 0.46559766762862465 0.500391864695017 0.554984831042141 0.6085183890506858 0.6162701678618542
109 1090 0.004006405836873298 0.6255655558781422 0.301636058305683 0.301636058305683 0.36488089589832023 0.3928110579622486 0.4075934461472299 0.43852458768784447 0.46370858602222537 0.4997606353653312 0.555429222309451 0.6041141130594141 0.6255655558781422
110 1100 0.004025998641232592 0.631808671852967 0.30480481237652235 0.30480481237652235 0.3608967110752697 0.39248986928615665 0.39597847081315707 0.43832400736283655 0.45504736316008576 0.4959639343434554 0.5571660175436115 0.5925325165313642 0.631808671852967
111 1110 0.004033599078876874 0.6296861531140612 0.3148436565622398 0.3148436565622398 0.35446681754895437 0.3832489617498889 0.38979538039844336 0.4448493030688851 0.45229725208232474 0.4850898538442274 0.547891929042145 0.5924553406165215 0.6296861531140612
112 1120 0.0037758048950905215 0.6345772839508818 0.3112199017919983 0.3112199017919983 0.354885396997335 0.3808020440270151 0.396458466774913 0.43742117463664304 0.4428861003578471 0.465620664563387 0.5440816702411592 0.5986971476710974 0.6345772839508818
113 1130 0.003557271549606199 0.6286305610091124 0.3103404013000548 0.3103404013000548 0.34395378192962156 0.3752341309168357 0.4020973021811764 0.4300421268540898 0.4419247012460152 0.4627165539606403 0.5393085287368181 0.5886124373639778 0.6286305610091124
114 1140 0.003145279702060133 0.6285411453635866 0.3095517709424403 0.3095517709424403 0.34461433555471876 0.37386104318772334 0.3893641747789965 0.4256750274719106 0.4485662895320381 0.45901040881387745 0.5373819542937938 0.5643362144514312 0.6285411453635866
115 1150 0.003032462370708004 0.5996382107512789 0.3062585139511042 0.3062585139511042 0.3419535132738345 0.37517146324228384 0.38507308403393187 0.41467575343659274 0.4513997799465398 0.4635036111367685 0.5421509154750933 0.5498770193793034 0.5996382107512789
116 1160 0.002936862557814078 0.6106450590023902 0.3027193601223155 0.3027193601223155 0.3443401966545727 0.3755337666919618 0.38078936672015584 0.4091520396349037 0.4457863181235893 0.46725966557046034 0.5280520283077333 0.5420040770973459 0.6106450590023902
117 1170 0.0029635373888232267 0.5854279032387263 0.3063471978432889 0.3063471978432889 0.3369993346054876 0.3705117670749277 0.380050640851326 0.4157549638171402 0.4428212087519926 0.4620094549983469 0.530095159166855 0.5352054172321085 0.5854279032387263
118 1180 0.0028918754600562166 0.5695790427087787 0.30568733585833274 0.30568733585833274 0.3359285580136019 0.36416529827756966 0.3859207068447858 0.3955336536177139 0.4413125921975134 0.4606352574314578 0.5268173747610781 0.5451372682409804 0.5695790427087787
119 1190 0.002749325885416918 0.5706853267582007 0.30440376860543183 0.30440376860543183 0.33414613401919907 0.35407361237734747 0.38592108954360227 0.395346199790651 0.4345661405175226 0.4527793183930232 0.5201361194336429 0.5371124726423189 0.5706853267582007
120 1200 0.0026395477467608436 0.555391057469315 0.2954729418167178 0.2954729418167178 0.3335324698181377 0.34923886172948454 0.3824330437282375 0.3909622783429886 0.432287238992471 0.4548937928105506 0.5193724184953935 0.5316165667497065 0.555391057469315
121 1210 0.0025778432671234564 0.551565159040329 0.29262953076472276 0.29262953076472276 0.3319471655913211 0.3499451235767698 0.37020778389923825 0.39013311925756045 0.4274801794783721 0.45165076991485414 0.5195214593712282 0.5393401855914065 0.551565159040329
122 1220 0.0024069262783164417 0.5409984764131961 0.29294963172172134 0.29294963172172134 0.32795339010392416 0.34882774875617856 0.37620574855277716 0.39188966486568305 0.41891961932138994 0.4596241704254049 0.5126848009556529 0.530075161590299 0.5409984764131961
123 1230 0.0022929460550572076 0.549024022123009 0.2879548889288571 0.2879548889288571 0.3182290811010376 0.3411094041925169 0.3768972282500577 0.3887681183619901 0.42695763117517355 0.4466925934506268 0.5084699921747009 0.5262023452966428 0.549024022123009
124 1240 0.0021076031645401675 0.5452695031836186 0.279614607926545 0.279614607926545 0.31534723288180927 0.3402565605649844 0.3843238662890711 0.3884731473562762 0.4270969835606172 0.4416937211221508 0.5023345116144803 0.5162827927896906 0.5452695031836186
125 1250 0.002084457675188183 0.5373653346974075 0.27656673947113536 0.27656673947113536 0.31092770730702346 0.3409603632817125 0.3810082206048036 0.3849036592908882 0.42968311976313367 0.4397201992080999 0.4888966188734536 0.5086249984466455 0.5373653346974075
126 1260 0.0019865778013260613 0.5359424063630096 0.27849027294240347 0.27849027294240347 0.3121187634041994 0.3375150641921694 0.3719334146388132 0.3816594094337589 0.4380749016777295 0.4558851611983516 0.47182967023408356 0.49339504606898243 0.5359424063630096
127 1270 0.001998946197020279 0.5319866319525587 0.2815010587732075 0.2815010587732075 0.30963193660592353 0.3361790132888403 0.3575804490952401 0.37548479775686405 0.43287407924157634 0.44952668266418966 0.46796333760475173 0.5024187539848636 0.5319866319525587
128 1280 0.0019729968331615912 0.5428091987640012 0.27703693683632946 0.27703693683632946 0.309599428691108 0.33226875991072696 0.34824737188355703 0.36833293844724646 0.42776722875335127 0.44140777574391465 0.46864076021501966 0.5181981897586995 0.5428091987640012
129 1290 0.0019773265987045132 0.5366415526253961 0.28444992149503207 0.28444992149503207 0.30272119054501895 0.32772528875422446 0.3405402504719923 0.3668312676893266 0.4232986350597061 0.43708887958030496 0.4642416198026956 0.5176772513820939 0.5366415526253961
130 1300 0.002104302715662584 0.5412236104498875 0.2758844960522339 0.2758844960522339 0.2934400376637991 0.3320945075817945 0.34368732901796617 0.3663305109711195 0.4236273905484627 0.4346806680267595 0.4578914577911291 0.5104346869984637 0.5412236104498875
131 1310 0.001992593700860943 0.5415768358568155 0.2699777189968008 0.2699777189968008 0.29420194181959 0.33391166665225874 0.34043365939796166 0.3859522983440365 0.40558448428276905 0.44009903900027014 0.4572030101175911 0.5109185239387988 0.5415768358568155
132 1320 0.001953419037837694 0.5199281502873372 0.26792709993566605 0.26792709993566605 0.29120722718629893 0.33263490182905636 0.3401449757054521 0.38293164330437957 0.39594801807949576 0.43678755942645375 0.4571749518070565 0.5111074894112166 0.5199281502873372
133 1330 0.0019582249428012977 0.5320004121965322 0.2665679787587633 0.2665679787587633 0.28613568338789747 0.3355223947169572 0.3391904712001466 0.37597209501919 0.400562860269112 0.4299292104716196 0.45934426186712146 0.5109837290533921 0.5320004121965322
134 1340 0.001970258318515356 0.5229337489679006 0.26529352795119715 0.26529352795119715 0.28146613700925216 0.3341440871319689 0.34806562254164136 0.3756572636407917 0.4151331890275857 0.41743780292847665 0.44879444023749665 0.5058122347689143 0.5229337489679006
135 1350 0.0019109585904330565 0.524723825352318 0.2531930221411176 0.2531930221411176 0.2804837861757375 0.33100774241918673 0.34920613930123473 0.37752328255050005 0.41025480464226355 0.41636403094318475 0.4531513874393524 0.49638003919381024 0.524723825352318
136 1360 0.0018704056357371956 0.5154910809491923 0.25280634728461593 0.25280634728461593 0.2891749606103352 0.32390316412187115 0.3516566516665385 0.37256964795600395 0.4012710567874964 0.415896769350982 0.4533775730839488 0.4959463920454664 0.5154910809491923
137 1370 0.00181184410419348 0.5049683177021848 0.25274299919776877 0.25274299919776877 0.2870146772778298 0.3292174958250738 0.35352220390581235 0.3586759422422324 0.3976008699496575 0.4110761290289907 0.45348669035151 0.48675404484736245 0.5049683177021848
138 1380 0.0017160207675525647 0.5056089819009242 0.2515749157828908 0.2515749157828908 0.2856440784127483 0.32725374546832897 0.33847972007072447 0.3650201136504632 0.39491704595785776 0.4102076656909366 0.44927937380930894 0.4798583416559195 0.5056089819009242
