% # columns="iteration, evaluation, sigma, void, void,  stds==sigma*sqrt(diag(C))", seed=1019736, Wed Mar 11 16:01:03 2020, <python>{}</python>
1 10 0.18413576504358586 0 0 0.1833498945702594 0.18306180358950172 0.18474774040058875 0.18508877263080314 0.17676967255346382 0.18411551912806862 0.1826136486647381 0.18630944748026035 0.18288455958891653 0.17580556649925563
2 20 0.198594375228954 0 0 0.20405233873872097 0.19291870192551466 0.1982798239955029 0.19803081383465151 0.19862705077241607 0.19573925601702755 0.19332969176425754 0.20855036766191212 0.1954479435259486 0.189061162004672
3 30 0.2202724493812867 0 0 0.2299382228882608 0.22202628996286544 0.21576532346107477 0.21715820571359679 0.2256664072578185 0.2210737405151648 0.2120581289987481 0.2344366618860787 0.21807848306302363 0.21309809563750545
4 40 0.25137861881547274 0 0 0.26428903735374304 0.25434220934211504 0.24971560876890395 0.2471706991879552 0.25462478505099806 0.2542705770117539 0.2393268333723735 0.26491443824716226 0.24996394789172172 0.24399267824619078
5 50 0.2397664106589214 0 0 0.25229334515813867 0.241304683402997 0.23131445722162308 0.2338277522783118 0.24275024448227076 0.24114123675850355 0.23003441126602114 0.25442234316695217 0.23327142724735542 0.22463106841342528
6 60 0.235066194988903 0 0 0.2461692529376971 0.22986517942500273 0.2218666139800629 0.22910953792891717 0.23796118585036669 0.2369265443921067 0.22922604709410815 0.24520931831441042 0.222889150208546 0.22889015643684166
7 70 0.24475135055806763 0 0 0.2530402532806169 0.23853234238520635 0.2237694840618356 0.22989521794826745 0.24654440339716233 0.26375794169969763 0.23948832247626603 0.2531963143770805 0.23182717849335885 0.24340968217986333
8 80 0.2399221083555465 0 0 0.24637774348110994 0.23603805208986364 0.21784950417883428 0.22385161676583087 0.23958421771206354 0.25046898937118334 0.23339879403679487 0.2473378901006337 0.22571320800335945 0.24036554455437611
9 90 0.22523984578066605 0 0 0.22506796920821137 0.22114225684076055 0.20568387977941216 0.20849712680664434 0.22213556421638678 0.230740783345986 0.21808485311849302 0.2294616024990118 0.20402256213625314 0.22546000423381332
10 100 0.21481604639817606 0 0 0.2144057642700152 0.21234751084892217 0.19676018827588876 0.20089484304781238 0.21040525907391192 0.21529978842745004 0.20392110579190986 0.22064770328104671 0.1912737718108811 0.2118148958818656
11 110 0.22714184789602615 0 0 0.23142804358210584 0.22669612986734497 0.2123988887102096 0.21722041672904135 0.22057953261705296 0.2218968690401573 0.22287242804792107 0.22896723336602812 0.20356376088856237 0.21529829098696213
12 120 0.22238775444912268 0 0 0.22414386789659746 0.22491305462955316 0.20064892986020155 0.2072293153779141 0.21396397594813263 0.21905956813972763 0.22079544543067875 0.213966127037809 0.19944793246831433 0.21636481707873148
13 130 0.22149061059680245 0 0 0.22317049489691734 0.22319855044367434 0.2004537113586601 0.2149437315404461 0.20839990876651765 0.20923131986853805 0.22079349842671445 0.21448976784513155 0.19528971209178914 0.2168099719510783
14 140 0.21159009702018894 0 0 0.2100981976176532 0.21222464714868497 0.19015414819753146 0.2045540470445656 0.19643627391927487 0.20221259977342446 0.20452992606003031 0.20376922507193104 0.18428111655422955 0.20576963124985087
15 150 0.19822831587307535 0 0 0.1984543380074353 0.20000110338650318 0.17638716886981287 0.1873365009950135 0.18396025927051576 0.1921862548094452 0.19328330174162153 0.1980514286772814 0.17207838321773852 0.18496299056763874
16 160 0.20668328591588594 0 0 0.20569334404310963 0.22097453203990527 0.1829866364814394 0.18885222352964265 0.1903438471953086 0.20044154486612156 0.20916721397003607 0.2138597558812936 0.18110355242681145 0.18845664145030355
17 170 0.19323458886808623 0 0 0.19198413395921038 0.20201650801772714 0.17165542981156612 0.1755998435705292 0.17903246362493638 0.18830018097551335 0.19212249748347585 0.20186064919813623 0.16508522577630858 0.17278733710529473
18 180 0.18521096571826492 0 0 0.1888133523851779 0.19352759094836786 0.1628802130512824 0.16805643208427126 0.16553365164672088 0.17745292212656724 0.17894619276273266 0.19358161599807608 0.15812872139638565 0.1626632370139702
19 190 0.17047910332919333 0 0 0.17687821003531448 0.17673474991263635 0.15265361953010678 0.15496809293351543 0.15094409412838883 0.16133270910770137 0.1621469395106595 0.1785789166626343 0.14462526958456715 0.14741105816267797
20 200 0.15570353800474943 0 0 0.16060033858482387 0.16641091931565574 0.13875688609796172 0.137551552780961 0.138999244561538 0.1438652095965161 0.14716369569351434 0.1650382387332653 0.13199845014398576 0.12725419061027046
21 210 0.15177338158242715 0 0 0.1545190165863954 0.16442281547065193 0.1372702030431647 0.13155409035835175 0.13161521861253161 0.1362673403298428 0.1402948434113617 0.160648315210993 0.12626617830337794 0.12596655365846396
22 220 0.14870279363315814 0 0 0.14843937147909858 0.1602683168079062 0.13295085393695408 0.13129011331962218 0.12930013779871713 0.1327526962080498 0.13779149581716768 0.15598886540911813 0.12511183651601512 0.12103959453038196
23 230 0.14178756590253166 0 0 0.1370540180544973 0.1515168751479169 0.12938823200314628 0.12496712960591096 0.11927059680161603 0.12614123022429852 0.1333770691191721 0.1490230205748409 0.11906144442547194 0.11518428433813369
24 240 0.13320593896037636 0 0 0.12691383790394145 0.13871833231059139 0.12373968207844267 0.11835061084189935 0.11115501811980012 0.11770751778242527 0.12316640389362543 0.13782676096869947 0.11026781402569441 0.1075955100911024
25 250 0.1289241173265105 0 0 0.1194884732668679 0.129517281360393 0.11676356598866143 0.11390617142911459 0.10631819631178004 0.11602283690968443 0.12025569296114164 0.1264347033747535 0.10697929290870188 0.1033440846714894
26 260 0.12336710899491142 0 0 0.11283183865376167 0.12141882488621787 0.1119275192692257 0.10960511144864017 0.10166835903068808 0.10975463597300386 0.11624745259848351 0.11753586555561554 0.10364824424515812 0.09312819979601016
27 270 0.11920096120791178 0 0 0.10628217349632627 0.11531436695357505 0.10720095427499157 0.10549135725586009 0.09595274538334526 0.10373240487147456 0.11171892816356443 0.11312682722142922 0.10134515209136606 0.0916049522590159
28 280 0.11184436250488979 0 0 0.10005205633289986 0.10752636325913281 0.09935677526787352 0.09745448374437175 0.08742537140872027 0.09464150410966495 0.1076149965350527 0.10304850325387478 0.0936220178776812 0.08532871383168907
29 290 0.10621604007846673 0 0 0.0947438780053511 0.10203805316154876 0.09191999813304211 0.0924408409944877 0.08048672006135389 0.0876108837272334 0.10063104327927742 0.09750587613995172 0.09015871218781606 0.08137707293828904
30 300 0.09758492681771919 0 0 0.08607561034094105 0.09002610326087239 0.08491018697755486 0.08253380330953744 0.07153173404850202 0.07969996411907825 0.0923599113607158 0.0894851014043307 0.08188079184370281 0.07568181276915369
31 310 0.09030268844033916 0 0 0.07916890031988326 0.0842325012324114 0.07698972524158472 0.07545471571897441 0.06450336809425611 0.07361063052682722 0.08514361894873916 0.0816324142781371 0.07575874320113128 0.06829621362878914
32 320 0.08288137715507046 0 0 0.07171238240596643 0.07661249584617012 0.0705792289325984 0.06883850290577131 0.05609400727807484 0.06763335250651394 0.07807109658365585 0.07568219834640455 0.06708576165853652 0.06390060990519483
33 330 0.07781717414410856 0 0 0.06665439186878688 0.07032965413821021 0.06603091621365922 0.06411380267607172 0.05254076551955724 0.06298954740574911 0.07262287403750456 0.07123776412045951 0.06296260973039505 0.0572595921684656
34 340 0.07330031337253669 0 0 0.06108180490371217 0.06565625279005351 0.0625284779773315 0.060033087157407 0.049131385588508235 0.058464068522083086 0.06859650130150567 0.06513976723187555 0.05729017191316674 0.05379727421635638
35 350 0.06897510252999493 0 0 0.05525392987212312 0.05998428221093341 0.05730416752801366 0.05529032389581626 0.04571218684582697 0.05516420154286524 0.06490431884574263 0.061183830054483856 0.05395671555426724 0.05129694273842805
36 360 0.06687494612669115 0 0 0.053588758095475676 0.06043736357704308 0.055129612585725324 0.05262233329518661 0.043590648149632844 0.05371930821975905 0.061359728379331666 0.05853738897860793 0.05195021733864263 0.04953690434517278
37 370 0.06411042171386104 0 0 0.050740928544476954 0.05789770570304451 0.052015366798785025 0.05001509467054369 0.042467502378261995 0.05054807602799156 0.05803468679529199 0.05533231110312302 0.049196852089033107 0.046463151377123556
38 380 0.06584733587790488 0 0 0.052086188557306005 0.05860483525458127 0.05341322880711232 0.05093146788937884 0.044506255270889486 0.052321378055739255 0.05826689402176842 0.05553569787195581 0.049186543472670305 0.04787467877426636
39 390 0.06347876798254001 0 0 0.04967007166528243 0.05734918690906291 0.05098803578578998 0.04854231612734872 0.04250312513339805 0.05103564634798814 0.05355287904233861 0.05297699873884181 0.04629639048865972 0.046347954004388625
40 400 0.059664149289816 0 0 0.04592055418579611 0.05311003865340188 0.04777519923417532 0.045486463160694844 0.040031489169605854 0.048303352770806995 0.05027058868469202 0.046337968274810654 0.04336526713464682 0.04417379075052929
41 410 0.060816268012181394 0 0 0.04958118126799122 0.054906392739925605 0.049244732361427346 0.04367885831243164 0.04159810886294659 0.04918825483680324 0.051426111365219136 0.04903329866122705 0.04303079735871776 0.04464850349202531
42 420 0.062117265131691086 0 0 0.05067004452668204 0.058242002921195586 0.04877252655571941 0.043034663756317315 0.04356914912284607 0.05095240997437419 0.052303790933045026 0.050738331035017306 0.044041077320288814 0.04559544803679845
43 430 0.06952419311015098 0 0 0.05617596328758554 0.06174441853849117 0.05451193970302357 0.047715787267116755 0.05201593305614429 0.05821645834722088 0.059443435160462334 0.05660908759583985 0.04862364426747784 0.05101055035563519
44 440 0.06796862351568653 0 0 0.05462662027539762 0.05984013134487147 0.05342005311004076 0.04576772762994482 0.05115312105371625 0.05482156683931863 0.05793794537104265 0.056532858764600055 0.04614145754088226 0.05007666825108405
45 450 0.06385727896419036 0 0 0.04985759802918522 0.05622125406818821 0.04879557598685359 0.042584020857783976 0.04807355266039591 0.05062444770962274 0.05253577503584444 0.05258608700309519 0.04394508014926998 0.04675689647964469
46 460 0.05752549752275147 0 0 0.0436480647399915 0.050315999825464516 0.04385856114634184 0.03790042612477167 0.0430787054219317 0.04567176490763688 0.046689378551074405 0.04585226156750747 0.03849354725714825 0.042011493653504255
47 470 0.05141254325425255 0 0 0.03798012148594045 0.04380446178897117 0.03832602719150853 0.03349344237736505 0.03769350968776417 0.04055112030765723 0.04138436595895404 0.039996073038814924 0.03437050873262564 0.037646711535887924
48 480 0.05040487708100672 0 0 0.036595997452383934 0.04161298043467953 0.037592938727121855 0.033682142298007915 0.03761815428894521 0.03813534982260084 0.04030560336569159 0.039859654916592185 0.03353115359867463 0.03703899465725696
49 490 0.04898900911927063 0 0 0.03592074172664264 0.03941993187867935 0.036386056723418374 0.032677938246206115 0.035924574181176984 0.03697695191114982 0.038567060429699596 0.03867935988760996 0.03276776390173586 0.03572874789911137
50 500 0.04587260539233969 0 0 0.03384408126910985 0.035960501001376134 0.03399534883383511 0.0307788893910088 0.03347267315300207 0.03469929897979123 0.03557528874517518 0.03548062128660401 0.030142884691898464 0.03291647144227378
51 510 0.045061716125048425 0 0 0.03284750270941093 0.03456540114487188 0.0325346953563882 0.030515703717294722 0.03234396337243588 0.03396895777582254 0.03438410928366019 0.03447558432224381 0.029010227714275 0.03252314967671256
52 520 0.043496649555298174 0 0 0.03151059543028594 0.032133748805680915 0.03148538949293261 0.02933263300991345 0.031109570237543877 0.03245238348394434 0.032763527714168884 0.03270019528723701 0.02794741322797313 0.03156167048758512
53 530 0.04009220061436552 0 0 0.028359691985370125 0.02907230807357676 0.029169531820373216 0.027238139828211674 0.028609282320366698 0.0298203048641272 0.030038082119747754 0.029875655173826492 0.025949366882784534 0.028324620415833345
54 540 0.038521813702305535 0 0 0.027146752869240166 0.027519369470862406 0.027746947730127397 0.025935712599529818 0.02772958095152522 0.028506468410067425 0.027600820272959094 0.02899339583187849 0.024766513714630636 0.027123976116095978
55 550 0.039172350594625184 0 0 0.027568877766796524 0.028773299442182022 0.027475807627861153 0.02560247540047004 0.027984075865696317 0.029168777618870198 0.02764635647631084 0.029496239414843244 0.025442775275248523 0.027256602317328828
56 560 0.03985230867819156 0 0 0.02926937194645152 0.029070720343917587 0.027732551039841884 0.025663414015793216 0.028692348450708047 0.029110989425228887 0.027392729875845703 0.029467902087136042 0.02564390634805297 0.027070360586105596
57 570 0.04027781023656664 0 0 0.030196544847378663 0.029594197868979964 0.028285472909629236 0.026318122592436783 0.028287282529815917 0.02893241551053413 0.027101500043103376 0.02915058883933106 0.025530993604380155 0.027273975649029416
58 580 0.03790698164852805 0 0 0.02884826169048554 0.027287139242680104 0.02670768466198083 0.024657839036829082 0.025940691971135174 0.026867982875825147 0.025279869525528346 0.026813845649773824 0.023929535095653383 0.025456933997409507
59 590 0.03654909552398469 0 0 0.027496479001463354 0.02585419659683306 0.025104497501522664 0.02295128992023922 0.025485019365056386 0.025911159651485337 0.024783395415299145 0.02484548886722908 0.022990829835722777 0.02505473193083333
60 600 0.03334387700308683 0 0 0.02382270893803972 0.023468634860700922 0.02287609106384447 0.020598166980520576 0.02285333737212264 0.023502555383516727 0.022558886977228913 0.022549847441705212 0.021181041139978173 0.022929635038574807
61 610 0.03379625258403438 0 0 0.02417819916864018 0.02366766976074015 0.023236453362916142 0.021060294882309035 0.023219284224725203 0.02377014638274097 0.022030920560160074 0.02346370592331982 0.021480702472540723 0.022992570534454172
62 620 0.032218768690073105 0 0 0.02249254568934234 0.022441393306221035 0.022307196013363288 0.020121545955327145 0.02190110705798932 0.022130457923371278 0.02022893154844719 0.022251208544739873 0.020032207535828257 0.021472440605437532
63 630 0.029918428172300872 0 0 0.020664667775024622 0.020502785565723654 0.02090981093005101 0.018709211455001346 0.020166953950424407 0.020495569803711606 0.018625917821769932 0.020169705318305944 0.018408938348376355 0.01987163178493943
64 640 0.0297661545397583 0 0 0.020460846547528007 0.02067895703362778 0.020733706576543175 0.01829245098286815 0.02034211722572998 0.020132809881493095 0.018504441570423674 0.020340284230287716 0.01786413333996809 0.019866417274064734
65 650 0.028000104635837554 0 0 0.019574519765691408 0.01963217812311491 0.019133462011088228 0.0171085676036333 0.01925245065382706 0.018470545137258695 0.01674002033766362 0.019307889835625366 0.01667443405660805 0.018517273710286872
66 660 0.026133464982414187 0 0 0.018173863987344368 0.01831986530774716 0.017730741788625288 0.016095391901090175 0.017283226902237825 0.016760301197466132 0.015597074725005709 0.0181946871742419 0.015512005235965359 0.016870655188167914
67 670 0.02308667455719047 0 0 0.01570850193795345 0.016256904997123962 0.01538175693376986 0.013848012663659724 0.015164425617604026 0.01471053705747483 0.013785984812684554 0.015976958192975035 0.013687219171417101 0.014641182449691448
68 680 0.02142086164492179 0 0 0.014539007885852497 0.015094899790185289 0.014044948484442085 0.01292841989619739 0.013946496536548 0.013481733516215323 0.012408030346935564 0.014818258366266528 0.012447441732742414 0.013371699223512806
69 690 0.01928797160489772 0 0 0.01284023325640675 0.013595541642688806 0.012697788081393636 0.011538221532813189 0.012746024817840707 0.01133020425110648 0.011241314847962643 0.01327201285563256 0.01105599859525532 0.011898705866941034
70 700 0.017271709269466706 0 0 0.011270578318491245 0.011677942644907404 0.011362043273234503 0.010093288270161645 0.011282503394338447 0.010040374880875802 0.010045103430120595 0.011815876865786232 0.009887769459841657 0.010601125484254296
71 710 0.015368837469479715 0 0 0.010080523835282388 0.010387056348526703 0.009932325298475262 0.008964295472592065 0.00998726626869437 0.00864184851429892 0.008954220297025035 0.010114779978427947 0.008790847594929999 0.009355413926897583
72 720 0.014885280115413495 0 0 0.009791911657702816 0.009948102476024623 0.009867208420504902 0.00886650416608119 0.009527755505976971 0.008370899479411012 0.008538602729710201 0.009322307726641579 0.008297928787402981 0.009008081256867199
73 730 0.014227820141653759 0 0 0.009203001613279178 0.00950248431036832 0.009278912821136609 0.008439891828943514 0.009180997692762212 0.007996268664515555 0.008078503790491399 0.008917375061386913 0.007757861888179443 0.00862134828813277
74 740 0.012830961965481653 0 0 0.008283084398569346 0.008583339173330476 0.00810548438428824 0.007445619617832083 0.00805650084376276 0.0071301240933186166 0.007190168596295828 0.008095858521702283 0.0069625648089012985 0.007881304938523025
75 750 0.012311155727696938 0 0 0.00781940482230108 0.008218324327148821 0.007580898774254512 0.007100112478211912 0.0075591981095055735 0.00675853380714467 0.006901624942934195 0.007794972408644378 0.006675760428562875 0.007815290143963038
76 760 0.010632996511098164 0 0 0.00671866625532665 0.006926450527000097 0.006518535084199997 0.006162016252371723 0.006455342560982218 0.0056232124333768325 0.005892381797345866 0.00659069230113732 0.0057550792984608105 0.006807316577256058
77 770 0.009942312647961324 0 0 0.006286419474445624 0.006484827127090917 0.006149873653020884 0.005822335438440718 0.005967785119599188 0.005088786211057425 0.0055509883552044845 0.0059047684329682 0.0053241966872052526 0.0063138557218098
78 780 0.009117761898953008 0 0 0.00565738750692827 0.005885355283386097 0.005387614965831292 0.005160703633679276 0.005445084659882625 0.0047421595367551726 0.005015810201987742 0.005433360143070381 0.004862894192518698 0.005799738143469664
79 790 0.00869193841841147 0 0 0.0053303493641722365 0.005733420984225221 0.005135695172775201 0.004934854081280797 0.005187287314163012 0.004430966671789842 0.004679693245406897 0.005163190017262386 0.004570954955688692 0.0053896703347517515
80 800 0.008220815365658721 0 0 0.004980029674152352 0.005365479259619911 0.004860499445743469 0.004621976502958017 0.0049500303566180235 0.004221320231376027 0.00425169963231107 0.004707022582426282 0.004320956026826826 0.005017741976576563
81 810 0.008094001079937416 0 0 0.004977291860110261 0.005285521791175228 0.004757766520996146 0.004527141448265914 0.004845152018004248 0.0041124240849789865 0.004157663961053123 0.004567613589337425 0.004200797190234491 0.004847438924187481
82 820 0.0076020964240958045 0 0 0.004616170210846852 0.004945513484214577 0.00440731122245007 0.004084973637976759 0.004493579042141068 0.003827145996220663 0.003956421867309974 0.004429879735735795 0.003935678518919532 0.004682270209433992
83 830 0.0073838348085105785 0 0 0.004424727968871 0.004794519468624037 0.004299073640126826 0.003921477553598892 0.004408776209416936 0.003687549709462833 0.0038307782006932077 0.004230719069294964 0.0037105399130845885 0.004579460482225559
84 840 0.007548981160542019 0 0 0.00451948631725863 0.004840852076731704 0.0042989291008631025 0.00425636809767955 0.004556838236683297 0.003737085024992422 0.003807448555493705 0.004311014011078747 0.0037865038446851214 0.004707849256689415
85 850 0.007051092529325988 0 0 0.004223388365715441 0.004569506836965994 0.003942720966577098 0.003845470654275209 0.0040298041883425235 0.0034401853569806084 0.003548548955988539 0.003975909059810422 0.0035618803023735462 0.004367029602325205
86 860 0.006668117975094111 0 0 0.00404713857115377 0.004310160765976891 0.0037301894473370798 0.0035875376482085086 0.0037749325848114154 0.00320092537484345 0.003334345586340906 0.003751508988590653 0.0033505056868749395 0.003967766150465868
87 870 0.006240758341963865 0 0 0.003702870998504703 0.003949738038298119 0.0034519227283070415 0.0033625312352848703 0.003494841085841777 0.0029798774922692043 0.0030611855541071405 0.0034915563901346167 0.003155509759211314 0.003684216074038802
88 880 0.00632376030847696 0 0 0.0036455666598629102 0.0040304889824543215 0.003431658009033868 0.003383623848701353 0.003489656281488833 0.0029931336520701104 0.003054859210006335 0.0036889572314656623 0.0032203320019062696 0.003766951821467594
89 890 0.006484468706222227 0 0 0.003755248962080513 0.0041546300376557885 0.0035129649207684102 0.0034881953933204725 0.0036069744911745535 0.0029879435977128153 0.003105320080376499 0.0037947644128247734 0.0033398024062978354 0.0037931878381754634
90 900 0.006573118296040429 0 0 0.0037233312674728666 0.004266803596989662 0.0035315366279680864 0.003508969305875627 0.003610858032595204 0.0030355494064585216 0.0031087186199557286 0.0038258027559286097 0.003303569624472458 0.003813229390433696
91 910 0.006801859653573209 0 0 0.003797676616086092 0.00442797342991297 0.0036399577209846735 0.0036140174816818686 0.00368143200871069 0.003150703339581661 0.0032025181293635066 0.0038949820883545537 0.003360339322667805 0.0039482836576384284
92 920 0.0067078311050912985 0 0 0.0036416342242561388 0.00430786321475913 0.0036292234192632188 0.003435779934506693 0.0036141275536233017 0.0031138579630530525 0.003114866940670881 0.0038521148421068875 0.0032445530316347385 0.0038301081138420435
93 930 0.00639579126264992 0 0 0.003476692690718374 0.004133899656896878 0.0033816792987670695 0.0033046874438067836 0.003390863382017001 0.002962379118413764 0.0029336282641084883 0.003576182063170758 0.0031510936759669103 0.003637747644325624
94 940 0.006044345572409195 0 0 0.003310632773710665 0.003837960161041821 0.003220206086428022 0.0031243369891947644 0.0031900062308384157 0.002797841818519711 0.0027641581190306044 0.0034850972567305703 0.0029241625778572175 0.0032424234605617085
95 950 0.0055726754627482816 0 0 0.0031101649810799025 0.0035277804554890257 0.002901405097021953 0.0028193502529847824 0.0027906522788349515 0.0025910833375599835 0.002531527932909012 0.003230559875003452 0.002636082117112757 0.0029616381346061
96 960 0.0051973996769516554 0 0 0.0028444807204714016 0.0032883278187266583 0.0026972239778109254 0.002607066384710967 0.002558798737618072 0.0022970836712992142 0.0023054033689210926 0.0030416370527254636 0.0024479646897614055 0.002746868902292942
97 970 0.00493886009236547 0 0 0.0026298167742857684 0.003092588026858054 0.0025690617668458994 0.0024649281728771097 0.002398899772122156 0.0021394472129086855 0.0022060179632194506 0.002857851640215916 0.0022759880719621013 0.002618876459170737
98 980 0.004770902384349875 0 0 0.0024433191575752118 0.0029921778459368526 0.002432311440031887 0.0023907364861665906 0.0023450809167188287 0.0020652150473703325 0.0021493288141677916 0.0027513199900237447 0.0021927302219916923 0.00251501850384912
99 990 0.0044714276352345326 0 0 0.002288996700982018 0.002827974352625215 0.0022772127629513126 0.0021874350184598857 0.002215839564975609 0.0019238749275180217 0.0020002009072868647 0.0025583644776397546 0.0019866896011855365 0.002376030862862597
100 1000 0.004498525069336608 0 0 0.002289420253912439 0.002809026795537329 0.0022263357849051017 0.0022338214481656717 0.002230983603366301 0.0019952316726349877 0.0020046845355080937 0.002513827757972195 0.0020153904592440275 0.0024837778592172906
101 1010 0.004337614636083946 0 0 0.0021929022199738157 0.0027097809429613732 0.0020820162705004223 0.0021506608363352333 0.002149735262709614 0.0018770615465000201 0.0019330122208186288 0.0023893648597309294 0.0018785992554073495 0.002357658915576607
102 1020 0.004448683285182447 0 0 0.002219242920898295 0.0027273509989531983 0.0021112286487674006 0.0022232896519162166 0.002210241160326296 0.0019223971059040318 0.0019316306226819487 0.0024545987030607412 0.0019092733390082836 0.0023421943428028245
103 1030 0.004548766582729079 0 0 0.0022841317074036543 0.0027080246965325385 0.0021178403157979336 0.0022788228792450646 0.002204001038052213 0.0019340357035266033 0.002025425327907849 0.0024777186273809613 0.0019996399754819375 0.002431340100425719
104 1040 0.004663161897622036 0 0 0.002275800520050239 0.002794149399869037 0.002172073833902277 0.002318050722366273 0.00222963965570655 0.001954554976194042 0.0020780453022871833 0.0025047366457854677 0.0020979334725342086 0.0024593804741983166
105 1050 0.004475233078900573 0 0 0.002078699890852895 0.0026642392153632534 0.002029811519507124 0.0022504191727204977 0.0021305314737833847 0.0018167601457719086 0.001942696016407475 0.002376179104630817 0.002037066473634715 0.002345721420676364
106 1060 0.00436642916280865 0 0 0.0020241229099380188 0.0026071359142796637 0.0019607556576012484 0.0022178330863305185 0.0020151495708612324 0.0017588991704792036 0.0018264192390751047 0.002295104977937644 0.0019822975049635467 0.0022859424443944045
107 1070 0.004341960546244997 0 0 0.0019906551078755705 0.0025936918117684714 0.001942344668391716 0.0021894347712179524 0.0019971953950654597 0.0017225483321090833 0.001776537890357782 0.0022484063739811907 0.001972897305363239 0.002206264988981936
108 1080 0.004095317409067408 0 0 0.0018523946911228458 0.0024095750404735756 0.0018081738445743214 0.0020626689014758073 0.0018567745164509268 0.0016141264511683859 0.0017221450535145674 0.002113797638771929 0.0018638909302315296 0.0020710443387328796
109 1090 0.004006405836873298 0 0 0.001793566157625111 0.0023260697439519027 0.0017819537567928207 0.0020259225551851317 0.0018032425724177586 0.0015424445151468616 0.0016843909928907295 0.0020824378310946726 0.001838880747017696 0.0019646489877084517
110 1100 0.004025998641232592 0 0 0.0017838099046154322 0.0023181649599510997 0.0018211222631482858 0.001992063016743166 0.0018143453079130407 0.001544397685302042 0.0016776724510204222 0.0021073981208431306 0.0018183052520769666 0.0019303713617876738
111 1110 0.004033599078876874 0 0 0.0018051579345007556 0.0023060355239189513 0.0018140291574194614 0.0019405275716505134 0.0017962544502981514 0.001532917864701789 0.0016598230307968821 0.002140577330748839 0.0018134017430991016 0.0019335021832252268
112 1120 0.0037758048950905215 0 0 0.0017175632916326014 0.0021298351446461866 0.0016744808833157343 0.0017649665546898357 0.0016661431390296425 0.0014357577370627283 0.0015639267110361742 0.002030477274133487 0.0016760014406271063 0.0017161249721122423
113 1130 0.003557271549606199 0 0 0.0015920074499976063 0.0019265079961429826 0.0015637563408212043 0.0016177798128886658 0.0016088400006393925 0.0013477448117175884 0.001465956042109103 0.001922234900955293 0.0015673009167770436 0.0016054667817759455
114 1140 0.003145279702060133 0 0 0.001386480515770879 0.0016698104134034275 0.0013792238163671201 0.0014434209289784698 0.001421833940841816 0.0011925418951773427 0.001221249175511361 0.0016698525007402623 0.0013841651227535852 0.0013807583749152147
115 1150 0.003032462370708004 0 0 0.001327983474013784 0.0015878099112913613 0.0013362422081147811 0.0013239022853055247 0.001364073848214827 0.0011436398071875745 0.001189510580303716 0.001627543169754886 0.0013310722103406234 0.0013436450803367935
116 1160 0.002936862557814078 0 0 0.00127727047970148 0.001545090940944201 0.0012972341627872997 0.0012830957017283366 0.0012939012393876172 0.001103878527203175 0.0011174018611199178 0.0015034084860215589 0.001279524662134709 0.0013060953835667022
117 1170 0.0029635373888232267 0 0 0.001284900456416363 0.0016057424827383 0.0012981816080140855 0.0012514428998059248 0.0012883300154609724 0.0011017009176297397 0.0011014066342305898 0.0015070471501989601 0.0012365187992386343 0.0013272555894571607
118 1180 0.0028918754600562166 0 0 0.001239041361603103 0.001544605620429673 0.0012707491169624873 0.0012187113559083227 0.0012296053068695833 0.0010590178458679737 0.0010720834078862109 0.0014442470956525673 0.0011794648665554514 0.001312058008518623
119 1190 0.002749325885416918 0 0 0.0011834425808301796 0.0014447930595979832 0.0012025811535030413 0.001121242930080023 0.0011760825018175738 0.0009790118001922045 0.0010126715863953903 0.0013397854352977258 0.001113308293454299 0.0012546195099410794
120 1200 0.0026395477467608436 0 0 0.0011351857169104433 0.0013893209118566723 0.001158816273377572 0.0010619214400518315 0.0011667946687106319 0.0009300787005648544 0.0009596081426741668 0.0012643285523871873 0.00104917595927512 0.001190807751965904
121 1210 0.0025778432671234564 0 0 0.00109997449128377 0.0013332947477621793 0.0011294505404363469 0.0010758571815711333 0.0011257325299551687 0.0008876653575350536 0.0009369178824864117 0.0012177568506093657 0.001022312335429598 0.0011409241777363536
122 1220 0.0024069262783164417 0 0 0.001012018469320354 0.0012648699756091226 0.0010504250330355858 0.0009948289415044466 0.0010359989115792747 0.0008321195855179413 0.0008637853731881935 0.0011163678097716938 0.0009422932343830236 0.0010661592969269647
123 1230 0.0022929460550572076 0 0 0.0009509908263326059 0.0012099151965067124 0.0010215438166123977 0.0009176298022743165 0.0009754723967309164 0.0007960393760664627 0.0008180078869733064 0.0010397653238340622 0.0008899719168498488 0.001003624870854435
124 1240 0.0021076031645401675 0 0 0.0008743867629816669 0.001057060247495323 0.0009393800220867845 0.000845383615127155 0.0008941995880874223 0.0007161549253097847 0.0007633129505662059 0.0009437492398729333 0.0008107008672789514 0.0009159649419410116
125 1250 0.002084457675188183 0 0 0.0008343077774759644 0.0010312119015258732 0.0009054668972182386 0.0008172263843183396 0.000924579376220055 0.0007087975343482242 0.0007911341910666708 0.000914551543085659 0.0007956846803933747 0.0008940021815720241
126 1260 0.0019865778013260613 0 0 0.000769298342982408 0.0009777103018375592 0.0008593665297122585 0.0007700705440551525 0.0008626406659586809 0.000673862805786274 0.0007510926363905088 0.0008728892688263638 0.0007636886334251829 0.0008518475026900303
127 1270 0.001998946197020279 0 0 0.0007658483694434372 0.000984807055986975 0.0008614280875492552 0.0007655567912700922 0.0008492098310235322 0.000683164986019811 0.0007566661369546353 0.0009145181027333491 0.0007752706744258566 0.0008442788104530333
128 1280 0.0019729968331615912 0 0 0.0007539413585504721 0.000957778738557655 0.0008360720258108248 0.000756842582737975 0.0008313891716368292 0.0006736244280166174 0.0007521154784507061 0.0009182719582117659 0.0007635799099400824 0.0007841658383178318
129 1290 0.0019773265987045132 0 0 0.000760309810517605 0.000943697435468061 0.0008398958929581364 0.0007349021055785426 0.0008265482978456907 0.0006697330392541614 0.0007503304572854081 0.0009419454570053999 0.0007634283860718737 0.0007727472176747421
130 1300 0.002104302715662584 0 0 0.0007830001107427086 0.0010092457129164557 0.0009320646983231194 0.0007596227139009821 0.0008745067893120392 0.0007106874536677214 0.0008141801828375402 0.0009972682421090383 0.000815431223189493 0.0008181024296651862
131 1310 0.001992593700860943 0 0 0.0007457493807778627 0.0009305558358625441 0.0008828733965549494 0.000698441670076445 0.000800347886475607 0.0006653084715216983 0.0007716415164262894 0.0009307307283156711 0.0007748220841596553 0.0007670296684442591
132 1320 0.001953419037837694 0 0 0.0007351101235062098 0.0009220475527621415 0.0008436018772355546 0.0006620342129580398 0.0008014031567588966 0.0006510649100832112 0.0007565071345288458 0.0009487907215130161 0.0007437304035852617 0.0007471736281587063
133 1330 0.0019582249428012977 0 0 0.0007302722783768705 0.0009157794482568624 0.0008394339679380725 0.0006719190151738691 0.0007978886758022817 0.0006245528363907248 0.0007648465844387353 0.0009449433270149158 0.0007406033230281308 0.0007466393451750624
134 1340 0.001970258318515356 0 0 0.0007301637851591581 0.000892471528981317 0.00084404698275258 0.0006784493266710871 0.00080952770966963 0.0006325875489111418 0.0007732594543723395 0.0009589065855104559 0.0007253042379053633 0.0007440706563168127
135 1350 0.0019109585904330565 0 0 0.00069169106309843 0.0008586479739058679 0.0008080167634660849 0.0006521842013442991 0.0007762377539573 0.0006374785970916652 0.0007535369759761785 0.0009129904679393395 0.0007147691040706455 0.0007099817617648453
136 1360 0.0018704056357371956 0 0 0.0006718276379488121 0.0008282836672325337 0.0007953423040565827 0.0006395453309838364 0.0007379839622019286 0.0006246612891020053 0.0007232881740637703 0.0008724575486052334 0.000683559697302598 0.0007052375839892818
137 1370 0.00181184410419348 0 0 0.0006430754163936042 0.0007883108102214198 0.0007586674002790391 0.0006190993673601025 0.0006993511274898213 0.0006223130112343754 0.0006956764554045435 0.0008453428649577747 0.0006475309649067048 0.0006890144516775992
138 1380 0.0017160207675525647 0 0 0.0006013322942944324 0.0007460169054350942 0.0007046221850814995 0.0005669236635705982 0.000650959252915936 0.0005881889692118376 0.0006579969036933263 0.0008050346531575508 0.0006076940461679139 0.0006556977363475591
