% # columns="iteration, evaluation, void, void, void, xmean", seed=943846, Mon Mar  9 17:26:09 2020, <python>{}</python> # scaling_of_variables: 1, typical_x: 0
1 10 0 0 0 0.06616512599055394 -0.027789089266061343 0.12148762998002265 0.34217103969441964 -0.04104447942419563 0.03025034952257199 0.34194538442142897 0.10398346261136669 0.07530134440255866 0.15261646596969214
2 20 0 0 0 0.045648994779597926 0.009479610656040569 0.5117012574807697 0.22038467220901684 -0.21584859723279176 0.2075461387200006 0.44675537419309685 0.1170478945261495 0.11646920082399742 0.2399830207768973
3 30 0 0 0 0.4320492948181888 0.012592195947197756 0.47821859717760284 0.46587109891631723 -0.15746996237610925 0.09452006787962966 0.5482549193378294 -0.002642214513850147 0.09614554154476611 0.2746687912949103
4 40 0 0 0 0.5922504796433777 -0.17212132824174017 0.6946969435373257 0.5993548320200249 -0.23993071711914174 0.24321878193523 0.7250064792046562 0.2052270981565657 -0.007611124662374222 0.2906626003809321
5 50 0 0 0 0.5931512640540915 -0.1363829739385841 0.4520137419558391 0.46990282537776573 -0.16317612158313577 0.19114850542071532 0.5816882860254043 0.22509926379857945 -0.07776037728431888 0.31440286869283873
6 60 0 0 0 0.4240349496300317 -0.10943601235876009 0.5158162955034653 0.3914973710294455 -0.036502155491179605 0.2345623371932754 0.4678829513505046 0.36094838779982263 0.20590465657433393 0.3860615169574072
7 70 0 0 0 0.5294542820298563 0.06269593543820005 0.6728067174277803 0.2229688393002341 0.047144007245176756 0.32657485092913846 0.544515622663465 0.3267183103513281 0.41845774172923866 0.2955213247583697
8 80 0 0 0 0.5033468176202069 0.21463092007951906 0.7697464510951647 0.08103844550508932 -0.04950237166146293 0.46931990047017136 0.4522711753245922 0.4274553516965963 0.5869509135657272 0.32340036311741643
9 90 0 0 0 0.5200452594233345 0.530012860929219 0.4009346346758321 0.19326918001642956 -0.00837763978655548 0.3622546211667501 0.44869659810462426 0.4683885573967455 0.6634794864124467 0.3248744968471303
10 100 0 0 0 0.7528861676329314 0.5779482842775793 0.3248877325917544 0.18717130603216023 0.06371785734843027 0.5970195588139213 0.6989993415519905 0.26285023493881676 0.7362255502819793 0.49400207868407
11 110 0 0 0 0.8824156811102375 0.6315472047725588 0.41148506204165447 0.48968269687829014 0.21504798085859406 0.48291032632233133 0.6859686362370212 0.30683672879989576 0.7390481059009079 0.5739680382106485
12 120 0 0 0 0.7861372343675026 0.6780075910520974 0.5342969811782875 0.4325578979719256 0.14051576487324272 0.4627521989358836 0.7697339159363124 0.2900916616210348 0.6699425485595415 0.5539730323607713
13 130 0 0 0 0.5571806559442991 0.5475572529286161 0.49025591045802247 0.4159554081005859 0.1978378841540559 0.3189756243603378 0.5963484917015426 0.36949381202572684 0.4989813686915596 0.4197971399770917
14 140 0 0 0 0.5151613801357582 0.5853009869212896 0.5026491821766572 0.3758450844346972 0.35350933898918246 0.427496494442958 0.6699459100218823 0.434902002146005 0.44623280123300846 0.33824743035021293
15 150 0 0 0 0.6283468269136145 0.4147082848238969 0.7149849729136502 0.5671364406835985 0.3788478376605154 0.4844543123907662 0.738254995841438 0.417163400609616 0.3623784462861515 0.29430229517996115
16 160 0 0 0 0.5998170364180577 0.50196922699226 0.5720042694526556 0.3430407821477566 0.41464320019449225 0.48377947834307466 0.6875570581398626 0.3865872430468951 0.47717736910946906 0.36033121843466637
17 170 0 0 0 0.5317362746349675 0.6011685189146297 0.4695645114543523 0.5389604133707098 0.4386086319382539 0.5043496330509112 0.6042827975974774 0.43075130095591974 0.58857953112649 0.4143782024384532
18 180 0 0 0 0.5355097695077224 0.588857562973885 0.6111892671151001 0.5009453890440265 0.5983535895377811 0.5448246276819514 0.45469612982592816 0.5308340836579671 0.5150482035218777 0.39455815240031167
19 190 0 0 0 0.6184493220897893 0.4903198131372621 0.588233116431942 0.5568618679962252 0.611293055524075 0.6576201716953848 0.4976835538115947 0.4238488057097023 0.5588680651662898 0.4223102179957379
20 200 0 0 0 0.6178442718768322 0.5728631781813501 0.6304732923036189 0.4544466097892798 0.5712107879372745 0.6877927620796358 0.5475242975398512 0.3513849889366861 0.39348651991298045 0.5217048087480685
21 210 0 0 0 0.6284965864747492 0.6054290485969667 0.6261616296155981 0.45585733475233026 0.5158128269418522 0.7246150896242144 0.6509855714498894 0.5045806440948513 0.468984359315875 0.5377205147674803
22 220 0 0 0 0.6170674214519999 0.6218367234088116 0.46422330871074846 0.4552343319563429 0.5121119207641249 0.7048517529051679 0.6748461440932791 0.4904687606356889 0.5027032999719273 0.5346732411351305
23 230 0 0 0 0.6155372119998115 0.6500041110805668 0.3791876649498261 0.4340934329788517 0.5597746494322967 0.7180007094575557 0.6726011476668903 0.5857024483279943 0.497887465610152 0.6467480747416614
24 240 0 0 0 0.5910866002256986 0.6455320022742673 0.362110215816949 0.43004279090726205 0.480058445394 0.7294945234677179 0.6286267093320133 0.6490184603653412 0.5369295345277868 0.6885725990893222
25 250 0 0 0 0.6024227837519306 0.6147402123444702 0.38709454937469967 0.5498446975202999 0.3913173296309074 0.674998816833895 0.6627477705370965 0.6401322316586627 0.5432767958521678 0.6249685387190781
26 260 0 0 0 0.5917375932587084 0.560854899079385 0.48465594490321506 0.6499116681604181 0.4576803231107651 0.5614325231611218 0.6321903712425604 0.692850784904496 0.5320629151461311 0.5256198419573925
27 270 0 0 0 0.6225838845902114 0.5176020699332358 0.5110238484722015 0.6751776028195073 0.47702140956796685 0.5289981005264235 0.5299392509274052 0.6431607661151826 0.5613983504318085 0.4607412401358732
28 280 0 0 0 0.6421866967946022 0.5514147777334395 0.5041476168109472 0.622393993354953 0.43733191878098154 0.5664883607588995 0.5633544192956006 0.6802312510201317 0.6222084805899749 0.49689905568566783
29 290 0 0 0 0.5965667118203773 0.5888020640119156 0.5666410933873008 0.5798895668676862 0.47235482359671965 0.5509107945268239 0.49738206747345187 0.7089831757769681 0.6049812963151638 0.5732536418886279
30 300 0 0 0 0.6212613163648424 0.5627327295976173 0.5098106155215937 0.6010249225821762 0.5163808104256218 0.5329696770460937 0.5007394078404973 0.6221250489394625 0.5316650331184982 0.5556993810851666
31 310 0 0 0 0.562107581419574 0.5996337249940231 0.44480209796278264 0.5638249760625866 0.589348568444048 0.5552493153968457 0.5453578539926051 0.4968742411076194 0.5561540257522513 0.5253453488831648
32 320 0 0 0 0.5928485922625358 0.5826825162935421 0.43907895706318706 0.5975886793201611 0.6163787256650769 0.5332493051869435 0.5107854048661488 0.5760368535947861 0.5834681949469259 0.49648948035054163
33 330 0 0 0 0.5763764096268239 0.5422415359321066 0.46449630984153845 0.6138768527906279 0.6257173015523446 0.5595418312063632 0.5150834446473935 0.5690734787448325 0.5453914726452297 0.5057918822967373
34 340 0 0 0 0.5977466417976258 0.4887682893632459 0.47398347526657064 0.6388672130002138 0.6251404593724402 0.6077769301907756 0.5045092494934316 0.5077609508989422 0.5647460182190288 0.5438587512535497
35 350 0 0 0 0.6033721177335306 0.47207583064767744 0.4492981533116668 0.6504980692420855 0.6029899737496849 0.5702867470482654 0.5161119287667892 0.567591913493966 0.5967377021548239 0.5935666512541179
36 360 0 0 0 0.5798796108535272 0.492854512423339 0.46047308246247926 0.6080527847129543 0.5628279495222973 0.6174718157577247 0.5259607951729001 0.5884602970181545 0.5886548424014759 0.6149295026305701
37 370 0 0 0 0.5742156689623674 0.5149888930053226 0.46095147686240423 0.6499625478886905 0.5574770345640084 0.6064853125944172 0.4777424668041246 0.5965102837737261 0.5362104484486976 0.6179080353469117
38 380 0 0 0 0.577780344337434 0.5026594234656114 0.4606813938340404 0.6494487113396681 0.6061011296316317 0.5965022971997523 0.5175342977100832 0.5773602574369329 0.545552386907104 0.588807457004474
39 390 0 0 0 0.5572270084100643 0.5153223527594601 0.5175361585294388 0.6515085175889235 0.604186187704231 0.6128328261986932 0.5181258677825344 0.5959819927759191 0.5073895814119336 0.587791264043568
40 400 0 0 0 0.561279160472996 0.5584922793933322 0.5113137901333568 0.5944195673550509 0.5963999701653809 0.5842720569893316 0.5480824590733786 0.5792713441739626 0.5287917352747371 0.5575047893680763
41 410 0 0 0 0.5709599018977372 0.580406432238998 0.49420888885012637 0.5648517507322843 0.5507679296185289 0.5593366261793479 0.5583535592734472 0.5674830046516881 0.5763828377280149 0.5536699365228933
42 420 0 0 0 0.5729662742285493 0.6285669889713769 0.4751619510420519 0.5227382703558526 0.5426751895486445 0.5507482806956556 0.5487510978498952 0.5753970316913285 0.5571023843072874 0.5635688944046863
43 430 0 0 0 0.6123810593925326 0.5844879058038082 0.526706471455087 0.5698159349917443 0.5047964220107968 0.5725439265950124 0.5201140269359142 0.5843065361688945 0.5451010553462647 0.5729989313076836
44 440 0 0 0 0.573943690507761 0.5381737925660091 0.548099341726852 0.5900016251661887 0.523506115454762 0.5552475389322348 0.5092651320280724 0.5787453432042865 0.5487933399945781 0.586862283163086
45 450 0 0 0 0.5718109286883892 0.5689053178641291 0.5708235584910317 0.548137606591058 0.5338863723466176 0.5522559196198746 0.5285984205985439 0.545236680640372 0.5315346763809865 0.5938491182034774
46 460 0 0 0 0.557398861631413 0.5553934135062136 0.5846313888696757 0.5168426090164118 0.5190202206644278 0.59131025416605 0.5724742747883131 0.5581176832605628 0.5461471555088759 0.583433336175459
47 470 0 0 0 0.5433458353148152 0.6085370518456116 0.5595380567697162 0.5224149526060737 0.51629263272079 0.5816494958970738 0.5947255962487353 0.6023611505558645 0.5265486447675298 0.5513212605029487
48 480 0 0 0 0.559857656210217 0.611790409408265 0.532874191557629 0.5315018504045859 0.5495167416852578 0.571210163501154 0.5984159155683801 0.5511423281865254 0.5237472366232983 0.5566928382123127
49 490 0 0 0 0.524764029779424 0.5849833001425802 0.5224356382268119 0.5476679801577103 0.5261442720897413 0.5737265129987011 0.6235903343462279 0.5666729779550638 0.5166110205960777 0.5904869410155066
50 500 0 0 0 0.5771454280254851 0.6072165404137371 0.5043514230537806 0.5436902249707043 0.5182568981521997 0.5199811472602316 0.6096567054456519 0.5677319785624566 0.5408880599413117 0.5835109987398199
51 510 0 0 0 0.5688422329941284 0.581374377439277 0.5252223581802314 0.5731577452646169 0.5059506116876588 0.5446013752839471 0.6062871789791971 0.5562936804749596 0.5361552444976418 0.5658697914071155
52 520 0 0 0 0.5838604197707353 0.5689829060561792 0.5326123721736435 0.5443518044060738 0.5446143157643749 0.549816847086128 0.5993243575834251 0.5323661824636012 0.5191657689785296 0.5585946386521923
53 530 0 0 0 0.589038443439451 0.5788353026481334 0.5408203683905192 0.548791808637355 0.536777365247627 0.5453254483996071 0.5833810731598505 0.5527027945729066 0.5360553860212524 0.564790502275395
54 540 0 0 0 0.5710657116857379 0.5887464581226403 0.5470012671674875 0.5604102437074703 0.5397659301265625 0.5487813218719554 0.593453852394624 0.5373730696553638 0.5318400186421683 0.5682135965445195
55 550 0 0 0 0.5663750798965564 0.5812167427735568 0.5438918377843484 0.5573110508221162 0.5363817354765249 0.5573540687326957 0.5847087183309753 0.5458676337152658 0.5596486133781361 0.5509207723338093
56 560 0 0 0 0.5641727739310863 0.5776108150579169 0.5647320245071457 0.5486179833718252 0.54569519712227 0.5706321899485959 0.5624066829460194 0.5480216762861927 0.5610011549117425 0.5504268244561153
57 570 0 0 0 0.560780764290893 0.5676222704260842 0.5674611077651441 0.5592019340572733 0.5477449711927346 0.5456208569088444 0.5617025143268302 0.5483018603612334 0.5585785705332222 0.5369035246589254
58 580 0 0 0 0.5567743172776803 0.572766082419338 0.5470186933634532 0.5724509997741588 0.5337349575064771 0.5449782126106805 0.5573829087318362 0.5615074400754747 0.5568373376300482 0.5405038138369976
59 590 0 0 0 0.5605972025321488 0.5735156416427947 0.5426671380706646 0.5512898627760164 0.5448313528934936 0.5588458080034541 0.555365256121986 0.5630644226836186 0.5621181845873648 0.551458089378598
60 600 0 0 0 0.5593063519086664 0.5586252289342669 0.5425978279939614 0.5556090405388938 0.5627040677906044 0.561147823362203 0.5533347763613754 0.5643105083437645 0.5526771370554953 0.5475353638769292
61 610 0 0 0 0.5589274413902299 0.5612141178311992 0.5523922613843958 0.5506017750797179 0.5489660625982293 0.5664648684814868 0.5528098247619 0.5646920964689977 0.5414519729825573 0.5565673446095433
62 620 0 0 0 0.5582949945629706 0.5540400480669776 0.5446945752705605 0.5552539695364548 0.5538225029593641 0.5513429822459224 0.5569309933397543 0.5699783299167214 0.5384366223014472 0.561522577550209
63 630 0 0 0 0.5563970517426324 0.5561396039994008 0.5536106076639646 0.5635840829482793 0.5468223439838964 0.5500242342365567 0.5496179133191516 0.5695795897476581 0.5475930864424464 0.5595724755865787
64 640 0 0 0 0.5550527950219757 0.5470106315630686 0.5579713925195121 0.5666709419185508 0.5487908272220814 0.5558060402874304 0.5604578159736586 0.5656646390911197 0.544508221315106 0.5559958125662314
65 650 0 0 0 0.561699726108499 0.5414710849628007 0.5622452293894209 0.5592009491806461 0.5525745131605213 0.5533138714580105 0.5522483364100961 0.5577439499020643 0.5472202920904792 0.5637068660028565
66 660 0 0 0 0.5516771808235503 0.5409486276217966 0.5621856127289563 0.5626548995312367 0.5561711965576823 0.5612072371151533 0.5581714379392497 0.5615872852866396 0.5440464658319188 0.5547580958057909
67 670 0 0 0 0.557462136781572 0.5517463303851 0.5628624578366271 0.5555801246306549 0.5500813973201232 0.5575861420930105 0.5542722947455216 0.5651401052247962 0.5525317222932759 0.5596392725945368
68 680 0 0 0 0.5600038461929626 0.55557117682441 0.566702282063085 0.5528438462222088 0.5506174877143152 0.5624482518828028 0.5548804421784217 0.564218167738721 0.5554725794127237 0.5513324148270402
69 690 0 0 0 0.562795065239507 0.5526768045421918 0.5708395787296456 0.5562087863809794 0.5521814037036364 0.5589097954114044 0.5519389244958557 0.5620461093310349 0.5530284215901039 0.5541228229783679
70 700 0 0 0 0.5632740955459757 0.5553258880659663 0.5668677139236733 0.5461459830093743 0.5490514499140121 0.5617667506727639 0.5555601937585627 0.5622977228364401 0.5547162060729456 0.5567848840725043
71 710 0 0 0 0.5575070110440202 0.5519344299355957 0.5645769975632396 0.5496911312711358 0.554134929151545 0.5622667932851925 0.5600897885853504 0.5598538443794454 0.557020791660479 0.5570555081531925
72 720 0 0 0 0.5574017796630929 0.5534587513495619 0.5621398408932106 0.5486065402178892 0.5535157231346752 0.5662262599000255 0.561964509044818 0.5610783499216927 0.5538649065800593 0.5570770052405389
73 730 0 0 0 0.5577375093027213 0.5523695800692948 0.5636185850326336 0.5548407150421549 0.5555740571200761 0.5591468620112365 0.5601899822816967 0.559034239673043 0.5573969971881451 0.5597344745515926
74 740 0 0 0 0.5582569755729291 0.5513131009605055 0.5618099880513372 0.5582465012883172 0.5549571884865763 0.5590921042767333 0.5624158278122597 0.5640406058924085 0.5528143713124104 0.558571139713066
75 750 0 0 0 0.5603802475689508 0.5549284344635402 0.5607000474931513 0.559064837099213 0.5565587812605383 0.5566287710311245 0.5629119355355702 0.5638732104648038 0.5553183628686267 0.5579136755233354
76 760 0 0 0 0.5628676758670674 0.5576303388885726 0.5635992222935655 0.558686613484912 0.5559685640293686 0.5592517526332085 0.5629925345001697 0.5587741372999989 0.5560990181339721 0.5602593354576862
77 770 0 0 0 0.5615392623543275 0.5602554288603009 0.5614206518905627 0.5614467735362753 0.5578160475882182 0.5573887778268738 0.5659437211791167 0.557794695129703 0.5576623119731943 0.5598652583130725
78 780 0 0 0 0.5617467012212898 0.5594302823092288 0.5638338098924478 0.5574433446222696 0.5557228782705118 0.5571199022738242 0.561023186880778 0.5583249718468654 0.5623542698123875 0.5619419464828739
79 790 0 0 0 0.5586397590675372 0.556878166506206 0.5637255562267712 0.5610313441810468 0.5568270800709408 0.5596235157655632 0.561361121489062 0.5577932374546049 0.5619178837964867 0.5615695224251716
80 800 0 0 0 0.5600947964620618 0.5609547656302397 0.5602756508175657 0.5627193877717404 0.5574233313245036 0.558820700870848 0.5650125018781367 0.5575740458478192 0.5612737047876614 0.5611047433302028
81 810 0 0 0 0.561718463846943 0.5606295027337673 0.5609764164079388 0.5630444763474256 0.5577990247342626 0.5593773877468696 0.5619869937345894 0.5616520115197258 0.5606665613670353 0.5609177940814635
82 820 0 0 0 0.5607955268313174 0.5605890187559016 0.5603764449543536 0.560413664191304 0.5617058447511145 0.5590013675054425 0.5650106303906619 0.5609102247909956 0.5611682644157548 0.5599866140032377
83 830 0 0 0 0.5621370122521365 0.5599970339811136 0.5593238229757288 0.5586168512243745 0.561072033258356 0.5620605410831646 0.5622590099113137 0.5614005587092379 0.5636791933799349 0.5590198582084401
84 840 0 0 0 0.562484705782903 0.5594584490881741 0.5605224558230162 0.558611439893946 0.5590310641761806 0.5594325052253631 0.5609180275665587 0.5601214309520236 0.5627679726275313 0.5634737460909575
85 850 0 0 0 0.5639525093926778 0.5602071674427112 0.5605271480203833 0.5587008587404203 0.5579719457084408 0.5620828893831578 0.5625459835109977 0.5629989872652064 0.5624183476643798 0.5606563410289562
86 860 0 0 0 0.5625458255143215 0.5596543530048447 0.5606149959095265 0.5610042787517986 0.5580924012888654 0.563308059217341 0.5636920299992357 0.5617800482496084 0.561683580285051 0.55944424248986
87 870 0 0 0 0.5628446280968122 0.5609366294718909 0.5601198105364151 0.5613726294419472 0.558455257011471 0.5615302221714054 0.5629379133839819 0.562501060298873 0.5622546671714079 0.5586522391536992
88 880 0 0 0 0.563412169432831 0.5614710070598202 0.5631966038115478 0.5604558294989621 0.5586421243848825 0.56073963047872 0.5622700581515385 0.5621724677518672 0.562886086420428 0.5585275519471868
89 890 0 0 0 0.5641995337973444 0.5608937066886032 0.563140499308301 0.5609046396664634 0.559539696878945 0.5605551496716157 0.5636815827913512 0.5615982716405268 0.563339573881024 0.5592987176459358
90 900 0 0 0 0.564801273583086 0.5621518702555062 0.5630687865509769 0.5614774753061856 0.5585585877843835 0.5597286891792456 0.562746694814401 0.5623992316024742 0.5620429315412779 0.5603855859357244
91 910 0 0 0 0.5646362948121597 0.561550352599455 0.563902599091751 0.5625801553650748 0.5599775153822635 0.5604662210526913 0.5627000474698084 0.5629010504627429 0.563503934708317 0.5600235980070394
92 920 0 0 0 0.5647268755158854 0.5624183210021659 0.5644363505334725 0.5607283136337166 0.5608910628388332 0.5600986096521172 0.5641278645533656 0.5628083348040364 0.5627222901548427 0.5611626667959929
93 930 0 0 0 0.5641584572152293 0.5628889463173727 0.5642093302677654 0.5610205752106407 0.5597695234209229 0.5603831667396897 0.565948832697635 0.5629754628570719 0.5628891860976543 0.5624136918187499
94 940 0 0 0 0.5658079173083107 0.5633598236062306 0.5650323183339873 0.5624388740293074 0.5605235828545357 0.5616482465275012 0.565570827320739 0.5622190182688912 0.5634357893678493 0.5629302807494629
95 950 0 0 0 0.5653348043744034 0.5628658022639185 0.5640863088975103 0.562762335365098 0.5612403324055024 0.5623168974114438 0.5635517686467805 0.5633726566216407 0.5632795122524421 0.5627135716578058
96 960 0 0 0 0.5658783702555565 0.5622693508546133 0.5633046199576561 0.5639087175140078 0.5618636639235817 0.5631350644843367 0.5628451908113917 0.5644005869593615 0.5624410313060089 0.5630407417573079
97 970 0 0 0 0.5685611483672387 0.5646123893481942 0.5635353766859329 0.5643464372377844 0.5622809250868804 0.5629254515029762 0.5629717420261378 0.563436078758798 0.5624005837194883 0.5646484179893523
98 980 0 0 0 0.566715058084032 0.5638038365091588 0.5636766613054413 0.5664558938376406 0.5648368048914396 0.5640795364751316 0.5646023080806468 0.5629695939571149 0.5614381286261473 0.5659104730057536
99 990 0 0 0 0.5659214192048024 0.5639594494785815 0.5618216669471761 0.5668418232764935 0.5655372815013036 0.5647405078107859 0.5649242629510555 0.5640324622203549 0.5603012365882534 0.5669086086437641
100 1000 0 0 0 0.5671503059206041 0.5659756153385911 0.5616919596264995 0.5685195523900338 0.5648479393213456 0.5654261376914897 0.562543694499055 0.5635393880853506 0.5614467659833102 0.5694747742877203
101 1010 0 0 0 0.5670287740759754 0.5672478512473828 0.5618141259436849 0.5684259273470388 0.5642884796226001 0.5641076417728456 0.5609519283749463 0.5627307439026854 0.5627625366968346 0.5736409405567771
102 1020 0 0 0 0.5677313460016306 0.5663843421648804 0.5613819799066235 0.5664253773545224 0.5646387768986448 0.564635678111284 0.5623053590399313 0.5621513274793292 0.5630039710511836 0.5712933479869224
103 1030 0 0 0 0.5685166486149529 0.565382933036203 0.5632688440982724 0.5643860515270649 0.5650039357542087 0.5617844117838373 0.564243478190042 0.5635829766649157 0.5625074238728983 0.5715942531661936
104 1040 0 0 0 0.5663364634828796 0.5665812484197945 0.5624984020473237 0.565426311385761 0.563519456084317 0.5637414454671806 0.5675363832627862 0.5637751575995834 0.5622200635917063 0.5692101324903698
105 1050 0 0 0 0.5649536473479728 0.567480297938118 0.5611079794797779 0.5654478503114858 0.5661106931940244 0.5636971563912264 0.567785398319936 0.564895048644405 0.5642551057245858 0.5691392936765486
