% # columns="iter, evals, sigma, 0, fitness, xbest" seed=1019736, Wed Mar 11 16:01:03 2020, <python>{}</python>
1 10 0.18413576504358586 0 0.003688232860669771 -0.014791510676389931 0.08696463584870912 0.13436498835262492 -0.07917953830860949 0.18944461596720166 -0.11558543108368242 0.04283853537410538 0.21002118940973413 0.1310828820017613 0.06423934684403194
2 20 0.198594375228954 0 -0.07244833968411715 0.25463660065387184 0.06397011329089747 0.11380908367967321 0.10015087083910335 0.5069938145741999 -0.20762066215152736 -0.03786552863135767 0.42573019703277265 0.20383859523443415 0.15129619846954248
3 30 0.2202724493812867 0 -0.1465009878866934 0.4431113389254284 0.4301344328101226 -0.005814092986783259 0.02176316246983867 0.1585785106433321 0.2530036505464913 0.2695084608800413 0.4624047521502632 0.4086140109010792 0.3315719909223176
4 40 0.25137861881547274 0 -0.1485461446304947 0.45415419588793476 0.596884027876477 -0.08181419418680025 0.33383079837156976 0.4618512796419507 0.31485617768913576 0.2640294915720367 0.5043751008955237 0.2849910998952482 0.15568130693959525
5 50 0.2397664106589214 0 0.009216976375589658 0.5315285363788189 0.5443691095097516 0.23789721258628466 0.28056966172716336 0.5216106588113603 0.1485051759429774 0.48743468916790655 0.45521876679209594 0.14151755139832223 0.2294598718770351
6 60 0.235066194988903 0 -0.000331563041146353 0.34994794381577043 0.2875790545136439 0.23676024111143262 -0.03244412878107503 0.4908498652024219 0.4049534570297185 0.6593786541475658 0.1547630379256777 0.00019143757798956162 0.5069408745723968
7 70 0.24475135055806763 0 -0.010083311689098737 0.5521236699430339 0.6862517546467444 -0.01655295460245154 0.2875273331764906 0.5937577775939169 0.8512820463215932 0.6688109454065345 0.3127984619552924 0.3862500157184366 0.6406201539185532
8 80 0.2399221083555465 0 -0.01062845641088729 0.38180972535217467 0.8158897843771782 0.21306008518164443 0.23676144571041044 0.40672451893980277 0.6505530147040121 0.5464727934187706 0.11088266434007368 0.36544383586278506 0.41438834333917995
9 90 0.22523984578066605 0 -0.03352729448694478 0.5873169378223312 0.37786536671036575 0.3140762265784294 0.20823595749850435 0.5998460391492441 0.3743258009865895 0.6247124558528206 0.41027508570462223 0.42992659212810524 0.4074342501580659
10 100 0.21481604639817606 0 -0.021459953519488213 0.5737784792030057 0.8233740889854324 0.4375757292960709 0.47647420267220053 0.4348725054747754 0.38791069958984914 0.5848722477599074 0.5068755258311572 0.40311443261819624 0.4093802639664567
11 110 0.22714184789602615 0 -0.04019675521476377 0.2601622763848743 1.0651292197207347 0.5358356750061016 0.6080935840273279 0.3476924614364504 0.5055320941066663 0.9603931337451078 0.45142552163212296 0.5998555166565332 0.4413398510347908
12 120 0.22238775444912268 0 -0.04361557610957257 0.7086698437922271 0.8225988436308126 0.3663165022277577 0.5645543345910216 0.5160847602070621 0.6375607037679843 0.950648351804384 0.3362531083890755 0.5912416394271609 0.6864116093171129
13 130 0.22149061059680245 0 -0.03793079217126036 0.5203302421003854 0.6449437701122367 0.7194206693920837 0.6635022990773303 0.5176715537820994 0.4560991606999472 0.9193745402017784 0.5897447782163396 0.17985915933422536 0.8016946095481646
14 140 0.21159009702018894 0 -0.037420702187033195 0.6444471656537892 0.6843319419194415 0.3843379613579431 0.7474643597797579 0.29849879583923844 0.5641876719060213 0.7766385799234594 0.4409878752566515 0.36071775013879787 0.6499910367969796
15 150 0.19822831587307535 0 -0.03582665875177151 0.9200642764479909 0.7996405990104632 0.5241564893422618 0.4390643684871973 0.635632135079797 0.5326984854096807 0.9103608706585529 0.8076506510360633 0.2734855339390616 0.5384973143647895
16 160 0.20668328591588594 0 -0.006788295065724243 0.5779959856559576 1.3974266118941092 0.5561566222402465 0.6382038371755645 0.55666087004988 0.5481139026706487 0.966834088968033 0.8746949246432405 0.3994525670989358 0.7708244961428461
17 170 0.19323458886808623 0 -0.002997587857507 0.891549198300796 1.0188688446638794 0.7255336083375032 0.9182679207516314 0.7529333248196453 0.5572333135155634 1.1949443040703804 0.9847029557563964 0.35065386673057564 0.6372384927248351
18 180 0.18521096571826492 0 -0.004149829589869583 0.5018118782253952 0.8564995188915735 0.5614277240221622 0.5752546053860808 0.5804686101807774 0.5530034163795516 0.9884501881879638 0.9371491205926545 0.5611072001984276 0.5550866283711673
19 190 0.17047910332919333 0 -0.0026087162754829273 0.888932068082789 1.1989450207432313 0.7453680796200328 0.9073296670302886 0.5916199172311767 0.7374321360115693 1.0887094957158225 0.8106885281307861 0.4356079167762221 0.5497502145658657
20 200 0.15570353800474943 0 -0.012896282410697214 0.7906091464811851 0.6236192425724649 0.6661798774648312 0.6854103841150221 0.45823496131902275 0.6946372318518471 0.9284458575945451 0.4476957986682874 0.4765584040822639 0.4460250854226622
21 210 0.15177338158242715 0 -0.015121097315681396 0.5944766532575928 0.5961417877646565 0.4545083579902278 0.5806752179485076 0.4971041183914037 0.7830801955547789 0.9101802562098777 0.5103394117344686 0.5164149362542003 0.7061538825404464
22 220 0.14870279363315814 0 -0.014074605377186192 0.6716323399121158 0.7639671034125162 0.3332589330299911 0.6076773188992762 0.4074926010135402 0.6250132357575263 0.7012136646513399 0.735899617579032 0.5428840520661569 0.5347718517824764
23 230 0.14178756590253166 0 -0.01566486750861798 0.5469064907007117 0.865864528569322 0.6611112173182596 0.5564748317779936 0.4199686841172604 0.5863903448511483 0.5930680523916859 0.8182967874210247 0.502174146057836 0.5179076977535447
24 240 0.13320593896037636 0 -0.019872875039136487 0.7960151711396806 0.7537652828988224 0.4677819110092087 0.4632011006625162 0.6081138056979879 0.6258904423844732 0.6835449978562669 0.7101021196671987 0.5876352914627139 0.4567120806552654
25 250 0.1289241173265105 0 -0.01628576483774869 0.6986448890928962 0.7828693489588566 0.7406001172161679 0.5820336494973645 0.572629636239833 0.4309982058301498 0.5716958049233942 0.6801403573722327 0.48009782565009573 0.5543567623172139
26 260 0.12336710899491142 0 -0.01666234115560824 0.6642905449093905 0.8196472494076157 0.6064679056632587 0.48053842238592015 0.5225495022925816 0.654103022160212 0.549631536733816 0.7428428809408409 0.6806776243259288 0.6006194857102295
27 270 0.11920096120791178 0 -0.014424465655242406 0.7919125626830499 0.7358579861653933 0.588030449545365 0.5438759064946493 0.5411666463168379 0.6292135710301063 0.5374297693277253 0.8092935160098215 0.689058368904491 0.6524220585811362
28 280 0.11184436250488979 0 -0.011831382577377288 0.5804607485536565 0.6612989776659774 0.5144788145947551 0.6136652474185352 0.5513798343249049 0.6157890147209162 0.8072661702207153 0.6808267879654586 0.6918159021106426 0.6108047862957269
29 290 0.10621604007846673 0 -0.011304574335212113 0.7389965309660177 0.6504222535080519 0.5427465631689703 0.4627065746298876 0.5269437668912479 0.552078945426126 0.7484225116429402 0.671368318602971 0.7236407568569074 0.6985793563484168
30 300 0.09758492681771919 0 -0.011758266511987761 0.762691183102447 0.6550161883044269 0.5163916256235368 0.524919880803963 0.5062639702385892 0.635568025903394 0.6700100353422916 0.6838301889976676 0.7174508637611021 0.6788089806219486
31 310 0.09030268844033916 0 -0.008222512000938322 0.6294002328131993 0.848591336519231 0.5382504170167448 0.6617423048023443 0.43244872141733126 0.6139700279893552 0.7275501170076506 0.5938657731112598 0.7395293786898197 0.6614235571250373
32 320 0.08288137715507046 0 -0.008672747121542985 0.5993259323608492 0.7803545417122857 0.5535932507385226 0.6808520580050565 0.499775603636838 0.6932809055439032 0.6298705900991979 0.5500703028594064 0.6332800902140525 0.5725829794789284
33 330 0.07781717414410856 0 -0.009760175244421116 0.7051306974203564 0.7399615861133896 0.5723041880363936 0.6042688556346123 0.49558735177796676 0.6844268842906913 0.6273679149282154 0.5194051029434219 0.719137080044198 0.5635477687197042
34 340 0.07330031337253669 0 -0.01012329631805513 0.6797214074718662 0.6665780964923691 0.5194918953274161 0.6137825830797548 0.5496012571273271 0.6215205223719169 0.6874248289073653 0.5793077428372196 0.7180070118119554 0.7060235988087443
35 350 0.06897510252999493 0 -0.008108096642837128 0.7132700362837774 0.7185969507329659 0.5760162456714568 0.6716719027227636 0.520617444930234 0.6505573503723402 0.7563214298741407 0.5842407654660248 0.6916393581951334 0.6881723840007083
36 360 0.06687494612669115 0 -0.009805336332047701 0.6357292895855571 0.6203815452043279 0.629103813037798 0.7177252610306543 0.530213520286416 0.704797025873081 0.7028842333220736 0.6457825970284671 0.6676066630672853 0.6797530172241575
37 370 0.06411042171386104 0 -0.010694188970843108 0.6773497290066132 0.6659150907007279 0.6109323018505833 0.6437001286519255 0.6090870774399914 0.6259103504865253 0.7183243321151882 0.5848240373189941 0.7082328349615725 0.6682434665721319
38 380 0.06584733587790488 0 -0.009384393445998649 0.6626558674633131 0.6821515843276806 0.6612236754331907 0.6615981061519454 0.6103812629307837 0.6961305120076675 0.6893482207950573 0.5593411727226368 0.7440381881609223 0.6100343398938409
39 390 0.06347876798254001 0 -0.009050374156494262 0.7281450567932239 0.6344515668847912 0.6289372022361628 0.7027132558641431 0.5483517424789528 0.7136418265837129 0.7029208433167882 0.5871532749883688 0.7399046251544736 0.637967173941967
40 400 0.059664149289816 0 -0.009528680110838263 0.7026110092067109 0.6500405446133846 0.62376108860955 0.7081142261680571 0.5989374663783288 0.6880789989313288 0.7928090344228231 0.5787579433863301 0.6698544990702531 0.6720336208598371
41 410 0.060816268012181394 0 -0.008631632477234485 0.8109193213866572 0.6278518484643159 0.6277462483829108 0.70850539776941 0.6457289422126309 0.7160024422724457 0.6801799335099856 0.7100298873892008 0.6707780609706577 0.6285401633353309
42 420 0.062117265131691086 0 -0.00883015651173461 0.7424422409044382 0.5624108580968425 0.6731491368731716 0.6770459811534472 0.6220774163322303 0.6929533850516549 0.7246636758813753 0.5940935406099318 0.720298763711259 0.6630381909675958
43 430 0.06952419311015098 0 -0.008632151312507387 0.7338749221627149 0.6517912953989292 0.6759926014683191 0.6976727329535806 0.7085787110048275 0.6014752917780276 0.6577701689874961 0.6038086738689029 0.6760479445689417 0.7084571294531056
44 440 0.06796862351568653 0 -0.008560082973916795 0.7112725503259516 0.6522241999964742 0.6843687306481206 0.6722091792767235 0.7203102335154441 0.7466249045205052 0.6767056107036261 0.5638355794190687 0.7087448266807668 0.6851037383016383
45 450 0.06385727896419036 0 -0.008437193621303905 0.6970609879800381 0.6927885611566766 0.724032323732294 0.6588670845832786 0.640515043524427 0.7152542309580278 0.7300180333563963 0.6122965467044077 0.6348095339784356 0.7002829287213183
46 460 0.05752549752275147 0 -0.00972318554873539 0.6999018563260425 0.6837298754725368 0.7005238318505576 0.7100622542282629 0.6278018748100342 0.7173730414123706 0.7377624538840649 0.6531686847323264 0.6515610733636659 0.637223073161786
47 470 0.05141254325425255 0 -0.009042576896847555 0.7118308542078057 0.7040260576020437 0.7053311925628468 0.6866465186659566 0.6612666752801102 0.6942362324846606 0.7105035629169765 0.635786837770444 0.6619235231667402 0.6950373379523662
48 480 0.05040487708100672 0 -0.008546347338405294 0.6828888818653285 0.6885445725770729 0.7059022394355682 0.7297929471387259 0.7121719185010912 0.6846715716280178 0.7217281431010175 0.7175281974532075 0.6276325436830931 0.6506426240771845
49 490 0.04898900911927063 0 -0.008812987255192023 0.6626497398373631 0.6616737928063038 0.6502899922950115 0.7106960452756113 0.6799142311998279 0.6451924088028145 0.710606852257872 0.704361657561606 0.70410630606059 0.7222502048619633
50 500 0.04587260539233969 0 -0.008833659305736909 0.6327921494672339 0.7134062511100355 0.6806349338448566 0.7387924105695624 0.6841449708537198 0.6827967331605628 0.6921323670812369 0.6844439463314828 0.6726382735544024 0.665304831806398
51 510 0.045061716125048425 0 -0.008764423396449228 0.6301560205342948 0.71257118740103 0.6627824133609594 0.7326352895657054 0.6904880646415726 0.6654012649281149 0.7193046822192892 0.6994056040173404 0.6531621519396207 0.6990129926784789
52 520 0.043496649555298174 0 -0.008200502621747064 0.6575927284425086 0.6948979759202124 0.6236441486196269 0.7813131749204943 0.6971501578868874 0.6701052856417005 0.6983402062357766 0.7210339649634632 0.6727986213710903 0.6825474952091583
53 530 0.04009220061436552 0 -0.008419652132913133 0.6485189763607466 0.69724795313363 0.7173307897768677 0.7218241444367369 0.6959831644658979 0.6909572342464442 0.6935666605228 0.6877542216477637 0.6630090761396695 0.6793644635704799
54 540 0.038521813702305535 0 -0.008466137247739302 0.647227616671834 0.6914185612859811 0.7172783027708187 0.7207742270009516 0.7250950912190597 0.71079463337061 0.6955288292892567 0.690818831303175 0.678192643344049 0.6781919490512659
55 550 0.039172350594625184 0 -0.008156249236922805 0.6810895944592303 0.7271550984111655 0.686263374923316 0.7216384442396493 0.7311385268703768 0.673820825012359 0.6984862198288713 0.7171776163141166 0.7185770850919272 0.6598501653856592
56 560 0.03985230867819156 0 -0.008175372238974224 0.7065504954348911 0.7214272797487036 0.7234359845784418 0.7147697829466731 0.6932141408482646 0.7106874966536454 0.7017068063628381 0.7023360982174207 0.7091781620444453 0.6632604330573917
57 570 0.04027781023656664 0 -0.00775064701086397 0.7387451774753377 0.7412323138956004 0.7182724587149166 0.6778179032095385 0.70867225983307 0.6915312297060792 0.6924325428134772 0.7065690833395499 0.7049102230049774 0.6898138950102962
58 580 0.03790698164852805 0 -0.00757596642411363 0.7134119260929889 0.7153957067832176 0.6871207975523539 0.7288110857572433 0.7256880202729691 0.7207313587351812 0.7249203386823224 0.6740317868995083 0.7132438408920172 0.6890068049731647
59 590 0.03654909552398469 0 -0.007570634968114511 0.6947171265068507 0.7079294540723632 0.7107845331142542 0.7271631571151088 0.6812734332843756 0.6726078359155665 0.7464288962469786 0.6871382881927016 0.6931233448988116 0.7007839415371723
60 600 0.03334387700308683 0 -0.0074521196157350846 0.7024243335606432 0.715506733882056 0.7070723331936692 0.7271936436268434 0.6928498497171646 0.6751524994515161 0.7006884356888086 0.6943963943889306 0.7447117594072853 0.6790555812027607
61 610 0.03379625258403438 0 -0.007560034875280159 0.6613680680542436 0.7098567759963436 0.7402776975865388 0.7068147029900533 0.7144507521274599 0.6751906688348435 0.6817960001753322 0.7403486803857487 0.6949817550044702 0.720401878858192
62 620 0.032218768690073105 0 -0.007399320754575531 0.7006777644405568 0.7117667754287422 0.7346697187248044 0.695105252414476 0.6916000432605303 0.6834079090668578 0.695514906793901 0.722198346440063 0.7105552281790164 0.7254765354088889
63 630 0.029918428172300872 0 -0.00753120788113012 0.7070993363455882 0.704794411967582 0.7021260347694447 0.7011182864574664 0.7206240938303915 0.7080183297122119 0.719054556463568 0.6870884461364126 0.6946802336266771 0.7262341445155958
64 640 0.0297661545397583 0 -0.006955059165432439 0.7207433937415106 0.6839484580303884 0.7052031627065797 0.7032008745030599 0.735930885217041 0.6843566291025153 0.7095390766972078 0.7476981190176911 0.6911192402661285 0.7045401859311117
65 650 0.028000104635837554 0 -0.007229903657007087 0.7322852433344929 0.6746492938126882 0.7294503513098719 0.7186428506173453 0.6807046004337962 0.7093014673763888 0.7067653699583846 0.7249225431578147 0.7062719189021246 0.7049336201694251
66 660 0.026133464982414187 0 -0.00713883118205227 0.7254578975465493 0.7306415582555376 0.7061983787549835 0.7232483406059937 0.7146363091135798 0.7033888007381531 0.695701953919088 0.6913264236061192 0.7232399251059615 0.692957162730715
67 670 0.02308667455719047 0 -0.006826965084863414 0.71331999627542 0.7231773138285799 0.7260334423040755 0.7013956491631738 0.723733666748461 0.7064035462302812 0.6986736467138156 0.7203304747864918 0.6754228394956524 0.7153183309110619
68 680 0.02142086164492179 0 -0.007187823549224525 0.7032002313165789 0.72712904536223 0.7047919226648098 0.7006024327849123 0.7215456093334135 0.7156964672647748 0.704222067412516 0.7005190159616728 0.7079723396667493 0.68872071469541
69 690 0.01928797160489772 0 -0.007244794007116413 0.7194635685232261 0.7060020183336275 0.7162935958268473 0.7043085181857828 0.7163546545261393 0.7072364702702609 0.7144230595646761 0.7189509742837759 0.7082925092887502 0.7016869317637421
70 700 0.017271709269466706 0 -0.007242121454475252 0.7177606257265323 0.7092984828817603 0.712826237946712 0.7049019094941518 0.7276502494738524 0.7068257023660539 0.7128462321247615 0.6953500812151324 0.7103083856286334 0.701944334538779
71 710 0.015368837469479715 0 -0.007220259300921641 0.7084530460741597 0.6966745119762271 0.7210642594485556 0.7134245588704297 0.7251262098387806 0.7118306582701684 0.7044533447683664 0.6985536909213718 0.7139484358760235 0.6967697733200767
72 720 0.014885280115413495 0 -0.007415257815411318 0.7036858949563846 0.7006656631835655 0.7033769947294731 0.7089160116173575 0.7302472383127508 0.7172991187187858 0.7101297158507048 0.704876369798203 0.7107297766587551 0.7052204501853286
73 730 0.014227820141653759 0 -0.007178616476460524 0.7062470199741677 0.7133330059990644 0.696991972426218 0.7183313408193619 0.7107459642628053 0.7128915391755289 0.7031897954246704 0.7196417821957456 0.7222682267447997 0.6893667439953464
74 740 0.012830961965481653 0 -0.007186737510667925 0.7133247465687318 0.693588680441326 0.7050403676112813 0.7144162057487008 0.7158502771912258 0.7185687687169925 0.7056667379595595 0.7191796512864651 0.719103343700788 0.7033685836446171
75 750 0.012311155727696938 0 -0.00733446118631427 0.718075597993302 0.7040740297092335 0.7189672548782581 0.7017170533744296 0.7168598752859952 0.7097525397893003 0.7184303784332291 0.6995157420776255 0.7125652367795811 0.716642800254095
76 760 0.010632996511098164 0 -0.007095746572013856 0.7158509002869482 0.7062391194418496 0.7104008933748638 0.714536952106825 0.7173639269240889 0.709186913560564 0.7115141229039387 0.7042057048461511 0.7183587500713621 0.7060150547868473
77 770 0.009942312647961324 0 -0.007094306436109583 0.7235662182635086 0.7041133186403864 0.7161248546464712 0.7025838189721094 0.714806607438934 0.7145812840687508 0.7150609971974577 0.7086396140382022 0.7095811432739487 0.7125696210730882
78 780 0.009117761898953008 0 -0.007342793224721391 0.7126750256961368 0.7085022401454524 0.7096555435198998 0.7149902945320271 0.7188882250666299 0.7085017951476498 0.7139060642442221 0.7066716134603046 0.7123619473697536 0.7050308038736076
79 790 0.00869193841841147 0 -0.007370268557324815 0.706924843198885 0.7194117145480815 0.7120510709327023 0.7123507805145182 0.7128257148533012 0.7129865080351276 0.7132340361643474 0.7120541595461981 0.7144167545174709 0.7021421920636481
80 800 0.008220815365658721 0 -0.007376125462842168 0.7086121756344063 0.716260290664711 0.713503114236697 0.7069121435604139 0.7211397826179684 0.7147921590269204 0.714452906982465 0.7141587292029719 0.7113234849110776 0.7053229011046823
81 810 0.008094001079937416 0 -0.007317007966244392 0.7202138055207852 0.7134286983719135 0.7185284457825021 0.7035808573951646 0.7146450541246262 0.7134833573440472 0.7097523069934988 0.7163338305991882 0.7149683896935439 0.705588525808168
82 820 0.0076020964240958045 0 -0.007137084654319903 0.715934727016445 0.7065676970318188 0.7160867554126176 0.7051874578561648 0.7166675949822405 0.7194550747047865 0.7183336030704023 0.7051071002384319 0.7182512450959608 0.7139160829632178
83 830 0.0073838348085105785 0 -0.007140987461043314 0.7129873876323624 0.7163487948295728 0.7113008653439495 0.7101725437437311 0.7094732848178412 0.7149213400017818 0.7090357353408379 0.7107575645793501 0.7116535803284102 0.7086594578220146
84 840 0.007548981160542019 0 -0.00709972290503479 0.7112512818418955 0.7072096474619572 0.7155413888021961 0.7165676659128037 0.720018733652514 0.7137495460200417 0.7128075633342366 0.7089581958196202 0.7113171190567824 0.7106145147182841
85 850 0.007051092529325988 0 -0.007087106150952194 0.7145636649533339 0.7170172577630557 0.7174520975684638 0.7133135383363222 0.71730784587482 0.7110162527403062 0.7084705819971835 0.712678780725265 0.7110074324113644 0.7055522080656889
86 860 0.006668117975094111 0 -0.007097916053305107 0.7145843778639323 0.7131385797663847 0.7130961621018335 0.708079098928717 0.7169834710032971 0.7129374900477634 0.7126935861530168 0.7114084774372988 0.7147433664648679 0.7108392839087707
87 870 0.006240758341963865 0 -0.007111635636005067 0.7149839446170573 0.7127676692890457 0.7168446394456283 0.7096196841570479 0.7169017885817301 0.7113654423495033 0.7146227536391284 0.7156379047071364 0.7106806215053788 0.712568885046048
88 880 0.00632376030847696 0 -0.006998083159853027 0.7128733625270818 0.7065833728012962 0.7112700945530868 0.7113927527634172 0.7174440003927862 0.7130290127085254 0.7153902311056388 0.7201006581198219 0.7160862371494949 0.7149827861269124
89 890 0.006484468706222227 0 -0.006926612758026123 0.7107975095735374 0.7176590994075139 0.7129247147645074 0.7100079296778429 0.7123118432635824 0.7150304222250644 0.7105216958137718 0.7165883377294296 0.7192872880606352 0.7143933961789667
90 900 0.006573118296040429 0 -0.006911030776980626 0.712523794007499 0.7152458923480542 0.7177577940911579 0.7153712581031157 0.7142610139669823 0.7099492312812148 0.7144016506788747 0.7186243353804758 0.7157757548549666 0.7131607673303684
91 910 0.006801859653573209 0 -0.006936323936452471 0.712977905529237 0.7156398264248275 0.714941309329211 0.7145935186959271 0.7133395622952823 0.7161531090456501 0.7167315295753259 0.7179243733760862 0.7191525287932604 0.7134277699987629
92 920 0.0067078311050912985 0 -0.006963017913320037 0.7127309282626394 0.718982451219342 0.7155674832128113 0.7118821448626508 0.7139480326820282 0.7133732909576546 0.7185893050575991 0.7197220950875134 0.716444725681424 0.7154041323361102
93 930 0.00639579126264992 0 -0.006960081202162328 0.7187390081284579 0.7175308150166495 0.7195234746293441 0.7180219654380494 0.7162046052270001 0.7139018009545354 0.7164630724543405 0.7164430990543419 0.7092582633563288 0.7163830977007545
94 940 0.006044345572409195 0 -0.006978359009368877 0.7179087414015923 0.7165236638488786 0.7212198325183328 0.7134286714620155 0.7145248361445742 0.7176668332345072 0.7191969136451652 0.7115946021003112 0.7157990726661364 0.7157862304189277
95 950 0.0055726754627482816 0 -0.006869461388439555 0.7212698729531413 0.715059577702709 0.7187193564297899 0.714719379996047 0.7113121054750632 0.7166009680292431 0.716463052403058 0.7133537369977181 0.7163785270257178 0.7158044027126246
96 960 0.0051973996769516554 0 -0.00692610060258682 0.7177019064332908 0.718596819810482 0.7196766414122235 0.7169517037790394 0.7124784515920863 0.715606278321911 0.7172229865164736 0.719072169726468 0.7167632294556348 0.7130816976931376
97 970 0.00493886009236547 0 -0.006858682913044315 0.7188365155602496 0.7175695553006383 0.7207055220624402 0.718070050501983 0.714492915367784 0.7139746852963197 0.7186378633171363 0.7180477220036043 0.7139981259706148 0.7160189085258317
98 980 0.004770902384349875 0 -0.00684052416719943 0.7188574041828004 0.7165910714967375 0.7164161964296919 0.7161587910561421 0.7189495187765524 0.7168929563337946 0.7144375716866569 0.7193962306900595 0.7167201982008565 0.7143552593218052
99 990 0.0044714276352345326 0 -0.006831717491798394 0.7171262480717785 0.7151169217907571 0.7212328582866543 0.7160261263635957 0.7177046170029546 0.7171594505885548 0.7163247328494424 0.7172615777630977 0.713357591970834 0.7190489594363177
100 1000 0.004498525069336608 0 -0.006833514983352282 0.7199846408764472 0.7178021208293092 0.7233803604777137 0.7127085884423908 0.7155174050814347 0.7199529515184294 0.7164763408010825 0.7166102992278217 0.7165122731688897 0.7196365650098625
101 1010 0.004337614636083946 0 -0.006812856209586955 0.7202156284955772 0.7187587087239717 0.7213041490629515 0.7169600773647848 0.7159289363378054 0.7183026888538547 0.7188640842911517 0.7150807032101463 0.7146564060057105 0.718106163660684
102 1020 0.004448683285182447 0 -0.006800581204612102 0.7183552105203507 0.7190421099106779 0.7220816003507226 0.7192346349555092 0.7187471004787195 0.7196894185748095 0.7172448047625313 0.7187839987702934 0.7156784024684606 0.7169591178602229
103 1030 0.004548766582729079 0 -0.006849645765323219 0.7211993254636165 0.7198234431225748 0.7215307914551389 0.7191573036469149 0.717204603458801 0.7188113676019712 0.7188148070524826 0.7154364178036691 0.7182477237681628 0.7153297577843046
104 1040 0.004663161897622036 0 -0.006825279711077249 0.718895814832754 0.7231007103920922 0.7215253199521199 0.7168507784487803 0.7173487988706609 0.7176824636613773 0.719659540845307 0.7169877874584877 0.7193464816472291 0.7171525123500941
105 1050 0.004475233078900573 0 -0.006825340857945523 0.7208577267370038 0.7198175974472057 0.7225035350875385 0.7169397578012299 0.7157339154970109 0.7192981854396915 0.7194881470591588 0.7173628795345535 0.7182361139124812 0.7178952447355201
106 1060 0.00436642916280865 0 -0.006802092574354812 0.7184091424457059 0.7163255262346939 0.7230089711592179 0.7212027368166459 0.7173209270051676 0.7197788944766843 0.7206896660671545 0.7185352352945008 0.718441732499591 0.717368981067746
107 1070 0.004341960546244997 0 -0.006794984906190748 0.7217037553808433 0.7195544308828018 0.7233746499212849 0.7217675485495612 0.7182045409483606 0.7167191447281378 0.7210438428334079 0.7176790924884036 0.7175110124022414 0.7189443637428948
108 1080 0.004095317409067408 0 -0.006775583028230158 0.7194129669922928 0.7193153274243593 0.7216121212171847 0.7207764856420633 0.7182712231963551 0.7170342175116831 0.7172375876736606 0.720766261200118 0.7201744560713627 0.7180604425948961
109 1090 0.004006405836873298 0 -0.006802396128442784 0.7191754842348956 0.719958526112064 0.7209705328922195 0.7193889857383154 0.7181495915071237 0.7198982979323806 0.7208917150114854 0.7196987330613092 0.7208964166304714 0.7187581344395265
110 1100 0.004025998641232592 0 -0.006802108205115332 0.7205235936611438 0.7185319119691792 0.7176265372780365 0.7211788595841265 0.7172826311979692 0.7200412103386505 0.7216619073524833 0.7208120102529207 0.7214097780962614 0.7185168774561081
111 1110 0.004033599078876874 0 -0.0067386195150877515 0.7192750036975794 0.7173633433671721 0.7195887806634279 0.7203393279785806 0.7206914081702176 0.7197878709666429 0.719423951995183 0.7226822467331695 0.721173830427168 0.7181912966677734
112 1120 0.0037758048950905215 0 -0.006745370880717579 0.7221375535222561 0.7212212647952334 0.7184479521602442 0.7214303380524048 0.7189417694728677 0.7205130528225493 0.719914150437525 0.7188401034626488 0.7204154135239296 0.7178704342346741
113 1130 0.003557271549606199 0 -0.006716955840137138 0.7196414104595109 0.7203839854197508 0.7194319956323821 0.7208281271065894 0.7207508737872529 0.7210296618489136 0.7193356107961075 0.7228179548053121 0.719396789432729 0.7185478625168802
114 1140 0.003145279702060133 0 -0.006726693706989503 0.7209573543472343 0.7201344215434274 0.718028170917303 0.7206461998013226 0.719442669722038 0.7205889330044513 0.7205381321295924 0.719431688259889 0.7223398368934824 0.718854672273708
115 1150 0.003032462370708004 0 -0.006705251042945496 0.721201075255749 0.7188688051431087 0.7214846486128638 0.7212339518303049 0.7194308906956678 0.7211254448839731 0.7230524349615884 0.718284676506068 0.7206544521260421 0.7201884248752686
116 1160 0.002936862557814078 0 -0.006673153962541059 0.7213485513257658 0.7212736526924163 0.721348100991774 0.7227254085610445 0.7198253143744939 0.7193801349865281 0.7214154089687081 0.7209449395213446 0.7200013107510222 0.7197786346717082
117 1170 0.0029635373888232267 0 -0.006658252989423119 0.7218205977315115 0.722800688260684 0.7213214763193486 0.721519771335075 0.720884321018148 0.7198416296484522 0.7203971364009244 0.7197645686240925 0.7191158656622948 0.7209019328624741
118 1180 0.0028918754600562166 0 -0.006662294224759137 0.7217118260416574 0.7213116077168809 0.7211711959760724 0.7206131985721341 0.7192412677796651 0.7209655206212379 0.7202998676327426 0.7210832103684007 0.7222238696229661 0.7217802223801507
119 1190 0.002749325885416918 0 -0.006628209611663374 0.7211379229472604 0.7207836219209596 0.7225795499107681 0.7210813281528062 0.7185010534417435 0.7209602841745913 0.7205477264770836 0.7211527193802313 0.7215788674459016 0.7219744317726083
120 1200 0.0026395477467608436 0 -0.006624652803759776 0.7211763230822354 0.7196579004143147 0.7212163530718031 0.7218120129646145 0.7224862720640892 0.7213635468999279 0.7201836468623225 0.7216205349617872 0.7208328390442215 0.7230623742051432
121 1210 0.0025778432671234564 0 -0.006630847034038969 0.7218301821006972 0.7222234144283212 0.7209301356115074 0.7223507920490582 0.7214380451111561 0.7224471748392259 0.7195238537041247 0.720452991864168 0.7213140091038444 0.7217485916309304
122 1220 0.0024069262783164417 0 -0.006630955986072161 0.7230468615611149 0.7223954357211101 0.7207250432120876 0.7213361478962848 0.7203551203855559 0.7211312294772243 0.7212407696329397 0.7194357461877338 0.7218849502313964 0.721933529059653
123 1230 0.0022929460550572076 0 -0.00663669642718147 0.7225317061462743 0.7210344552819201 0.7187255837285984 0.7217531003210759 0.7210236953665393 0.7206684406390733 0.7215556367643464 0.7208366810429999 0.7212232484913019 0.7212476276787241
124 1240 0.0021076031645401675 0 -0.006636740115791038 0.7214827974391266 0.7212925654268381 0.7197708963043599 0.721546037647423 0.7205502779981086 0.7207774519637448 0.7222337433390915 0.7210473845055398 0.7198717226947726 0.7222866750703967
125 1250 0.002084457675188183 0 -0.006604805919712656 0.721972039555408 0.7217753640118545 0.720379323320215 0.7221098360773007 0.7227125744628572 0.7205689198021422 0.7224795750411844 0.7210283320991929 0.7204427955194425 0.7224204899801417
126 1260 0.0019865778013260613 0 -0.006579572251353139 0.7221362385597588 0.7219813553522842 0.720940884205862 0.7212724391844635 0.7206195229780291 0.7203129656829105 0.7230858209062258 0.7213362282026422 0.7212632413064041 0.7225761874645795
127 1270 0.001998946197020279 0 -0.006579536044678174 0.7219063039406004 0.7225655447896362 0.7206478234419921 0.722173496000381 0.720858796167284 0.7197527487907603 0.7220525950977338 0.7231628104871327 0.7212954773946024 0.7214380413226112
128 1280 0.0019729968331615912 0 -0.006548120824415533 0.723034588619468 0.7219407737714987 0.7203383599309625 0.7223116770931368 0.7211186656949203 0.720795530731643 0.7232778002771617 0.7217265772849484 0.721916937822109 0.7210939436427504
129 1290 0.0019773265987045132 0 -0.006538313598857617 0.7225904263124218 0.7225782416434574 0.719735815510184 0.7222816863819145 0.7201406175148324 0.7211614035577106 0.722832383098586 0.7229032602163253 0.7219459672897202 0.7217064614265507
130 1300 0.002104302715662584 0 -0.006538334427911992 0.7228285714240658 0.7207609428149822 0.7220294912892878 0.7216449377199496 0.7202472950290878 0.72179759347056 0.7234544443488095 0.7230293281900553 0.7217302196820157 0.7222527453531639
131 1310 0.001992593700860943 0 -0.006525442974876059 0.7225729672136668 0.7213688770284493 0.721809813799072 0.7220645569469821 0.7212476757494602 0.7216274417155457 0.7228684282240418 0.7217329203023269 0.7224825533517852 0.7213422009954604
132 1320 0.001953419037837694 0 -0.006480829277705478 0.7222711063443006 0.7228994727320556 0.7216764595165416 0.721915985690283 0.7221857965883092 0.7203762660586016 0.7219924425961926 0.7236972049389473 0.7214607104832454 0.7215067630926477
133 1330 0.0019582249428012977 0 -0.006480883719300098 0.7230039126050671 0.7217750401019748 0.722228299281871 0.7228126619832862 0.7218236548761731 0.7214130651124878 0.7215238966056949 0.7234259348689223 0.7223963674789613 0.7210547172247864
134 1340 0.001970258318515356 0 -0.006482071169109714 0.7227288651349849 0.7210095965524862 0.7223783785800343 0.721921047803033 0.722038281883723 0.7223824109890696 0.7211989011801496 0.7222064402523698 0.7223417551539022 0.7215653076796555
135 1350 0.0019109585904330565 0 -0.006482062607995592 0.7227505598161917 0.7219816520583836 0.7218067095848292 0.7221855080052956 0.7209687569624156 0.7227325162897076 0.7227798937650838 0.7220763688402521 0.7233350928590615 0.7219132464329773
136 1360 0.0018704056357371956 0 -0.006465376930610384 0.7222618319822738 0.7218502422738159 0.7215176120356677 0.7225487542629098 0.7220972592708265 0.7223968308083635 0.7226605408115225 0.722719315801025 0.7221172320942807 0.7230718289806656
137 1370 0.00181184410419348 0 -0.006472731798174489 0.722581634380145 0.72152203522807 0.7217768002242322 0.7225895641530888 0.722260379617542 0.7234045753126699 0.7220350094280984 0.7222416558173693 0.7220492296353199 0.7227476706446894
138 1380 0.0017160207675525647 0 -0.0064447940452481405 0.7230898910872386 0.721476341822374 0.7224018347462056 0.7216236315569431 0.7222846056184158 0.7225022562614232 0.7229043783339523 0.7225915577200396 0.7217910885406825 0.7230023159304722
