% # columns="iteration, evaluation, min max(neg(.)) min(pos(.)) max correlation, correlation matrix principle axes lengths  (sorted square roots of eigenvalues of correlation matrix)", seed=890420, Mon Mar  9 17:26:09 2020
1 10 -0.03256732703568088 -0.010184788908655651 0.008238415734382602 0.0364162824832351 0.9677781703383016 0.9707748323487259 0.9807720721057257 0.9912703137491591 0.999101153505789 0.999447563254993 1.0097196121791974 1.015061256671544 1.0270003304771498 1.0367061638207806
2 20 -0.03480457545551945 -0.012490640853111117 0.02272985699369294 0.06479328277670737 0.9677781703383016 0.9707748323487259 0.9807720721057257 0.9912703137491591 0.999101153505789 0.999447563254993 1.0097196121791974 1.015061256671544 1.0270003304771498 1.0367061638207806
3 30 -0.047138275565336736 -0.009505441781493361 0.035334547894971244 0.0963173170396264 0.9677781703383016 0.9707748323487259 0.9807720721057257 0.9912703137491591 0.999101153505789 0.999447563254993 1.0097196121791974 1.015061256671544 1.0270003304771498 1.0367061638207806
4 40 -0.06069287112491649 -0.01280934868744344 0.050809157116482005 0.1056423623934235 0.9677781703383016 0.9707748323487259 0.9807720721057257 0.9912703137491591 0.999101153505789 0.999447563254993 1.0097196121791974 1.015061256671544 1.0270003304771498 1.0367061638207806
5 50 -0.04769148073121762 -0.008520585213562167 0.060423008199885636 0.12890947633039412 0.9677781703383016 0.9707748323487259 0.9807720721057257 0.9912703137491591 0.999101153505789 0.999447563254993 1.0097196121791974 1.015061256671544 1.0270003304771498 1.0367061638207806
6 60 -0.0767349517376888 -0.00037046763623447464 0.06950210087638967 0.14521993762325283 0.9677781703383016 0.9707748323487259 0.9807720721057257 0.9912703137491591 0.999101153505789 0.999447563254993 1.0097196121791974 1.015061256671544 1.0270003304771498 1.0367061638207806
7 70 -0.11615538320003788 0.007476258227996882 0.0747799064225387 0.1461296801640209 0.9677781703383016 0.9707748323487259 0.9807720721057257 0.9912703137491591 0.999101153505789 0.999447563254993 1.0097196121791974 1.015061256671544 1.0270003304771498 1.0367061638207806
8 80 -0.11721804548747053 0.005561174110545092 0.09848797006439328 0.17045259743034794 0.9677781703383016 0.9707748323487259 0.9807720721057257 0.9912703137491591 0.999101153505789 0.999447563254993 1.0097196121791974 1.015061256671544 1.0270003304771498 1.0367061638207806
9 90 -0.11642884816190462 -0.004757494042023421 0.09379364610936251 0.16031084983239657 0.9677781703383016 0.9707748323487259 0.9807720721057257 0.9912703137491591 0.999101153505789 0.999447563254993 1.0097196121791974 1.015061256671544 1.0270003304771498 1.0367061638207806
10 100 -0.1307008234004737 -0.011177870012615772 0.09645963814577922 0.18547374778248357 0.9677781703383016 0.9707748323487259 0.9807720721057257 0.9912703137491591 0.999101153505789 0.999447563254993 1.0097196121791974 1.015061256671544 1.0270003304771498 1.0367061638207806
11 110 -0.126109417459331 -0.01898027152666393 0.1082277202587876 0.20142163628545587 0.7971236188091975 0.8334832022028755 0.9021771158536266 0.9281245614921466 0.9541799140082369 0.985151920982695 1.021526808555016 1.0966642246042726 1.154296175916893 1.2389464146583182
12 120 -0.1262067669784805 -0.005926197669290579 0.10363380410966988 0.24668465042940318 0.7971236188091975 0.8334832022028755 0.9021771158536266 0.9281245614921466 0.9541799140082369 0.985151920982695 1.021526808555016 1.0966642246042726 1.154296175916893 1.2389464146583182
13 130 -0.12703203529028695 -0.019722604478143786 0.10971262244318068 0.24346113782761186 0.7971236188091975 0.8334832022028755 0.9021771158536266 0.9281245614921466 0.9541799140082369 0.985151920982695 1.021526808555016 1.0966642246042726 1.154296175916893 1.2389464146583182
14 140 -0.1487693881610839 -0.018072440004928202 0.09685255762540412 0.2247035923974563 0.7971236188091975 0.8334832022028755 0.9021771158536266 0.9281245614921466 0.9541799140082369 0.985151920982695 1.021526808555016 1.0966642246042726 1.154296175916893 1.2389464146583182
15 150 -0.13396342528108682 -0.025008707942294033 0.1095404653490555 0.22642928153149747 0.7971236188091975 0.8334832022028755 0.9021771158536266 0.9281245614921466 0.9541799140082369 0.985151920982695 1.021526808555016 1.0966642246042726 1.154296175916893 1.2389464146583182
16 160 -0.15835799350643956 -0.020820868412331536 0.11239011576494796 0.24204106979702494 0.7971236188091975 0.8334832022028755 0.9021771158536266 0.9281245614921466 0.9541799140082369 0.985151920982695 1.021526808555016 1.0966642246042726 1.154296175916893 1.2389464146583182
17 170 -0.1684642373747645 -0.008948952827634613 0.09434806603259391 0.25396956499412027 0.7971236188091975 0.8334832022028755 0.9021771158536266 0.9281245614921466 0.9541799140082369 0.985151920982695 1.021526808555016 1.0966642246042726 1.154296175916893 1.2389464146583182
18 180 -0.16414249792991475 -0.011677800012244251 0.0847811925825545 0.2522050935625905 0.7971236188091975 0.8334832022028755 0.9021771158536266 0.9281245614921466 0.9541799140082369 0.985151920982695 1.021526808555016 1.0966642246042726 1.154296175916893 1.2389464146583182
19 190 -0.18748163559379039 -0.013233494795591796 0.08936704722173525 0.26504637135794795 0.7971236188091975 0.8334832022028755 0.9021771158536266 0.9281245614921466 0.9541799140082369 0.985151920982695 1.021526808555016 1.0966642246042726 1.154296175916893 1.2389464146583182
20 200 -0.1823003308009937 -0.020019511136461575 0.0936569193330055 0.2621747333563738 0.7971236188091975 0.8334832022028755 0.9021771158536266 0.9281245614921466 0.9541799140082369 0.985151920982695 1.021526808555016 1.0966642246042726 1.154296175916893 1.2389464146583182
21 210 -0.1033289371735436 -0.023574004540579983 0.0849092390498636 0.28030196694022913 0.7511905857809416 0.8193992634224782 0.8962716214228468 0.9261003794349636 0.938843389263549 0.9884317086948388 1.054826142207103 1.1010566300038405 1.1660856774204384 1.2490672386296828
22 220 -0.12228736695013098 -0.021748972793522676 0.09334257677744215 0.2686046142234527 0.7511905857809416 0.8193992634224782 0.8962716214228468 0.9261003794349636 0.938843389263549 0.9884317086948388 1.054826142207103 1.1010566300038405 1.1660856774204384 1.2490672386296828
23 230 -0.12288740557111527 -0.018691096512900626 0.11074858329964606 0.2613303335603156 0.7511905857809416 0.8193992634224782 0.8962716214228468 0.9261003794349636 0.938843389263549 0.9884317086948388 1.054826142207103 1.1010566300038405 1.1660856774204384 1.2490672386296828
24 240 -0.1126805981772079 -0.014108715682555008 0.10806280973438132 0.2774416757295846 0.7511905857809416 0.8193992634224782 0.8962716214228468 0.9261003794349636 0.938843389263549 0.9884317086948388 1.054826142207103 1.1010566300038405 1.1660856774204384 1.2490672386296828
25 250 -0.14678073049674736 -0.02698753389398954 0.0993073800562969 0.26816437571300206 0.7511905857809416 0.8193992634224782 0.8962716214228468 0.9261003794349636 0.938843389263549 0.9884317086948388 1.054826142207103 1.1010566300038405 1.1660856774204384 1.2490672386296828
26 260 -0.15023722626215189 -0.0376807790195558 0.0835193986109061 0.28260461311224927 0.7511905857809416 0.8193992634224782 0.8962716214228468 0.9261003794349636 0.938843389263549 0.9884317086948388 1.054826142207103 1.1010566300038405 1.1660856774204384 1.2490672386296828
27 270 -0.14847869431433255 -0.0498240160050195 0.07959975733090871 0.27600902838794966 0.7511905857809416 0.8193992634224782 0.8962716214228468 0.9261003794349636 0.938843389263549 0.9884317086948388 1.054826142207103 1.1010566300038405 1.1660856774204384 1.2490672386296828
28 280 -0.14603750636081841 -0.054422090204671966 0.07880506681880858 0.2696788189266095 0.7511905857809416 0.8193992634224782 0.8962716214228468 0.9261003794349636 0.938843389263549 0.9884317086948388 1.054826142207103 1.1010566300038405 1.1660856774204384 1.2490672386296828
29 290 -0.16835592471279337 -0.07287383346733058 0.08269116119903383 0.2563545650370132 0.7511905857809416 0.8193992634224782 0.8962716214228468 0.9261003794349636 0.938843389263549 0.9884317086948388 1.054826142207103 1.1010566300038405 1.1660856774204384 1.2490672386296828
30 300 -0.21361633441741792 -0.06675351758143683 0.08313470601834795 0.2642086898998751 0.7511905857809416 0.8193992634224782 0.8962716214228468 0.9261003794349636 0.938843389263549 0.9884317086948388 1.054826142207103 1.1010566300038405 1.1660856774204384 1.2490672386296828
31 310 -0.22307126674488803 -0.08439905899858967 0.07460957050981726 0.2632696109204461 0.7149237683060627 0.7773198446481964 0.8424224203335046 0.9131114479113575 0.9775466722429303 1.0303749215990907 1.0373137165051634 1.1558457214598097 1.1637803961524387 1.2480208130599586
32 320 -0.24434487749297926 -0.07904084529142297 0.06679208412312901 0.26982319280616907 0.7149237683060627 0.7773198446481964 0.8424224203335046 0.9131114479113575 0.9775466722429303 1.0303749215990907 1.0373137165051634 1.1558457214598097 1.1637803961524387 1.2480208130599586
33 330 -0.2803332500274309 -0.07452970986838275 0.06303279769290762 0.274948610949952 0.7149237683060627 0.7773198446481964 0.8424224203335046 0.9131114479113575 0.9775466722429303 1.0303749215990907 1.0373137165051634 1.1558457214598097 1.1637803961524387 1.2480208130599586
34 340 -0.2816254332851342 -0.09397907008781828 0.0662840415461715 0.2721920462672614 0.7149237683060627 0.7773198446481964 0.8424224203335046 0.9131114479113575 0.9775466722429303 1.0303749215990907 1.0373137165051634 1.1558457214598097 1.1637803961524387 1.2480208130599586
35 350 -0.2939081451640131 -0.08279210216570687 0.07413078637161778 0.2759949753750856 0.7149237683060627 0.7773198446481964 0.8424224203335046 0.9131114479113575 0.9775466722429303 1.0303749215990907 1.0373137165051634 1.1558457214598097 1.1637803961524387 1.2480208130599586
36 360 -0.27353677230819123 -0.10968910813788499 0.08468417171692408 0.2610470484728295 0.7149237683060627 0.7773198446481964 0.8424224203335046 0.9131114479113575 0.9775466722429303 1.0303749215990907 1.0373137165051634 1.1558457214598097 1.1637803961524387 1.2480208130599586
37 370 -0.2893428589863264 -0.10933958692918579 0.06147834443907953 0.2537850795150759 0.7149237683060627 0.7773198446481964 0.8424224203335046 0.9131114479113575 0.9775466722429303 1.0303749215990907 1.0373137165051634 1.1558457214598097 1.1637803961524387 1.2480208130599586
38 380 -0.27373477429361465 -0.09836667068181637 0.06400814618482518 0.23579458265456202 0.7149237683060627 0.7773198446481964 0.8424224203335046 0.9131114479113575 0.9775466722429303 1.0303749215990907 1.0373137165051634 1.1558457214598097 1.1637803961524387 1.2480208130599586
39 390 -0.3128203231740632 -0.11025209016790445 0.055351021254786845 0.2091122532931136 0.7149237683060627 0.7773198446481964 0.8424224203335046 0.9131114479113575 0.9775466722429303 1.0303749215990907 1.0373137165051634 1.1558457214598097 1.1637803961524387 1.2480208130599586
40 400 -0.30147356835458256 -0.10969089118514809 0.06729578427111885 0.24614315032550357 0.7149237683060627 0.7773198446481964 0.8424224203335046 0.9131114479113575 0.9775466722429303 1.0303749215990907 1.0373137165051634 1.1558457214598097 1.1637803961524387 1.2480208130599586
41 410 -0.31467904141265474 -0.08294716349525899 0.07175964597259482 0.23934901069532097 0.7260127173641431 0.7620878905819526 0.822289190076882 0.86752044463487 0.9179456170654418 0.9777515996999154 1.0747370774422973 1.1636044114850093 1.228820277379884 1.28285607708548
42 420 -0.3291430030859538 -0.08017932588686114 0.06714774562737276 0.2558456342059105 0.7260127173641431 0.7620878905819526 0.822289190076882 0.86752044463487 0.9179456170654418 0.9777515996999154 1.0747370774422973 1.1636044114850093 1.228820277379884 1.28285607708548
43 430 -0.31781128073386666 -0.09259218001776567 0.07217027779415353 0.24271645557053614 0.7260127173641431 0.7620878905819526 0.822289190076882 0.86752044463487 0.9179456170654418 0.9777515996999154 1.0747370774422973 1.1636044114850093 1.228820277379884 1.28285607708548
44 440 -0.30345127615158485 -0.10023954278021356 0.08991438787834621 0.20384066688570823 0.7260127173641431 0.7620878905819526 0.822289190076882 0.86752044463487 0.9179456170654418 0.9777515996999154 1.0747370774422973 1.1636044114850093 1.228820277379884 1.28285607708548
45 450 -0.30964079589825577 -0.107809397702875 0.10316692607834954 0.19287824285653474 0.7260127173641431 0.7620878905819526 0.822289190076882 0.86752044463487 0.9179456170654418 0.9777515996999154 1.0747370774422973 1.1636044114850093 1.228820277379884 1.28285607708548
46 460 -0.2872086920757814 -0.11221834858321703 0.08415239181240318 0.20092415614872497 0.7260127173641431 0.7620878905819526 0.822289190076882 0.86752044463487 0.9179456170654418 0.9777515996999154 1.0747370774422973 1.1636044114850093 1.228820277379884 1.28285607708548
47 470 -0.2852349651266874 -0.11634140544535299 0.0798230541029671 0.1729871852670571 0.7260127173641431 0.7620878905819526 0.822289190076882 0.86752044463487 0.9179456170654418 0.9777515996999154 1.0747370774422973 1.1636044114850093 1.228820277379884 1.28285607708548
48 480 -0.27860903569838513 -0.12293109694035106 0.05727788481063155 0.18863530317040172 0.7260127173641431 0.7620878905819526 0.822289190076882 0.86752044463487 0.9179456170654418 0.9777515996999154 1.0747370774422973 1.1636044114850093 1.228820277379884 1.28285607708548
49 490 -0.28484809404505484 -0.12084881282261596 0.0661423031077778 0.18903326831457407 0.7260127173641431 0.7620878905819526 0.822289190076882 0.86752044463487 0.9179456170654418 0.9777515996999154 1.0747370774422973 1.1636044114850093 1.228820277379884 1.28285607708548
50 500 -0.27947959251184884 -0.11358959124398069 0.07011590679602073 0.1947879200952504 0.7260127173641431 0.7620878905819526 0.822289190076882 0.86752044463487 0.9179456170654418 0.9777515996999154 1.0747370774422973 1.1636044114850093 1.228820277379884 1.28285607708548
51 510 -0.2786023286702042 -0.12018739841500739 0.0625351131504877 0.2147961869716159 0.6288529172657109 0.7460631948035085 0.7605252289666606 0.8891294922242621 0.97328799025715 1.0118722052450335 1.0766511926760902 1.139916265553915 1.227902931478065 1.3196501339159243
52 520 -0.2949270966416015 -0.12809278193955786 0.06901197901489192 0.21939925482413636 0.6288529172657109 0.7460631948035085 0.7605252289666606 0.8891294922242621 0.97328799025715 1.0118722052450335 1.0766511926760902 1.139916265553915 1.227902931478065 1.3196501339159243
53 530 -0.3015797198503519 -0.13449168805565725 0.048983077460516625 0.22761282554169518 0.6288529172657109 0.7460631948035085 0.7605252289666606 0.8891294922242621 0.97328799025715 1.0118722052450335 1.0766511926760902 1.139916265553915 1.227902931478065 1.3196501339159243
54 540 -0.31060042097693485 -0.13227736450204464 0.03838657485291841 0.21047368220934437 0.6288529172657109 0.7460631948035085 0.7605252289666606 0.8891294922242621 0.97328799025715 1.0118722052450335 1.0766511926760902 1.139916265553915 1.227902931478065 1.3196501339159243
55 550 -0.29012377386793015 -0.1542898296891519 0.05031767407233786 0.20387250529326112 0.6288529172657109 0.7460631948035085 0.7605252289666606 0.8891294922242621 0.97328799025715 1.0118722052450335 1.0766511926760902 1.139916265553915 1.227902931478065 1.3196501339159243
56 560 -0.3321701449011391 -0.14441141369053706 0.03894810563598157 0.2063048475875471 0.6288529172657109 0.7460631948035085 0.7605252289666606 0.8891294922242621 0.97328799025715 1.0118722052450335 1.0766511926760902 1.139916265553915 1.227902931478065 1.3196501339159243
57 570 -0.3700057407325772 -0.1447111633922482 0.04772576452522029 0.1856592621436724 0.6288529172657109 0.7460631948035085 0.7605252289666606 0.8891294922242621 0.97328799025715 1.0118722052450335 1.0766511926760902 1.139916265553915 1.227902931478065 1.3196501339159243
58 580 -0.36166026132096973 -0.1521565732904406 0.05795659233765239 0.20074961220611373 0.6288529172657109 0.7460631948035085 0.7605252289666606 0.8891294922242621 0.97328799025715 1.0118722052450335 1.0766511926760902 1.139916265553915 1.227902931478065 1.3196501339159243
59 590 -0.339152710745182 -0.1565312775333409 0.047026632665360474 0.20865853741780932 0.6288529172657109 0.7460631948035085 0.7605252289666606 0.8891294922242621 0.97328799025715 1.0118722052450335 1.0766511926760902 1.139916265553915 1.227902931478065 1.3196501339159243
60 600 -0.33930254264416576 -0.17226353805219546 0.09393607567821535 0.21603311801716069 0.6288529172657109 0.7460631948035085 0.7605252289666606 0.8891294922242621 0.97328799025715 1.0118722052450335 1.0766511926760902 1.139916265553915 1.227902931478065 1.3196501339159243
61 610 -0.3405156777668171 -0.1744357400761316 0.09895071484354326 0.21404924666068814 0.5658445852543739 0.7131688582360247 0.7700134338908812 0.8288981764420024 0.9279840007032231 0.9780582477916077 1.0530868560225708 1.2038296843726453 1.240692465742325 1.4056846510547665
62 620 -0.3468556348708425 -0.15841434832489815 0.06716442392409924 0.20150749831706796 0.5658445852543739 0.7131688582360247 0.7700134338908812 0.8288981764420024 0.9279840007032231 0.9780582477916077 1.0530868560225708 1.2038296843726453 1.240692465742325 1.4056846510547665
63 630 -0.37672370816993694 -0.18146163491383538 0.07050580520038631 0.19723435171137105 0.5658445852543739 0.7131688582360247 0.7700134338908812 0.8288981764420024 0.9279840007032231 0.9780582477916077 1.0530868560225708 1.2038296843726453 1.240692465742325 1.4056846510547665
64 640 -0.3651414567815693 -0.1578185404254581 0.0630297237968675 0.22392803092322466 0.5658445852543739 0.7131688582360247 0.7700134338908812 0.8288981764420024 0.9279840007032231 0.9780582477916077 1.0530868560225708 1.2038296843726453 1.240692465742325 1.4056846510547665
65 650 -0.3444604027195758 -0.1508729950713976 0.08035423705838361 0.24370998001881425 0.5658445852543739 0.7131688582360247 0.7700134338908812 0.8288981764420024 0.9279840007032231 0.9780582477916077 1.0530868560225708 1.2038296843726453 1.240692465742325 1.4056846510547665
66 660 -0.34320507535604594 -0.16891384504188323 0.06542874603861566 0.20706624216636796 0.5658445852543739 0.7131688582360247 0.7700134338908812 0.8288981764420024 0.9279840007032231 0.9780582477916077 1.0530868560225708 1.2038296843726453 1.240692465742325 1.4056846510547665
67 670 -0.34730288822745276 -0.17355924816896764 0.06684379045461575 0.19116757590297878 0.5658445852543739 0.7131688582360247 0.7700134338908812 0.8288981764420024 0.9279840007032231 0.9780582477916077 1.0530868560225708 1.2038296843726453 1.240692465742325 1.4056846510547665
68 680 -0.3723206740291048 -0.17325751607937473 0.06066096712688024 0.21571016874695914 0.5658445852543739 0.7131688582360247 0.7700134338908812 0.8288981764420024 0.9279840007032231 0.9780582477916077 1.0530868560225708 1.2038296843726453 1.240692465742325 1.4056846510547665
69 690 -0.3615856831104642 -0.1727792967067332 0.05615066000040124 0.2436404737956595 0.5658445852543739 0.7131688582360247 0.7700134338908812 0.8288981764420024 0.9279840007032231 0.9780582477916077 1.0530868560225708 1.2038296843726453 1.240692465742325 1.4056846510547665
70 700 -0.34136229823830694 -0.15319189481149528 0.05111796815619854 0.2621930286727619 0.5658445852543739 0.7131688582360247 0.7700134338908812 0.8288981764420024 0.9279840007032231 0.9780582477916077 1.0530868560225708 1.2038296843726453 1.240692465742325 1.4056846510547665
71 710 -0.3330943330449655 -0.15050388196573508 0.04488051973689914 0.3034248281186249 0.5925784893806646 0.7144886435397946 0.8314756782143669 0.8678254645584138 0.9076866585647012 0.9655072777723914 1.0591214288554787 1.1504534899798626 1.2807115876612845 1.3609852658175674
72 720 -0.34722060980042807 -0.15830198848245142 0.06793296284758518 0.29320994655526417 0.5925784893806646 0.7144886435397946 0.8314756782143669 0.8678254645584138 0.9076866585647012 0.9655072777723914 1.0591214288554787 1.1504534899798626 1.2807115876612845 1.3609852658175674
73 730 -0.37328262515464594 -0.16978665758669104 0.05666869855347383 0.25718954120013254 0.5925784893806646 0.7144886435397946 0.8314756782143669 0.8678254645584138 0.9076866585647012 0.9655072777723914 1.0591214288554787 1.1504534899798626 1.2807115876612845 1.3609852658175674
74 740 -0.3546670186232918 -0.18621939222885148 0.07446039376068561 0.2478094021576841 0.5925784893806646 0.7144886435397946 0.8314756782143669 0.8678254645584138 0.9076866585647012 0.9655072777723914 1.0591214288554787 1.1504534899798626 1.2807115876612845 1.3609852658175674
75 750 -0.34176703707823014 -0.1763557356538028 0.06717703152525749 0.24124518559474192 0.5925784893806646 0.7144886435397946 0.8314756782143669 0.8678254645584138 0.9076866585647012 0.9655072777723914 1.0591214288554787 1.1504534899798626 1.2807115876612845 1.3609852658175674
76 760 -0.3998890721895796 -0.15902845506273114 0.04735232467400427 0.2067272540732871 0.5925784893806646 0.7144886435397946 0.8314756782143669 0.8678254645584138 0.9076866585647012 0.9655072777723914 1.0591214288554787 1.1504534899798626 1.2807115876612845 1.3609852658175674
77 770 -0.3950502998105915 -0.1610627672402967 0.0357967464194975 0.1936556453568972 0.5925784893806646 0.7144886435397946 0.8314756782143669 0.8678254645584138 0.9076866585647012 0.9655072777723914 1.0591214288554787 1.1504534899798626 1.2807115876612845 1.3609852658175674
78 780 -0.3854017416111488 -0.12494053813708075 0.028323657714929326 0.17737681392040944 0.5925784893806646 0.7144886435397946 0.8314756782143669 0.8678254645584138 0.9076866585647012 0.9655072777723914 1.0591214288554787 1.1504534899798626 1.2807115876612845 1.3609852658175674
79 790 -0.38547915073041217 -0.12066951851304641 0.0225617774758376 0.21031625917112767 0.5925784893806646 0.7144886435397946 0.8314756782143669 0.8678254645584138 0.9076866585647012 0.9655072777723914 1.0591214288554787 1.1504534899798626 1.2807115876612845 1.3609852658175674
80 800 -0.4003819899322812 -0.1335688280194348 0.025058830377798276 0.19410419201004442 0.5925784893806646 0.7144886435397946 0.8314756782143669 0.8678254645584138 0.9076866585647012 0.9655072777723914 1.0591214288554787 1.1504534899798626 1.2807115876612845 1.3609852658175674
81 810 -0.42045565743942176 -0.1384076030789213 0.021453731454340926 0.19681988007486817 0.5637457276078242 0.7376493475596257 0.7845010662079804 0.8187235297834193 0.9066406441044523 1.058414135059679 1.1124090159853302 1.1746168633156067 1.189133394031611 1.370714956319532
82 820 -0.4234501282212112 -0.1382412616511834 0.0201419469778442 0.20102295819098678 0.5637457276078242 0.7376493475596257 0.7845010662079804 0.8187235297834193 0.9066406441044523 1.058414135059679 1.1124090159853302 1.1746168633156067 1.189133394031611 1.370714956319532
83 830 -0.4201735956540802 -0.16408618360644756 0.02411595832430145 0.1865840730962931 0.5637457276078242 0.7376493475596257 0.7845010662079804 0.8187235297834193 0.9066406441044523 1.058414135059679 1.1124090159853302 1.1746168633156067 1.189133394031611 1.370714956319532
84 840 -0.4517466685284435 -0.16369251224002712 0.04276643064080374 0.16573497105070187 0.5637457276078242 0.7376493475596257 0.7845010662079804 0.8187235297834193 0.9066406441044523 1.058414135059679 1.1124090159853302 1.1746168633156067 1.189133394031611 1.370714956319532
85 850 -0.4631297340451072 -0.15373792439582207 0.029401525115016154 0.16006999681137968 0.5637457276078242 0.7376493475596257 0.7845010662079804 0.8187235297834193 0.9066406441044523 1.058414135059679 1.1124090159853302 1.1746168633156067 1.189133394031611 1.370714956319532
86 860 -0.4480477674205256 -0.13822861069324308 0.016579723880549523 0.20508126991731468 0.5637457276078242 0.7376493475596257 0.7845010662079804 0.8187235297834193 0.9066406441044523 1.058414135059679 1.1124090159853302 1.1746168633156067 1.189133394031611 1.370714956319532
87 870 -0.3975926632257899 -0.1508495579489882 0.00889143548664466 0.19904515464222652 0.5637457276078242 0.7376493475596257 0.7845010662079804 0.8187235297834193 0.9066406441044523 1.058414135059679 1.1124090159853302 1.1746168633156067 1.189133394031611 1.370714956319532
88 880 -0.39070369015533146 -0.12794072361456305 -0.008260459321064487 0.2034285634893386 0.5637457276078242 0.7376493475596257 0.7845010662079804 0.8187235297834193 0.9066406441044523 1.058414135059679 1.1124090159853302 1.1746168633156067 1.189133394031611 1.370714956319532
89 890 -0.3779791250570971 -0.12903134191623608 0.018170154885708386 0.20770224080465333 0.5637457276078242 0.7376493475596257 0.7845010662079804 0.8187235297834193 0.9066406441044523 1.058414135059679 1.1124090159853302 1.1746168633156067 1.189133394031611 1.370714956319532
90 900 -0.3649822808524617 -0.13126595027084723 0.01732041881136715 0.1993363452851494 0.5637457276078242 0.7376493475596257 0.7845010662079804 0.8187235297834193 0.9066406441044523 1.058414135059679 1.1124090159853302 1.1746168633156067 1.189133394031611 1.370714956319532
91 910 -0.3432712396963991 -0.11781296212473852 0.013964201024965199 0.194331966960999 0.588425224704762 0.7326906009521132 0.8755284795689942 0.8973753394887144 0.9376206832672167 1.0353120499440778 1.0775406428545913 1.124961647547599 1.191611845623747 1.3219352091579546
92 920 -0.34336392577767305 -0.11465182961005516 0.006560940212277242 0.1971080744789021 0.588425224704762 0.7326906009521132 0.8755284795689942 0.8973753394887144 0.9376206832672167 1.0353120499440778 1.0775406428545913 1.124961647547599 1.191611845623747 1.3219352091579546
93 930 -0.3408654633516585 -0.12295002176262354 0.014167737587896433 0.2021254988148749 0.588425224704762 0.7326906009521132 0.8755284795689942 0.8973753394887144 0.9376206832672167 1.0353120499440778 1.0775406428545913 1.124961647547599 1.191611845623747 1.3219352091579546
94 940 -0.3497261089447448 -0.12554078025561094 0.026976780131058 0.20430885862217948 0.588425224704762 0.7326906009521132 0.8755284795689942 0.8973753394887144 0.9376206832672167 1.0353120499440778 1.0775406428545913 1.124961647547599 1.191611845623747 1.3219352091579546
95 950 -0.32732511065871084 -0.12022143990357159 0.017755552574751768 0.19411280917839818 0.588425224704762 0.7326906009521132 0.8755284795689942 0.8973753394887144 0.9376206832672167 1.0353120499440778 1.0775406428545913 1.124961647547599 1.191611845623747 1.3219352091579546
96 960 -0.36141174535177617 -0.13629358296498895 0.021542958728194443 0.1996027034144296 0.588425224704762 0.7326906009521132 0.8755284795689942 0.8973753394887144 0.9376206832672167 1.0353120499440778 1.0775406428545913 1.124961647547599 1.191611845623747 1.3219352091579546
97 970 -0.3740845162360234 -0.12392757631780774 0.020152676925922222 0.18621408255615257 0.588425224704762 0.7326906009521132 0.8755284795689942 0.8973753394887144 0.9376206832672167 1.0353120499440778 1.0775406428545913 1.124961647547599 1.191611845623747 1.3219352091579546
98 980 -0.37029540439265746 -0.12861534061593072 0.02289251797178797 0.20695278394929612 0.588425224704762 0.7326906009521132 0.8755284795689942 0.8973753394887144 0.9376206832672167 1.0353120499440778 1.0775406428545913 1.124961647547599 1.191611845623747 1.3219352091579546
99 990 -0.36338020251822867 -0.1341193751760537 0.01761138884189445 0.19933083532306947 0.588425224704762 0.7326906009521132 0.8755284795689942 0.8973753394887144 0.9376206832672167 1.0353120499440778 1.0775406428545913 1.124961647547599 1.191611845623747 1.3219352091579546
100 1000 -0.34059459195727676 -0.14274766876561484 0.010017598086695188 0.18621195912109406 0.588425224704762 0.7326906009521132 0.8755284795689942 0.8973753394887144 0.9376206832672167 1.0353120499440778 1.0775406428545913 1.124961647547599 1.191611845623747 1.3219352091579546
101 1010 -0.3566015172434133 -0.15138811934301766 0.005700373439848263 0.21695043278059872 0.5433717249348075 0.7238660961768788 0.7523182925814612 0.8915441091669701 0.9904719984699754 1.0454126276217355 1.0763981010604613 1.1329334012572387 1.2122004386660465 1.3544032348259136
102 1020 -0.36179580939932443 -0.16570718166103543 0.009613328922518337 0.2535990458269464 0.5433717249348075 0.7238660961768788 0.7523182925814612 0.8915441091669701 0.9904719984699754 1.0454126276217355 1.0763981010604613 1.1329334012572387 1.2122004386660465 1.3544032348259136
103 1030 -0.3825491024292329 -0.16636424257537236 0.016886351198790752 0.23943019384899178 0.5433717249348075 0.7238660961768788 0.7523182925814612 0.8915441091669701 0.9904719984699754 1.0454126276217355 1.0763981010604613 1.1329334012572387 1.2122004386660465 1.3544032348259136
104 1040 -0.3682426913863233 -0.14882439665317068 0.024564932143559315 0.23948131998459515 0.5433717249348075 0.7238660961768788 0.7523182925814612 0.8915441091669701 0.9904719984699754 1.0454126276217355 1.0763981010604613 1.1329334012572387 1.2122004386660465 1.3544032348259136
