% # columns="iteration, evaluation, sigma, max axis length,  min axis length, all principle axes lengths  (sorted square roots of eigenvalues of C)", seed=957789, Wed Mar 11 16:01:03 2020
1 10 0.1919566199823149 1.0000450010125153 1.0 1.0 1.0000050000125 1.00001000005 1.0000150001125006 1.0000200002000015 1.0000250003125026 1.0000300004500045 1.0000350006125072 1.0000400008000108 1.0000450010125153
2 20 0.18450841146257296 1.1053331795092787 0.9228954512714568 0.9228954512714568 0.9365080491577754 0.978982315856954 0.9960831613586995 0.9990016319992796 1.000112408944048 1.0006045414427327 1.0020778350964723 1.0147322883551617 1.1053331795092787
3 30 0.17643138838422023 1.1048363963399155 0.9053974876849048 0.9053974876849048 0.9128230284815037 0.9528788664748397 0.9688638283252696 0.9848341530318382 0.9972287962136247 1.0012058849930756 1.0094887060617879 1.0668813657651843 1.1048363963399155
4 40 0.1787719756244039 1.1376807058692209 0.862013048960199 0.862013048960199 0.9126652129552554 0.9249287370379534 0.9576460996430881 0.9729779764885663 0.9891024190789351 0.9992773722852204 1.013543293161051 1.0741264146704943 1.1376807058692209
5 50 0.17460536340549024 1.1951473433197044 0.8417328032931731 0.8417328032931731 0.8675154622936835 0.8982991345458892 0.9485370648867616 0.9541725858779172 0.9855531042329817 1.0009393749438862 1.0108984849897384 1.1006409668870136 1.1951473433197044
6 60 0.1714306135928021 1.2195070719159207 0.8135615000611107 0.8135615000611107 0.8502443601752496 0.8772749793644349 0.9183547008828973 0.9339819245570717 0.987233893961763 1.0091795519610973 1.0263039270517949 1.1094015659722882 1.2195070719159207
7 70 0.16801127050530645 1.2387778667012392 0.8096568834284619 0.8096568834284619 0.8308758859233535 0.8660670122016443 0.9069693839381094 0.9379462153935788 0.9791995591875602 0.9924795727893921 1.00504203144423 1.1040025936621585 1.2387778667012392
8 80 0.15633433992467957 1.2128699020438303 0.7853747914599598 0.7853747914599598 0.8201204689802256 0.8656140657774688 0.9176751975804985 0.9318175667680996 0.9798233776999544 0.9945723419940522 1.0207718530539727 1.114312948585288 1.2128699020438303
9 90 0.14459121492617522 1.1980226763396329 0.7769010173353472 0.7769010173353472 0.8230357717833667 0.850104169275878 0.8915215177849174 0.9236618162740703 0.9414155333920419 0.9903431924966595 1.023070756347884 1.1135844451919334 1.1980226763396329
10 100 0.13455912537950113 1.210831551740545 0.7524324776535956 0.7524324776535956 0.8058766691614715 0.8239004149332881 0.8782039130424063 0.904628745151454 0.9537698190000791 1.0062281533991733 1.0286389544675325 1.1206468319111706 1.210831551740545
11 110 0.14079255081033834 1.1906642886849905 0.7591437103948301 0.7591437103948301 0.8032904466586405 0.8198882747379458 0.8779435539316774 0.8960309606318368 0.9600680865940003 0.983944109656329 1.0002044894866176 1.126647404896399 1.1906642886849905
12 120 0.14573897717774956 1.250392060615548 0.7331859353873719 0.7331859353873719 0.7755189891142173 0.8176166492437963 0.8718849037646045 0.8946137549898894 0.9554894566726296 0.9888385393205023 1.0283346055162381 1.1381743796987835 1.250392060615548
13 130 0.1570271669176521 1.3002585723700082 0.7061327575779249 0.7061327575779249 0.7802834208748525 0.813564034852567 0.8707915716099297 0.9023417096343413 0.9453601554829111 0.9799081340044509 1.0353898649932467 1.1239385760120377 1.3002585723700082
14 140 0.16851218803335702 1.3404331602964659 0.6706536079562141 0.6706536079562141 0.7879787601239087 0.8013603092493827 0.8499047170945325 0.9179613220843251 0.9713058224075036 0.9989693550170119 1.0250099334346 1.1101695446031945 1.3404331602964659
15 150 0.1775000908295541 1.434755659045618 0.6678823506866023 0.6678823506866023 0.7749667905468812 0.7928395429304034 0.8399198862982064 0.9120156385015128 0.9475145753982516 1.008477300560013 1.0193642104608478 1.0995114366670529 1.434755659045618
16 160 0.17810361845755635 1.445702378125348 0.6695093515871658 0.6695093515871658 0.7580216518930806 0.7874316069976338 0.8710818579901655 0.9106335975298833 0.9312461381245866 0.996006065481622 1.018134740200796 1.0857313410555713 1.445702378125348
17 170 0.1669969851400109 1.4365744914930645 0.679868234218837 0.679868234218837 0.7539840110977059 0.7735325850468999 0.8698275078038225 0.9056776562333267 0.9122594628386977 0.9795329653236899 1.02263181862294 1.078934642762575 1.4365744914930645
18 180 0.15529612154959418 1.4009904573609373 0.6793210102230265 0.6793210102230265 0.7471526566614191 0.7557016186546794 0.8686344153539421 0.9078224985692657 0.9092225425379264 0.9728910293652703 0.9768361428489779 1.0804115071573286 1.4009904573609373
19 190 0.14258390270216229 1.319915320482222 0.6808809062509641 0.6808809062509641 0.7321985036584073 0.7662433886850314 0.8553445663658479 0.8956210346151773 0.923824613479814 0.9674615397229451 0.981250282992994 1.0775828861934884 1.319915320482222
20 200 0.13698988454605196 1.2571293493709033 0.6787601571283056 0.6787601571283056 0.7160912732638206 0.7701110983025405 0.8317073303557976 0.8985493536904381 0.9168014511710851 0.9632225689629242 0.9837381533029436 1.0723928801691183 1.2571293493709033
21 210 0.12520179596320277 1.2310664545652257 0.6801941768199716 0.6801941768199716 0.7063477581258231 0.7756690634222551 0.822673545779426 0.8819822422879385 0.8968427033758618 0.9456341535272734 0.9881187213056316 1.0742355812956919 1.2310664545652257
22 220 0.12221124935719796 1.2214032238778885 0.6672664961286909 0.6672664961286909 0.6965828388302007 0.7727582265234103 0.8265381305966174 0.8748269369844986 0.8843573450234729 0.9401422229969857 0.9749074514702012 1.0596005526804042 1.2214032238778885
23 230 0.11430114527389633 1.1775238187085593 0.6662241936185198 0.6662241936185198 0.6951647246101785 0.7661615379743689 0.8295223809701486 0.8618675593751026 0.8886899694554918 0.9538571899894581 0.9976393482642574 1.0401437788132861 1.1775238187085593
24 240 0.11514453072878042 1.184271076866691 0.6651256902534921 0.6651256902534921 0.6693113434408977 0.7660596450372125 0.8239875434784614 0.8535479691099533 0.877391753692986 0.9281810921710741 0.9996293019540057 1.052837197198034 1.184271076866691
25 250 0.1196607118844024 1.173404948267332 0.6724156152818269 0.6724156152818269 0.6796705672211125 0.7766238550111706 0.8117975526740946 0.8381873457444405 0.87251889012477 0.9171272227139848 0.9754214601629821 1.0449656028799026 1.173404948267332
26 260 0.13238199238380954 1.1521525051183306 0.6577369430219069 0.6577369430219069 0.6826315129985309 0.7589015040158795 0.8089303393047129 0.8253528368551636 0.8585480635888116 0.9272912142427101 0.9867871379147842 1.0461777119343574 1.1521525051183306
27 270 0.14557879798256446 1.1197758792773784 0.6618613996727317 0.6618613996727317 0.6922413855005471 0.7636175544361159 0.8090487817810155 0.8198178539713404 0.8704736403923556 0.9629919866384024 0.9935029395090408 1.0087907297375969 1.1197758792773784
28 280 0.15694957728746947 1.1011952730061896 0.6500740977970465 0.6500740977970465 0.7136642984482953 0.7706736418974285 0.780839214302192 0.8051105175825234 0.8680397971940713 0.9626822161246921 1.008474147356559 1.0294814403338304 1.1011952730061896
29 290 0.15734328898341501 1.0890256368718008 0.6620256695340146 0.6620256695340146 0.7157687845657162 0.7556823616081562 0.7908184387005308 0.8137089629312746 0.8696327853843203 0.9243108822658636 1.0044497052358012 1.0484098507825124 1.0890256368718008
30 300 0.15828919878044842 1.0791094087429733 0.6576198791525988 0.6576198791525988 0.7111009221491095 0.7359726684707683 0.7893543218263456 0.8028939512277274 0.8464947094923587 0.9286851458731988 0.996615078390193 1.0395443330865908 1.0791094087429733
31 310 0.16111142613771315 1.0885320391275282 0.6589793677706692 0.6589793677706692 0.7277952313808431 0.7362826514720217 0.7619016019206898 0.8171376788883215 0.8277124998423874 0.907052913909072 0.9645592093913257 1.0366294353158065 1.0885320391275282
32 320 0.1551069744576042 1.0863575691167209 0.6611282084298785 0.6611282084298785 0.7025575069144042 0.7320948618350376 0.761423740197556 0.7940405555699828 0.8160699467375381 0.9083708305873411 0.9689829484959448 1.0313753299828698 1.0863575691167209
33 330 0.1601928385175311 1.1192850459119412 0.655175412080739 0.655175412080739 0.6741477663659011 0.7268973081741052 0.7466740155220434 0.7870306899612799 0.8135814326840348 0.8865193971235128 0.9570143177941266 1.0296724340572891 1.1192850459119412
34 340 0.1467171459895163 1.133656545194314 0.6443709646252355 0.6443709646252355 0.6759448296518548 0.7304762464589352 0.7563477300977112 0.7810648622250008 0.8574133624965962 0.8751036417891077 0.9357313932085464 1.04310424430104 1.133656545194314
35 350 0.13210573332455505 1.1268089968825832 0.6329808949550434 0.6329808949550434 0.6713729023463819 0.7296981651045754 0.7391323706392288 0.7715936152144741 0.8588671408867325 0.8795547175850373 0.921238519816426 1.0417877611207627 1.1268089968825832
36 360 0.12227863833792385 1.0836487963634238 0.6257701994067804 0.6257701994067804 0.6813288958498818 0.7123743884280475 0.7413645987528736 0.7563626834648731 0.8523924242373142 0.8730720690749343 0.9132139632404085 1.0291199417842865 1.0836487963634238
37 370 0.11396346433205806 1.104067891798547 0.6131184562212746 0.6131184562212746 0.6799071398044547 0.7034729596058766 0.7428631592432826 0.7497336077080183 0.8319659388082319 0.8628732937943135 0.8963862600260655 1.013553233656905 1.104067891798547
38 380 0.10474841569832478 1.1049931730481466 0.5955265563980806 0.5955265563980806 0.6812033706696007 0.6973360101636703 0.7054389719837363 0.7438364109794074 0.8327479491060422 0.8754670127537943 0.897466624034715 0.9960248698898814 1.1049931730481466
39 390 0.097105610510303 1.079123988398592 0.5912303748030021 0.5912303748030021 0.6592288610113682 0.6892669929474723 0.7051509246161065 0.7346476170394564 0.8397766485453855 0.8705538149800457 0.8839888600187842 0.9902713269947994 1.079123988398592
40 400 0.09667510029317408 1.0805418287689201 0.5813857900868797 0.5813857900868797 0.6608027299504552 0.6923154687914258 0.6983270321013237 0.7365331148581012 0.8186962316528428 0.8385286606642905 0.8641730067671161 0.9959811980408129 1.0805418287689201
41 410 0.09014909413279244 1.0481272972389768 0.5778036548238976 0.5778036548238976 0.6643550461133726 0.6856029836527616 0.7018093449214448 0.7155595896147211 0.8027708196386778 0.8404147378360238 0.8811123488783424 0.9914853117104852 1.0481272972389768
42 420 0.08076832375689695 1.0314443107947253 0.5736668493651993 0.5736668493651993 0.6483549931285989 0.6753358750445702 0.7050849499319023 0.722528482858227 0.8094182144819315 0.8408496602032413 0.8599199575649479 0.9955665690639162 1.0314443107947253
43 430 0.07066885732478327 1.0126256653324615 0.5678680739665024 0.5678680739665024 0.6455094116291601 0.6740650617071016 0.6905896696211934 0.7267903383696303 0.798076602409715 0.821463562974612 0.850390945067593 0.9873011168622563 1.0126256653324615
44 440 0.06842032486390484 1.0091233475065742 0.557666687209787 0.557666687209787 0.6335614053673154 0.6436192904993869 0.6905837783668619 0.719518010686294 0.8027722810207125 0.8102600188259742 0.8582830555437545 0.9529223049944621 1.0091233475065742
45 450 0.07200843750101378 0.995029435925438 0.5525529089984225 0.5525529089984225 0.6264833661875974 0.6455326649711899 0.6878373362964413 0.7064908504669966 0.7717361922079057 0.7989747847150338 0.8823693731131201 0.9569416041567372 0.995029435925438
46 460 0.06709357548542463 0.9818972340083233 0.5562367137535776 0.5562367137535776 0.6162786252196761 0.6456194529878523 0.6679015608879407 0.7135506661786246 0.7762806534162738 0.7906491049370343 0.9018543329920269 0.9511013084535526 0.9818972340083233
47 470 0.0654454891254994 0.9942398630895888 0.5524334462757649 0.5524334462757649 0.6089148431163354 0.6358815553099729 0.6437090375850952 0.7182278425274624 0.7392079156810222 0.7910331874462141 0.9086248541649098 0.9457118228481114 0.9942398630895888
48 480 0.06234401732924164 0.9830954505397539 0.5282940407396323 0.5282940407396323 0.5988096877948818 0.6505605701152157 0.6638429620337389 0.7138516650500689 0.7372517217029227 0.7835811010522278 0.9079317498600046 0.9229552331326176 0.9830954505397539
49 490 0.057915901029969796 0.9818802876724655 0.511570670545815 0.511570670545815 0.5956453097968308 0.6540389499799358 0.6661674185173428 0.7087378329482749 0.7277338691397071 0.7757170463059259 0.8564644756067867 0.9201063008595756 0.9818802876724655
50 500 0.05256254638419601 0.9769025391095487 0.507950847732554 0.507950847732554 0.5874691922895836 0.6417195363281268 0.6583085778779243 0.7017229249680926 0.7362912568131039 0.7703391573023401 0.8375238496536178 0.8838168000352578 0.9769025391095487
51 510 0.05047884608791104 0.9845854038626132 0.5031528784653686 0.5031528784653686 0.5898946885225733 0.6351892607428221 0.6464349905806235 0.6968359315263449 0.7361717354135066 0.766182113445171 0.8026053914728142 0.8525125573575703 0.9845854038626132
52 520 0.04793187917057319 0.9875638337982979 0.4999187965132217 0.4999187965132217 0.5721631922505593 0.6255379879874832 0.6429107485096265 0.6882003024893755 0.7478587675021279 0.7673741814847049 0.7950991786791255 0.8577909699202942 0.9875638337982979
53 530 0.04716589325440481 0.9899329259976799 0.4805079803435408 0.4805079803435408 0.5656245409134398 0.6051556372318228 0.6399578214228565 0.6810804055314458 0.751850591056952 0.7708021413715372 0.790659197777218 0.8539007437700649 0.9899329259976799
54 540 0.0419120323198869 0.981827979342407 0.4741494219200978 0.4741494219200978 0.5443469995436166 0.6006716332643206 0.6469645110531184 0.6781346875007745 0.7253228486838701 0.7817947966266046 0.7923091311322059 0.8684522772781722 0.981827979342407
55 550 0.04094495255625123 0.9697499194361877 0.47187556934150415 0.47187556934150415 0.5283850863853762 0.6025998124619706 0.6453688695857346 0.6762954314869866 0.7175505451173588 0.756468130980982 0.7858614980675029 0.864099244020946 0.9697499194361877
56 560 0.03968182017324881 0.9652836105731493 0.44884103888900345 0.44884103888900345 0.5325703805830481 0.5993220404866276 0.6481940176730647 0.6771692432912652 0.6998264926900287 0.7580699056814347 0.8002548103587105 0.8608734844944459 0.9652836105731493
57 570 0.03918364705590972 0.9560293903452483 0.45834990247074947 0.45834990247074947 0.5325844834875264 0.586985165464632 0.6467925082091948 0.6620198259777466 0.6929997067958628 0.7513870627398047 0.7831167325893783 0.8716796535335868 0.9560293903452483
58 580 0.0361089793327294 0.9382710396920312 0.4583890827583158 0.4583890827583158 0.5266488750528013 0.5811236631435694 0.635077145556658 0.6652961602951591 0.6873900536346267 0.7561991430086521 0.7872744803785332 0.8554073177787987 0.9382710396920312
59 590 0.03584154344990372 0.925930185317093 0.456991879031111 0.456991879031111 0.5217666977941305 0.5734573791678304 0.631182400495293 0.6542230499609406 0.6842145733329735 0.7472085373463846 0.7864108580651165 0.8341497250068569 0.925930185317093
60 600 0.03630835159677682 0.9350748559460909 0.45000104264661556 0.45000104264661556 0.5433777615082479 0.5693548712831994 0.5989926080604547 0.6548134467853479 0.678160722829123 0.7497049490244821 0.7833838134284775 0.8230332320359033 0.9350748559460909
61 610 0.036460916847973694 0.9192825270794679 0.4376140394435109 0.4376140394435109 0.5498390111200319 0.5699318001996154 0.5780640241864655 0.6550686290179496 0.6758634693217115 0.7510280038112127 0.7870271211678194 0.8095124891413311 0.9192825270794679
62 620 0.03537355190575846 0.9110837501314021 0.4303363914380637 0.4303363914380637 0.5552359594487964 0.5665104409769767 0.5730705585939282 0.6514682658891963 0.6697492191421472 0.7450736143220856 0.7911471392370626 0.8054161366346414 0.9110837501314021
63 630 0.03399479199964669 0.9192415709078214 0.4245145032548792 0.4245145032548792 0.5448173016256705 0.552997687974823 0.5854897364331387 0.6485076210564125 0.668584058357673 0.7300305731889478 0.762182677158146 0.7998292073954677 0.9192415709078214
64 640 0.0321205840531958 0.9268069887894389 0.41734272530381317 0.41734272530381317 0.5224011336878451 0.547699883678398 0.5784211523081323 0.6263653073720414 0.6758715425469092 0.7309713093201795 0.7627958410449933 0.8021191635826734 0.9268069887894389
65 650 0.030370172630384034 0.9358549471873046 0.41273935105789955 0.41273935105789955 0.521960403899856 0.5456197411094335 0.5781522957854114 0.6232339395766665 0.6585642130324004 0.7194081761965084 0.7762390595265112 0.7860122230811262 0.9358549471873046
66 660 0.027665465766410914 0.9157228699657558 0.3971202325329782 0.3971202325329782 0.5152856762242587 0.5378270741746568 0.5886736337942277 0.6274876519825772 0.6552068269964109 0.7221739784646617 0.758977162175425 0.7787411502997212 0.9157228699657558
67 670 0.026148744571824697 0.9132342724885328 0.37938375067397995 0.37938375067397995 0.5089756651755217 0.5351091662951017 0.5934635158811326 0.6103767242803526 0.643368542502143 0.723209608414626 0.7487106766118309 0.7823341886417011 0.9132342724885328
68 680 0.023970549066920498 0.9209961050527955 0.3735680567055443 0.3735680567055443 0.510479019261366 0.5445908321258683 0.5834243816417252 0.5941880308335219 0.6115155477451709 0.7177061880896457 0.755388800495813 0.7813422209356691 0.9209961050527955
69 690 0.021758763731206752 0.8824614871353204 0.36959390924017577 0.36959390924017577 0.5103300134449282 0.5505662106111984 0.5784007461273563 0.5895288460412813 0.614344812793164 0.7025720996128176 0.7486851880445565 0.7747531243629103 0.8824614871353204
70 700 0.01945190874924409 0.854445199884075 0.3633822944394993 0.3633822944394993 0.5074192268696004 0.5513836326944012 0.5672445405504375 0.5867514301879287 0.6183294295024809 0.7039205125773275 0.7423300719677721 0.7580186221137941 0.854445199884075
71 710 0.017283382803204756 0.8243193345697429 0.362802534806735 0.362802534806735 0.49529189082449127 0.5569219962445277 0.5627921674697841 0.5749359501764038 0.6099837546296779 0.6907037444016157 0.7357637832284514 0.7547184171934824 0.8243193345697429
72 720 0.016936462754401267 0.8097912523321374 0.35228252458844983 0.35228252458844983 0.4858028446534459 0.545845556019148 0.5508236457937553 0.5761785939163067 0.6050072143164805 0.6921025949717816 0.7329157342745002 0.7434615730315727 0.8097912523321374
73 730 0.016428123188881493 0.8155069942761597 0.35263964435946593 0.35263964435946593 0.49202991575148763 0.5271209160805853 0.5349050800289799 0.568255112394457 0.6115927806980115 0.6737871242411697 0.7336872003534214 0.7561541309934504 0.8155069942761597
74 740 0.015106832973751805 0.8001529433772429 0.3437479624271229 0.3437479624271229 0.48655277651003137 0.5208376780563939 0.5373830416498473 0.5637614907716603 0.6067049163111095 0.6624993843577233 0.7374306046892758 0.7543026790205983 0.8001529433772429
75 750 0.014141900242994549 0.7893166123156883 0.33361341937707845 0.33361341937707845 0.49431074004828107 0.5220390026994182 0.5378310319833413 0.5554430230554631 0.6053131810135843 0.6621483028288497 0.7083452474175245 0.7368844620213402 0.7893166123156883
76 760 0.013508355090664073 0.7940369447111497 0.32880957281255896 0.32880957281255896 0.48941877089483427 0.5205271764902057 0.5375468533315808 0.5481938398936741 0.5921605495414788 0.6533933434452136 0.6969443677320477 0.7293752127439443 0.7940369447111497
77 770 0.012911082676450136 0.7925307705240198 0.30896361588753624 0.30896361588753624 0.48844650805655865 0.5110770178545555 0.5442603185058497 0.5502294700399387 0.5810786256583047 0.655312037914432 0.6997078276583044 0.7164454262426458 0.7925307705240198
78 780 0.012547642822482375 0.7930904136364467 0.30292391459463147 0.30292391459463147 0.48974363362120876 0.4951211641788985 0.5435467436445094 0.5502669742808272 0.573347157160413 0.6499247749283505 0.6999480047509905 0.7102118080893715 0.7930904136364467
79 790 0.01210807318372232 0.7857076025899472 0.2975649460047578 0.2975649460047578 0.47884517882142436 0.4894547200065403 0.539764537218635 0.5587275760717803 0.5713627889701111 0.6430403813297246 0.6981477268023052 0.7120293521167488 0.7857076025899472
80 800 0.010510609943935281 0.7912837981369184 0.296100306223888 0.296100306223888 0.4659280426791049 0.4833022084242853 0.532563085614236 0.5435291279405916 0.5703857639602172 0.6432742893685468 0.7011367055531547 0.7199294882672007 0.7912837981369184
81 810 0.009974438215726453 0.7699607350516948 0.2891434795752342 0.2891434795752342 0.46174521539748087 0.4824416440782876 0.5100602914257714 0.5400567071710167 0.5666730575174027 0.6448208267499382 0.6961030013501583 0.716559767939295 0.7699607350516948
82 820 0.009547130707282983 0.7486568486059603 0.28351856698221795 0.28351856698221795 0.4662225895040743 0.4859200060859345 0.5145393311354512 0.5267238489632385 0.5524615235572621 0.6424858375989876 0.6926116367653746 0.7089301523151769 0.7486568486059603
83 830 0.009387081205808324 0.7453025481895222 0.28039634540499003 0.28039634540499003 0.46106029450688807 0.4843362622496684 0.5080493441278768 0.5235176031872759 0.5454892017294206 0.6425939485262442 0.6929791392831639 0.7041308111169895 0.7453025481895222
84 840 0.009677035899959028 0.7367821143777814 0.2898410307739981 0.2898410307739981 0.44739656723712673 0.4656308846102537 0.5069592562670994 0.537136917126034 0.546884986501372 0.6328385111963594 0.681454511258496 0.704869046676889 0.7367821143777814
85 850 0.010099056789280749 0.752378171329832 0.29421590705025735 0.29421590705025735 0.45077053052338684 0.4594720154960333 0.5047459342250102 0.5297347816575514 0.5461135756871969 0.6294800629136595 0.6696502583159069 0.6812292697688307 0.752378171329832
86 860 0.009219225696170556 0.7530373448076518 0.3073061180753191 0.3073061180753191 0.4483302701408764 0.467136246781118 0.4979198467656674 0.5386820656936819 0.554882434257779 0.586309323364803 0.6514388582315958 0.6719817431304658 0.7530373448076518
87 870 0.009049297977592947 0.7499175937165711 0.3051909040847782 0.3051909040847782 0.4453010151412102 0.4630019078630987 0.49123894547277647 0.5327999787727872 0.5479115025038749 0.5948297579025269 0.6422946343330793 0.6624923731556129 0.7499175937165711
88 880 0.008668868917829501 0.7311145363248838 0.31097943112757725 0.31097943112757725 0.4467330402749919 0.4493512208433892 0.49005953881466735 0.5403698895096962 0.5419613030365924 0.5952514426114945 0.6289645698881668 0.6587858943811236 0.7311145363248838
89 890 0.008504939035830038 0.7057265215597746 0.3087199295469876 0.3087199295469876 0.43331789150592265 0.4466516252685244 0.4782026934277556 0.5347140845890658 0.5387727201979658 0.5920232771389322 0.6334043875304322 0.6584462064863942 0.7057265215597746
90 900 0.008847703211073333 0.7059177129830243 0.3056031562225415 0.3056031562225415 0.43420436410078406 0.4450006175409482 0.4815133869190221 0.5230993907106003 0.532735735657554 0.5945226121351455 0.6304588755653042 0.6465364639203828 0.7059177129830243
91 910 0.008788063522205371 0.7035930881131522 0.3180765956922893 0.3180765956922893 0.42814198634762823 0.44831257309606637 0.48696339355028945 0.5160298664230615 0.5392639852362314 0.5852089460994191 0.6167473296380716 0.6352830130550402 0.7035930881131522
92 920 0.008543733362095966 0.711473245826823 0.31233061000040024 0.31233061000040024 0.4177205748497349 0.4411306708725546 0.4813335986292953 0.5053915764485487 0.5418886955696463 0.5921659408085661 0.602773202149465 0.639149137917859 0.711473245826823
93 930 0.00824547181295103 0.7040036565547667 0.3017471167560287 0.3017471167560287 0.3971612215645581 0.4394026591853358 0.4840734857808281 0.5119342475039623 0.5370136569044565 0.5882327632620409 0.6037459663838048 0.6534509611025969 0.7040036565547667
94 940 0.008630260973502873 0.6992213594805335 0.29497003346483847 0.29497003346483847 0.38752434470776975 0.4379074179185692 0.47805048823493185 0.5137398401658593 0.5422859950951584 0.5840513580044242 0.6064342211849151 0.639208511860691 0.6992213594805335
95 950 0.008161321698652666 0.6867390167401156 0.29609569602364055 0.29609569602364055 0.3906367715534215 0.4369945362463079 0.47398702090726386 0.5150698360722135 0.5461560113841755 0.5694522106028957 0.6110227148852545 0.6348455392482554 0.6867390167401156
96 960 0.008482983029086457 0.6855775433618148 0.29297782354072854 0.29297782354072854 0.382281636762069 0.4330441625007657 0.46596762124350793 0.5152861947038675 0.5339915291016085 0.5674497929604447 0.5974262101977595 0.622326400141088 0.6855775433618148
97 970 0.00861775558687997 0.6892677935687426 0.28898211554993336 0.28898211554993336 0.39528427565059915 0.4237725684030931 0.46759043147568097 0.505922165590642 0.5266015541858899 0.5594421230798836 0.5948810281419517 0.6381786057691814 0.6892677935687426
98 980 0.008135924268099406 0.6898332873648818 0.2880269025515808 0.2880269025515808 0.3886936923945533 0.4256236266688812 0.4572131200861767 0.5093152780062123 0.5141092140392012 0.5570811303269357 0.6024371120531371 0.6355030543114807 0.6898332873648818
99 990 0.007878004849012679 0.6883800366185048 0.28168947594050575 0.28168947594050575 0.3899382850789249 0.4216324399108654 0.4560608837218891 0.49281602170560274 0.5139076040010562 0.5384709074777226 0.6052661336920219 0.6339424971580503 0.6883800366185048
100 1000 0.007783547344645897 0.6761345932542024 0.28352834028119744 0.28352834028119744 0.3856975924145493 0.422448123248981 0.45225602604201276 0.48456589165826114 0.5068492735603077 0.5355568617657657 0.5909181104537679 0.6461869217562363 0.6761345932542024
101 1010 0.007788442972757931 0.6670300810149373 0.28113272305413656 0.28113272305413656 0.37413012102419846 0.4109779405201721 0.4539694372969068 0.4871611166274318 0.5030552785319853 0.5399336839286485 0.5853641031275666 0.6368766154544727 0.6670300810149373
102 1020 0.007676245377001236 0.6582511558060395 0.2800828455306365 0.2800828455306365 0.36394531402510033 0.40885430747197227 0.4487565107269635 0.4827643328339198 0.5070462919204413 0.5376197308629965 0.578412063375124 0.621573251327369 0.6582511558060395
103 1030 0.007213661509444167 0.6477867807800448 0.28127652672338527 0.28127652672338527 0.36100746736018674 0.41001511868184215 0.45139681437085066 0.48109655622096026 0.5094706701212047 0.5264284267009057 0.5708435854298363 0.6105853182186448 0.6477867807800448
104 1040 0.006767732631534812 0.6471243045935867 0.28129696605555665 0.28129696605555665 0.359596682599456 0.41332079588132414 0.43603682441122843 0.4807715465393755 0.497768815165647 0.525084592884577 0.5584043965421803 0.6016402358800729 0.6471243045935867
105 1050 0.006417258266570346 0.6456903212533753 0.28206161580548744 0.28206161580548744 0.35775628588076847 0.4056193516064851 0.4330685171220803 0.47397480132929 0.49859543611587953 0.510384333913391 0.5514595580459731 0.5813047931612896 0.6456903212533753
106 1060 0.006144253666411763 0.634734499023701 0.28650923442589477 0.28650923442589477 0.3609298590222631 0.3998103782570461 0.40637390697846815 0.4770737694403671 0.49767340261230275 0.4985724998612493 0.5611998047532448 0.5707958675324744 0.634734499023701
107 1070 0.0058188665643471695 0.6339467163749013 0.2826815304997588 0.2826815304997588 0.35911298446600814 0.3946579177500174 0.40883257689760816 0.46560579992422424 0.48735983838281277 0.4951226690362943 0.5589235284353063 0.5703152110586096 0.6339467163749013
108 1080 0.005831055685866333 0.6245444675478571 0.2850919634544547 0.2850919634544547 0.35868250720869227 0.3825198578467566 0.39645849012836937 0.4625872483036561 0.4808037030046249 0.49674376568211204 0.5530986396061551 0.5625744722342212 0.6245444675478571
109 1090 0.005292857492970056 0.6331434871387592 0.2895172723891359 0.2895172723891359 0.3420519301595864 0.3816881062612506 0.3920096177644585 0.4578482384932881 0.47552565619755316 0.5008591524689828 0.5442934234100936 0.5608559079987556 0.6331434871387592
110 1100 0.005438729251939369 0.6423358456217403 0.28156092058622323 0.28156092058622323 0.3425719768490423 0.38283069679172826 0.38919408498712393 0.4329153062339595 0.4657224537429165 0.4923160842292659 0.5433077332302843 0.5689401318465426 0.6423358456217403
111 1110 0.005294180309458246 0.6359250685832172 0.28739811876943616 0.28739811876943616 0.33274471531368 0.3775297822140347 0.38615434934774995 0.4147286345389982 0.47964312113572827 0.5054762684524012 0.5460184498213616 0.5699893652539773 0.6359250685832172
112 1120 0.004986716752800088 0.6353589138124041 0.27828782458029 0.27828782458029 0.3284595353249747 0.3728091054802678 0.3878249421568444 0.4015321128286343 0.4798761693264899 0.5118692536762002 0.5454191662562677 0.5636969410832342 0.6353589138124041
113 1130 0.004677592807843222 0.6282738177854817 0.27031246301505385 0.27031246301505385 0.326981367458239 0.3710030439433482 0.3910266330176392 0.3916300488186566 0.4741591323347607 0.512023313867507 0.5392020366007175 0.5568092191460474 0.6282738177854817
114 1140 0.00491988101852992 0.6164366744807593 0.265153809198257 0.265153809198257 0.3281497061955531 0.36488614983745377 0.38440273377966006 0.39794575204638966 0.4672841251552719 0.5000590776027035 0.5400196639854465 0.5475322312394361 0.6164366744807593
115 1150 0.004971538932072996 0.6200028782034641 0.26294529504858793 0.26294529504858793 0.32447348142784493 0.36162952369410495 0.39256331587977883 0.3960750811847253 0.47672759991927693 0.4970308867735168 0.5166372551664367 0.5525128804848058 0.6200028782034641
116 1160 0.004994394717995013 0.6151231421002042 0.2708998037040773 0.2708998037040773 0.3198915936727851 0.36478659106193256 0.38984196473621957 0.3987790955042441 0.4555422429524243 0.4836405815743172 0.5236282859757708 0.5433578862631318 0.6151231421002042
117 1170 0.004569585166597282 0.618268816477439 0.2828004697538879 0.2828004697538879 0.3143267171926817 0.36116704521018905 0.3896259628937917 0.3968310310938769 0.44878647465239674 0.47691467618210237 0.5155110932834477 0.5263595800313448 0.618268816477439
118 1180 0.004313221186338419 0.6132851949997663 0.2808426235262752 0.2808426235262752 0.3083006732059312 0.35555075843921463 0.38545536646754464 0.3939415632678809 0.4456259977694715 0.46793052985553285 0.5002027856519803 0.5241384243041206 0.6132851949997663
119 1190 0.004140648158946508 0.6092975028772266 0.27085926321606096 0.27085926321606096 0.3058552565499263 0.3499617733743883 0.38732796750248516 0.4003886943595388 0.4376791765113386 0.4752208575642836 0.49898361288804094 0.5200794990866372 0.6092975028772266
120 1200 0.00387263059456651 0.5874971747276027 0.26536097222189964 0.26536097222189964 0.3037342592934082 0.3446718876462349 0.3911612012608099 0.3991888204843076 0.4435729948060577 0.4784339360567828 0.49750037186031143 0.5079949075358908 0.5874971747276027
121 1210 0.0037990736445677417 0.5891378837725408 0.2541865794032611 0.2541865794032611 0.30344255462235514 0.33863131141676117 0.3901277974601006 0.39853323674133956 0.44122996961749084 0.46842267107731994 0.49327800509116504 0.5053493746966446 0.5891378837725408
122 1220 0.0034499497818167696 0.5917390493259692 0.25113095201195157 0.25113095201195157 0.29967910204299886 0.3371752614616004 0.387057684033035 0.40770672194261187 0.42248583348062074 0.46555958916964724 0.4896221891753168 0.5010489166114187 0.5917390493259692
123 1230 0.003065541422901391 0.5847775638407109 0.2417234993025357 0.2417234993025357 0.301220046603161 0.33162308919343353 0.3860701423132313 0.3940418837154524 0.4265985558094225 0.46364711331805425 0.4897798993633249 0.5015443793920341 0.5847775638407109
124 1240 0.002956257142073664 0.5821685296025356 0.23843339219495402 0.23843339219495402 0.3003195054596873 0.3276994111447726 0.37231278421445674 0.40102415009898473 0.41941907792206984 0.4568469266797067 0.4752861459716979 0.4928313858746769 0.5821685296025356
125 1250 0.0028131395810365024 0.5813498581305809 0.23544409717535097 0.23544409717535097 0.2975419201629349 0.3311656278856582 0.3708452574072248 0.38918380415051435 0.4174786026262596 0.4456598164327216 0.4661044904032478 0.4918449485632823 0.5813498581305809
126 1260 0.0029366432785376505 0.5651964523142791 0.2359326490825533 0.2359326490825533 0.2966949630924054 0.3277576006899078 0.37009565800095845 0.3862604853265596 0.4087092936761327 0.4439880293153875 0.4694045477743517 0.4956053859418441 0.5651964523142791
127 1270 0.0031865645387532545 0.5684690149271866 0.23664558368216923 0.23664558368216923 0.2998964311696238 0.32633598073520154 0.35877893254718096 0.3869552649522868 0.4006494819825648 0.4440743201638425 0.47920968330449143 0.5011695222325033 0.5684690149271866
128 1280 0.003562053551681787 0.575469893905923 0.24642969247261534 0.24642969247261534 0.2983201283485254 0.3253473110396246 0.35420822123552775 0.3830103605076219 0.3965655375297099 0.4388533811469462 0.4721462652932951 0.5094901018343676 0.575469893905923
129 1290 0.0035040842798176363 0.5666977672295671 0.2565279288446061 0.2565279288446061 0.2986835397468189 0.32766756780131684 0.35052620871603635 0.3794159295698594 0.4027258253920991 0.44067673176573946 0.46358980108896153 0.5048060142711316 0.5666977672295671
130 1300 0.003484236428861513 0.5602057659970203 0.2651196888271711 0.2651196888271711 0.2954486534591179 0.3245653324589686 0.35089112592290966 0.37347700324112293 0.4027860351335125 0.42181525691378574 0.4639768976916482 0.49306263024319713 0.5602057659970203
131 1310 0.003638197966599156 0.5586165787602657 0.26406779183228746 0.26406779183228746 0.2964372267269466 0.3226812895889518 0.3558776285247538 0.372630420379558 0.39077803465794997 0.4210178731114409 0.4605082397583725 0.48807051326268863 0.5586165787602657
132 1320 0.0038770168940199645 0.5469658275756202 0.2605592264137004 0.2605592264137004 0.3088586017609247 0.3161212114439435 0.35775094810713187 0.3729030469464698 0.37748178763832585 0.42164117279908714 0.4579949646809964 0.49047684390618057 0.5469658275756202
133 1330 0.003841317487735291 0.5509876510457625 0.26557348985280577 0.26557348985280577 0.29939066362483735 0.3178577901060218 0.35773091518878986 0.3667673122433642 0.38156004165776564 0.427614137020668 0.4462758137448482 0.4791677144647613 0.5509876510457625
134 1340 0.0037532218341120066 0.545011566601368 0.2705340855957467 0.2705340855957467 0.29806927689371326 0.30903151406014767 0.35504129254372035 0.3672466881905081 0.38019927498273853 0.4146683244518588 0.4412448404345622 0.46751271235424446 0.545011566601368
135 1350 0.003834078704377845 0.5290584058484576 0.2715838665445575 0.2715838665445575 0.29210403117101025 0.3104972684849554 0.347276028390869 0.36343719678708575 0.38337218320403477 0.40633872367514806 0.43588567556039287 0.4758935884646195 0.5290584058484576
136 1360 0.003609280624410932 0.5274318468848667 0.2647928829269515 0.2647928829269515 0.28795616327985424 0.30738327608888744 0.3340318644047135 0.3674129158269015 0.38780729001833514 0.40546237015683 0.4371257812028142 0.47196095341270694 0.5274318468848667
137 1370 0.003261969971789047 0.5255169540956708 0.25770887976807044 0.25770887976807044 0.2885492477148876 0.3009826754550646 0.333112980683769 0.36514604735001077 0.38106798194952746 0.40278857623835557 0.43390733692815947 0.47246335164561676 0.5255169540956708
138 1380 0.0031527371416418984 0.5222334494558492 0.2550192633610479 0.2550192633610479 0.28625914328325625 0.29073271131985706 0.328302089625407 0.36653001026208115 0.3755225697365329 0.3978002413314861 0.43710280705248156 0.4642035766145243 0.5222334494558492
139 1390 0.003157107824421986 0.5033063108475732 0.2540474707744614 0.2540474707744614 0.281334969174218 0.3014712150077613 0.33062768504543255 0.3571683850093153 0.37150008072195834 0.3900834762459681 0.43913972889215364 0.46530145982276516 0.5033063108475732
140 1400 0.0032632994870743512 0.4972283405520713 0.2480657684125152 0.2480657684125152 0.2799049949517989 0.31198621123544595 0.32451490256901655 0.3528916664679943 0.3733954045429503 0.39536759520267006 0.4312990696421597 0.45754977073710834 0.4972283405520713
141 1410 0.003243765595738786 0.5028449109759914 0.2351512701241121 0.2351512701241121 0.2740785422226512 0.31766370059657684 0.3273052525819713 0.3532167561809647 0.3709808795592991 0.3959647992373098 0.43297255918694366 0.4601021423880904 0.5028449109759914
142 1420 0.0032926782084108054 0.5040517725949665 0.2358586745732508 0.2358586745732508 0.2672844916071968 0.3117631348225419 0.3281501214735599 0.35437208778675405 0.36682873216317685 0.3950034048860821 0.41794936762885837 0.4603318523053107 0.5040517725949665
143 1430 0.0030968260844502307 0.5057532164027382 0.2352729376060439 0.2352729376060439 0.25940327890757797 0.30934273790618166 0.3288901572605376 0.34919068697729244 0.3675349099205072 0.39101977201317756 0.41854507514879163 0.4621614236917188 0.5057532164027382
144 1440 0.0027244155152912506 0.5037646380179206 0.22764248168553597 0.22764248168553597 0.2601978012788095 0.3091628350314752 0.32361876255204675 0.341549151825882 0.36780420909556644 0.37453490225599984 0.4145231229984129 0.4632407004601425 0.5037646380179206
145 1450 0.002484053823557042 0.49649703670719947 0.22624449671102148 0.22624449671102148 0.25804899033548495 0.3049439356355211 0.31382816071302666 0.34000103211075405 0.3626862644130108 0.37223385555904315 0.4130045272251878 0.46427909848947635 0.49649703670719947
146 1460 0.0022553566051374497 0.48390035154856553 0.22156370439936618 0.22156370439936618 0.2571416412212506 0.30058658428212576 0.3097656822175404 0.33573128874122865 0.3611003305317834 0.3818831253966138 0.4121659315824513 0.4572140616317122 0.48390035154856553
