% # columns="iteration, evaluation, sigma, void, void,  stds==sigma*sqrt(diag(C))", seed=890420, Mon Mar  9 17:26:09 2020, <python>{}</python>
1 10 0.18488836173058454 0 0 0.1833630677163967 0.18319169283800826 0.18523762717461079 0.18805360041473745 0.1869036589878506 0.18189335696582504 0.18260986548651836 0.18037248519456703 0.1842427138123291 0.17638572954903997
2 20 0.17430147841075516 0 0 0.17200574125737425 0.1710526373653003 0.17054054512838934 0.17268403107486152 0.17937376107118685 0.16747276859807814 0.17279643664967737 0.16910806427785224 0.17154718781716594 0.1652067440642858
3 30 0.16597308148634907 0 0 0.1638889552350721 0.1613072654502715 0.1611218419346823 0.16567964812759536 0.17061369186224795 0.15730940842334232 0.16581466722847074 0.15343134625421956 0.1596960265584741 0.15600205784769627
4 40 0.16325797255327812 0 0 0.16130485748731813 0.15839820918161074 0.15316358920751127 0.16102235741353485 0.16780050444261574 0.15762285007924123 0.1649481538758312 0.15022529731951048 0.15229708003615472 0.1559673812033618
5 50 0.14736008332231826 0 0 0.14460273075303376 0.14362505522057148 0.13162952390811478 0.14472640872150014 0.15067091212574404 0.1398009443429914 0.14714625080395022 0.13537809922531369 0.1378933120728331 0.13840281938602278
6 60 0.1456514172138364 0 0 0.1421765484787208 0.14330007433382735 0.13041424518948924 0.13988191852447193 0.14057824450978817 0.13733796714140792 0.14282365168029118 0.13613345127504645 0.1369038479144946 0.1406813489673234
7 70 0.1443599872243543 0 0 0.14153110456912973 0.14194073240356747 0.12114772582933066 0.14062033270962684 0.13588488150371683 0.13412406898800233 0.1410615080840635 0.13572631456924816 0.13611441199632768 0.13961041370153732
8 80 0.13858344559719926 0 0 0.13552349597761312 0.13740510388539087 0.11493022940308745 0.13558911449711583 0.13207193828443026 0.12610248354653986 0.13436767655134638 0.12944441195102768 0.12665254135753634 0.1355395069450728
9 90 0.124163954945032 0 0 0.12113454703508882 0.12178238131617525 0.10189885498682776 0.12129543615864702 0.11814883111356748 0.11264942977105427 0.11844114263765665 0.11099729984938789 0.11417305855199758 0.11904536487385498
10 100 0.1145144592522899 0 0 0.110049737068507 0.11067063080383455 0.09589342907913909 0.11136981092474554 0.10694549412308602 0.10311197996452903 0.10910535113472573 0.10255279481068261 0.1038213844142293 0.1057999568510866
11 110 0.11070300623516138 0 0 0.10644758447313538 0.10259338639130647 0.09091940184745675 0.10878327053300095 0.10481814006977035 0.10030517223482607 0.108522319834923 0.09850519216005957 0.09925918488896653 0.10033981532700181
12 120 0.11740323707089803 0 0 0.11255812261726014 0.11102194052407097 0.09812691218701143 0.11475966810927105 0.11892421072874577 0.1064270496184758 0.11615365356788886 0.10323354932243489 0.1001513301062003 0.10377247343342356
13 130 0.1171839998578813 0 0 0.11112578973913538 0.11139327554715558 0.0982654297658305 0.1148347704979831 0.11952326652319588 0.10190327556706985 0.11394898849914367 0.10348776213903535 0.09909336214803809 0.10174854096513944
14 140 0.11123432120760021 0 0 0.1042675552623604 0.10409618117632959 0.09278938942863212 0.10833151217871981 0.11250017869035578 0.0937264977309973 0.10740162802225162 0.09727311773513232 0.0924862882816696 0.09642169091267534
15 150 0.10180175146637838 0 0 0.09549949992692815 0.09563824983309693 0.08655424488531936 0.09860545840117722 0.10227698503519943 0.08364335889123321 0.09512854707008465 0.08824097590818482 0.08370644877145592 0.08914524702569852
16 160 0.0990876665877615 0 0 0.09155606338099798 0.09315593633169815 0.0839236018804377 0.09482039172164469 0.09730223888643497 0.08125527726197539 0.0928463094788377 0.08418492978879923 0.08399283169427878 0.08554897072075392
17 170 0.09775811214059547 0 0 0.09187913202536627 0.09138734042011558 0.08259023254192058 0.08888306788002541 0.09409870598186133 0.07909468943653436 0.09142481408004198 0.08245146890456924 0.08495920106519755 0.08382903662770401
18 180 0.09542356944475122 0 0 0.08990663916111635 0.08777206422697169 0.07958521146124016 0.08603644902017904 0.09294508905033573 0.0777177824278836 0.08991581935089893 0.07890557533879224 0.07932268861204184 0.08196624565057666
19 190 0.09571941932982332 0 0 0.08808624278379046 0.08663429513635308 0.07623714137694193 0.08543800575944159 0.09329813079408791 0.07799091550643354 0.09132884598146171 0.08040911005779576 0.08128172469792286 0.08220945657707815
20 200 0.09728177952754599 0 0 0.08853020356323807 0.0874718612777172 0.07684914418919968 0.08883898583269201 0.0939784989736926 0.07787932599996772 0.09038549007078724 0.08095365188950225 0.08445968167571535 0.08259516544921085
21 210 0.10306146285645094 0 0 0.088924598986229 0.0930449608579925 0.0813443382292587 0.0980281013887039 0.09856999162096615 0.08275846855822873 0.09542709472504626 0.0864020074010452 0.09049467890069832 0.08660314485859068
22 220 0.10467516612136127 0 0 0.09160501884757637 0.09539426387292213 0.08313868111628278 0.09958481397167301 0.09755111566382693 0.08361719496476915 0.09538377771957532 0.08798990400815122 0.08820120746294176 0.0891432964599621
23 230 0.10604735331188342 0 0 0.09389190363913434 0.09478298791494007 0.08347301853351373 0.10101270997068916 0.09836974084249923 0.08419679149940755 0.09344743674782133 0.09155504963614727 0.08769144925132578 0.0895183336876118
24 240 0.1034940063250852 0 0 0.09133524452874794 0.09196935129337613 0.0813330761224084 0.09668685353469653 0.09444806306606747 0.08217828734545356 0.0917650161898324 0.08831384894793372 0.0839150349420222 0.08611512996691177
25 250 0.09369434476052727 0 0 0.08262140028274367 0.0798271450144138 0.07257695232507283 0.08792155290540053 0.0853880649588182 0.07081177874692766 0.08410312776444667 0.07982943290143739 0.0752921519441299 0.0775915976647793
26 260 0.09200017632143347 0 0 0.07996008791887811 0.07946506763426844 0.07118069948436036 0.08642537566273674 0.08340883601713836 0.06839501064373724 0.08049088804286701 0.07471113508702225 0.07394743240574837 0.07704722458122777
27 270 0.08546174450273751 0 0 0.07356061339475463 0.07163839830299178 0.06644284117430978 0.0783450954235965 0.07808658419721198 0.06318631303824303 0.07428876918189187 0.06924986469371405 0.068778762665016 0.06970230610235584
28 280 0.077932550559751 0 0 0.06624103148817795 0.06491485803454004 0.061063912038670835 0.07098840505819616 0.0708602010486051 0.05705816779674284 0.06716638126308945 0.061448897751035375 0.062287614701883966 0.06414893817088659
29 290 0.07127952379987079 0 0 0.06057801066439599 0.05870347372113583 0.05629284964810755 0.0639984251193164 0.06335598655758064 0.05156818334574059 0.060733967859999585 0.05594365473235419 0.055318875246927815 0.05796085047202018
30 300 0.06982060326308799 0 0 0.06142212829915262 0.05675428044033067 0.05478182786988632 0.06250503036413117 0.06194114221387791 0.05038403211271721 0.058889524490808316 0.05269584403979727 0.05327245043402363 0.05762135981678569
31 310 0.0671296964193994 0 0 0.05894042831371259 0.05361308128784969 0.053721417160482336 0.05952689589267673 0.05938498577036851 0.047658340045427405 0.055619623572191565 0.05075118056699182 0.051669762700083256 0.0544358217085616
32 320 0.06384651948835394 0 0 0.05705063391280581 0.05089412761753398 0.051148711557663165 0.05624522502523157 0.05407131193124119 0.04466430298173378 0.05301353838544159 0.04962036508089816 0.04797474431442405 0.052899374089353975
33 330 0.06140702988635862 0 0 0.05286394066540863 0.04889924147961327 0.04886065944876732 0.05272322204792793 0.05124811533653319 0.0433093217938014 0.050683251056950776 0.048587941005498306 0.04579930910800998 0.05109816505717939
34 340 0.05957115395414216 0 0 0.05133369761340331 0.046663298229644316 0.04778976161432728 0.050721647353444435 0.047391626747422005 0.042093767916614455 0.049090760605354264 0.048038484290998176 0.043117101106906724 0.050000517987573996
35 350 0.0651592343646483 0 0 0.05648120451925995 0.05030922362784055 0.051955248048202986 0.05648263127365617 0.052107873070481286 0.045179273574685715 0.052908067106457055 0.05581112560173658 0.04727247287156316 0.054599721393934215
36 360 0.06491205655388639 0 0 0.055264034017803235 0.050734432533473574 0.05008091664219724 0.05638255415830998 0.0511863300801366 0.0439468285318468 0.05290697569715913 0.05650719703542172 0.04713119976436194 0.05427385268477012
37 370 0.0634276877696387 0 0 0.05303016743141286 0.04878029935832985 0.049280846846370234 0.05493041333696971 0.04782389293646025 0.04283915385202657 0.05196119353430298 0.05650777270701318 0.046086630164866006 0.05232421995238597
38 380 0.05712098596585967 0 0 0.04709302114797261 0.04331353595615141 0.04340213816677514 0.04798299009960836 0.0428340728398011 0.03764819304372203 0.046529993872226436 0.0505529257114483 0.0412122045784899 0.04653624077687832
39 390 0.05565646640546864 0 0 0.04587027595125328 0.04149581354743465 0.0429384495564597 0.046330784390258416 0.04188506413291722 0.036434964771200964 0.046229847965432246 0.048768902766814066 0.04114550742106906 0.04286602001045573
40 400 0.052482955101575066 0 0 0.043054459712627814 0.03848755337601717 0.0402272384271894 0.041993418191597784 0.04005533815229664 0.03430781683774418 0.04383761444308432 0.04620059949381952 0.03910451801269501 0.03980616495266573
41 410 0.04816445811957803 0 0 0.04012706481225328 0.035089416633368974 0.03619222011244175 0.03853072788507559 0.03624180502006647 0.031227484556532837 0.04024450975499386 0.04181422745152385 0.0341733421298341 0.03631564400068441
42 420 0.04435968218260931 0 0 0.0347261475171596 0.03218210415004913 0.03273981286666857 0.035478435995773314 0.032891993152798706 0.029406280561981923 0.03688219127181101 0.03881180027476698 0.031076854850063212 0.03294681463299957
43 430 0.04390688839363061 0 0 0.036014035979739435 0.03145206421299885 0.03243761812825471 0.03477044613080305 0.03261233536670322 0.029340961938142927 0.03587447774147983 0.037784007574644694 0.030522352307643164 0.03214800604259171
44 440 0.0423462987085527 0 0 0.03471173188787479 0.030461870741334725 0.03125590941955371 0.03258650517234755 0.032001248567429516 0.028794580999430438 0.033710195621787474 0.03557079188349081 0.02921269001450602 0.030512696820589883
45 450 0.04250655218403555 0 0 0.034118638461756 0.030818879734244322 0.031058479598153537 0.032689509242791466 0.03193009734222631 0.029288061815342673 0.03509767820245893 0.03458859469253008 0.028748624443725095 0.030563053609654972
46 460 0.04035049152768902 0 0 0.032087114004455596 0.029224455099376007 0.028978300836213652 0.030892777015694924 0.029686161061772076 0.027556337879809933 0.03323545740011716 0.03237948860156166 0.02728313260146448 0.02754980532144556
47 470 0.03840117077983061 0 0 0.03032916073132295 0.02725363359181279 0.027463613972129763 0.028254443222351593 0.02756438314772941 0.026812669067461856 0.03218218188334404 0.030882086036174306 0.025765139998172586 0.026279762220281055
48 480 0.034773472596800484 0 0 0.027213514928850734 0.024086748642427346 0.024891935901098 0.025068603528302744 0.024832773402092365 0.02414419852791382 0.02919827622255455 0.027718362010280977 0.023319566750047985 0.023359744753463526
49 490 0.03486365848244521 0 0 0.026937236136770622 0.024355130591304796 0.02565019295535692 0.02549233258473351 0.02440449416751435 0.023718621829556426 0.02890779039065349 0.02679641146944468 0.024044519102841666 0.02268392925886046
50 500 0.03555771284218237 0 0 0.02696912950378085 0.025335868800455276 0.026146246359724505 0.026178179356277184 0.024725791840596777 0.02411760518565719 0.028789207594834637 0.028030407841697406 0.023645515358104566 0.02346278203123752
51 510 0.03397107247530773 0 0 0.025381338164885105 0.025099847778420566 0.02479849707382907 0.02539528622473057 0.022855947012682905 0.02214411096683084 0.026999244521539807 0.02707148140054671 0.022474487463589328 0.02234317663038178
52 520 0.03099813476521136 0 0 0.0231370990606195 0.02290327928502805 0.022325205684687495 0.0235087049644134 0.02027566677415153 0.020088779376583127 0.02334858464318695 0.024407368264808323 0.02058199533534178 0.019951270292547483
53 530 0.028295728402254045 0 0 0.021054570448724233 0.02011723961082448 0.020565814080983257 0.02101151233387661 0.017842237354819976 0.01848210046544031 0.021353605614569587 0.02224595803283626 0.01863670861589837 0.0181437970247818
54 540 0.02611387944539023 0 0 0.019173663471479148 0.018776411655828853 0.01907238741401011 0.01943307103336089 0.016199703450382442 0.017184307840328962 0.019032935300101087 0.020140972651753894 0.01756388244982704 0.01677167530948912
55 550 0.023446382650430732 0 0 0.01744869058023067 0.01657900131450466 0.017182984924534704 0.017281655351122634 0.014540752943571416 0.01501470905135 0.016779794902403784 0.01761310682533629 0.015323930667536708 0.015235893884359359
56 560 0.02213346440852541 0 0 0.01639837683755881 0.01546539429979824 0.016135017399006996 0.01611048621862692 0.013443320210838577 0.014012640097293473 0.015681564956812513 0.016551087360198505 0.01428344479282547 0.014448327017121565
57 570 0.02250839350295076 0 0 0.01680034529123892 0.015471403433961745 0.016217100751025237 0.015960575094341 0.01371261332142257 0.014787746387166373 0.015627083482965886 0.016890298198973502 0.014321068789038143 0.015102311978529315
58 580 0.02151532257671929 0 0 0.015633697148709744 0.014457541692655632 0.015358434128066305 0.015264117371380009 0.012687049676420023 0.014316875785567363 0.014897126822590276 0.015891888257883704 0.013557161063386742 0.014527647111136532
59 590 0.02137373541582306 0 0 0.01577583543701227 0.014213789199375177 0.015212617185216739 0.014987213623810664 0.012673470559972377 0.014263363050507377 0.014607024194187525 0.015809491764318343 0.013091539077246316 0.014253972457145825
60 600 0.021671330771876704 0 0 0.015615920681553892 0.014181179424955994 0.015399589476032566 0.015242913909426153 0.013344744857430675 0.014289138400681403 0.015250977723282117 0.016049874295424586 0.013827022013171273 0.014168887472036392
61 610 0.021167445384783178 0 0 0.015041425762712548 0.013384045440139882 0.01491539580192271 0.014861347089970132 0.013225504233769543 0.014075423894859846 0.014981977297243385 0.015525736451060335 0.013536310949376462 0.013796356251656287
62 620 0.018865005069803247 0 0 0.013084725531328393 0.011564875009640218 0.013131908045455023 0.013108906350883706 0.011712868338950544 0.012096963968965703 0.013105000269832589 0.013877754371533307 0.012052990466602513 0.012246570555023059
63 630 0.01677724806719595 0 0 0.011734446200792033 0.010255634869210087 0.011387089222031362 0.011694719266577907 0.010297691772912006 0.010638741453906538 0.011406824254708466 0.012215519016904512 0.010637961857716675 0.010862841677291351
64 640 0.017158032042575502 0 0 0.011608218870459116 0.010437455578438748 0.011699315821028882 0.01206159490811841 0.010805288978843286 0.010748132127405954 0.011400635643646484 0.012151596641752771 0.010757997837139563 0.011049173029870768
65 650 0.017563535838297593 0 0 0.011673312114045738 0.01049904656728271 0.011955153169458471 0.012049292983179312 0.011149677120508995 0.011002000770866542 0.011685404417440768 0.012280351922805901 0.011040017308838237 0.011427832390300187
66 660 0.018053481513749754 0 0 0.012129921011235478 0.010610328921765918 0.012000292993109122 0.012218071551974278 0.011634531358686922 0.01121616310541024 0.012082284822417917 0.012356203894698197 0.011408502202474228 0.01167004149561699
67 670 0.01721938921536156 0 0 0.011598437787862154 0.009875434913754779 0.011469659014916197 0.011614255736038403 0.010987863402683488 0.010525726813251613 0.011542922666349617 0.011688236325525268 0.011005779931460102 0.010741409270049601
68 680 0.016413386061940108 0 0 0.010729783531780415 0.009368904457930734 0.011086399083499085 0.010929320668016768 0.010419439126077193 0.010053720655113523 0.010970296224824072 0.01123230770780503 0.010338245634649508 0.010179890356402396
69 690 0.015745804911522023 0 0 0.009946291611119967 0.008806887804634712 0.010685571266044126 0.010359570351175799 0.010042161354086258 0.0096577135509569 0.010497661682533764 0.01043383197464201 0.010130153169445927 0.009368892178476949
70 700 0.014848388079293614 0 0 0.009437868933814073 0.008116893686174926 0.009916273473821591 0.009569414390248259 0.009310626523912367 0.009051455080829104 0.009963609471123567 0.009953858753520062 0.009556053845066798 0.008102967689096265
71 710 0.013598029025022058 0 0 0.00841237193583151 0.007200817951355882 0.009076214073487148 0.008748676499916758 0.00848138247745011 0.00830463440931635 0.008920023710152799 0.00922796896127662 0.008765089720549915 0.007438777493688242
72 720 0.01198801806759759 0 0 0.007235885306439339 0.006266980844229347 0.008018609696949086 0.007604754597234809 0.007456126248933797 0.007250245397471004 0.007866127534288097 0.008152795230944865 0.007409052741419653 0.006483693777557641
73 730 0.011299042674651 0 0 0.006602385860957381 0.005892316079620013 0.007526966914034286 0.00718393567130211 0.006874100263792272 0.006813020245759851 0.007369838782496048 0.0075355052064941495 0.007032143697123434 0.006036707336942731
74 740 0.010661692571329484 0 0 0.006076412329355544 0.005352310421314287 0.007110607519934242 0.006703598617414516 0.006531799563478143 0.006383122871981457 0.006908607245528791 0.00706850928161351 0.006539542605679268 0.00567585325956867
75 750 0.010490790117516094 0 0 0.005915759565712935 0.005276653991784856 0.006944923440478181 0.006468968647327136 0.006329316955329835 0.0062212875261422225 0.006716850697501155 0.0070005233760142465 0.00646605721123499 0.0054360971004304495
76 760 0.010946219962533905 0 0 0.006113945495403514 0.005407718174894149 0.007194905314501159 0.006746435191756548 0.00651192547375434 0.006476246201291524 0.007590761059005832 0.007161326987561953 0.006697647574513755 0.0055505143506811485
77 770 0.010543116041033912 0 0 0.005871951010429055 0.0051651891291770845 0.006985220974985934 0.006407097796010953 0.006183493268253722 0.006153790408008465 0.007304002308925214 0.0071636525458503965 0.006404717943379425 0.005174694124177342
78 780 0.010332829946605145 0 0 0.0056807270503864225 0.004975752374384329 0.006823615805819641 0.00631423630045793 0.005846511598758575 0.006054399549848769 0.007220048932047134 0.007135524938318312 0.006082378184726947 0.004964203894624146
79 790 0.009451020980311772 0 0 0.005128730174784389 0.004551145771984727 0.006118293905099883 0.005845665642933944 0.005288496512465596 0.005276832766979362 0.006533469555841799 0.006503704660868377 0.005553718393391466 0.00440277490348012
80 800 0.009203165733120874 0 0 0.004976996652686125 0.004590673367143539 0.0059861327847623045 0.0056053596227270954 0.005155302544144271 0.005191486790410784 0.006349591830100381 0.006272087817693093 0.005225656083418818 0.004258867070327881
81 810 0.00872742955727099 0 0 0.00461347523065944 0.0042908782655318965 0.005627177875598256 0.005330426243701762 0.0048772413386002625 0.004901867393514691 0.00602856846719242 0.00588770111219121 0.004856273142644263 0.004040948100258282
82 820 0.008189094885000518 0 0 0.004131510097955658 0.004084370012933332 0.005274123485826706 0.004919487072990656 0.004552278255832844 0.004463145672459201 0.005621253345772569 0.005528671504853501 0.00445568929369185 0.0038304795842614174
83 830 0.008122323596843473 0 0 0.004156405765257611 0.004060393248843282 0.005273414517536035 0.004813735293450565 0.004486170903348557 0.00438566579707853 0.005576488337997822 0.00538342771298835 0.004216998473073326 0.003704732684859384
84 840 0.008032627611720822 0 0 0.004086647764210695 0.004028734803300895 0.005148139166680055 0.004670213059624997 0.004363109873880979 0.004171370082115648 0.005736440942292621 0.005295022217011618 0.004219672597895587 0.0036581328292702845
85 850 0.007689594303450681 0 0 0.003924857150177648 0.0037592087912703387 0.004812312703179363 0.004386979921424307 0.004208222442738262 0.003924458758466951 0.005544783708418863 0.004943943334396667 0.00412818245967004 0.003459756138153637
86 860 0.007343695190448197 0 0 0.0037153415704899375 0.0035683340860811173 0.0044167941134902215 0.004159178727507489 0.00409161189193511 0.0037739857158437043 0.005194902782780041 0.004669597495883715 0.003894278607772712 0.0032529735913075317
87 870 0.007207781187368409 0 0 0.003608582649375134 0.0034579672399326733 0.004269216607650384 0.004125088199012369 0.003992651546978111 0.003772044813958254 0.005015182294402938 0.0046644918924216745 0.003788495290196104 0.003144536126496247
88 880 0.007611406268295415 0 0 0.003791034931982577 0.003583679446204561 0.004436926717995337 0.004375567094618194 0.004262302814087425 0.0038163126665411444 0.005261539441215669 0.004983589563875583 0.0040330083196698455 0.0033547749135092926
89 890 0.007571093531296435 0 0 0.003675806945089185 0.0034407467688893816 0.004361188739441972 0.004310861235233999 0.004235587914551417 0.0037979160169033604 0.005130712486863704 0.004793439182136239 0.0039616361731594435 0.0034425868474231127
90 900 0.007363254485241066 0 0 0.0036103829632112396 0.003338622434199231 0.004194035842857229 0.004104922966226433 0.004103688482389954 0.0036340034024636607 0.00494195210239005 0.004641655643290138 0.003756758264897968 0.0033754347700509085
91 910 0.007405033890372601 0 0 0.003779504320627206 0.003338349576692852 0.004175087805471965 0.003992496310564173 0.004019610122822411 0.0036898567071133007 0.0048914346177563 0.004545955374153614 0.0036703399921983564 0.0033854717035336117
92 920 0.006967351549916385 0 0 0.003573277793957237 0.0031269548125198335 0.0038716739129943255 0.0037521221111540093 0.0037145452825459047 0.0034759105109727997 0.004616416849780376 0.004249450425928923 0.003417365127382988 0.0031304255842553824
93 930 0.006520258347502873 0 0 0.003342202894556076 0.002887887348292392 0.003572307399720251 0.003495498795997302 0.003421496881467084 0.003257685954100727 0.004214777284718908 0.003977391165698418 0.003084556721939789 0.0029283706980294784
94 940 0.006192319891745693 0 0 0.0031355748136557395 0.0027549193100300513 0.003374202353495214 0.003319266571232704 0.0032561915484639577 0.003118223226000079 0.003950695752467996 0.0037064019575769 0.0028648926190395193 0.002782288111244171
95 950 0.00612158950061256 0 0 0.0032025235609492745 0.002653605158292041 0.0033164968090514365 0.0032288586976166596 0.0032583996074157843 0.0030423444386668925 0.003907736784661309 0.003576802662087744 0.0027716791577257365 0.0027187694489687803
96 960 0.005867025150079797 0 0 0.0030330844871467736 0.0025501440106082273 0.0031563087105475744 0.0030442856979193363 0.003094638005956225 0.00293784320350404 0.0037190810974926033 0.0033971450754247887 0.0025962754149202855 0.0026031750250122758
97 970 0.005645612026412862 0 0 0.0028278441569286046 0.0025133447452643973 0.0030753340441609417 0.0028964433134534675 0.0029616280107785256 0.002709367657018415 0.003569316854987815 0.0032176473613589945 0.002484495458752313 0.0025110856946018692
98 980 0.005456206307110813 0 0 0.00275075054240368 0.0023456028440147587 0.003006425610743621 0.002818438538793433 0.0027979263380275257 0.002584462883437542 0.003432275851638014 0.003108992619126573 0.0024122638941933517 0.0023112892821545244
99 990 0.005185506558613706 0 0 0.002646105815381332 0.0021923002264994437 0.002833108133752756 0.0027125253490501424 0.00268181623668511 0.00245659997240558 0.0032325608068789363 0.0029456677114699493 0.002244699541715725 0.0021856548975042757
100 1000 0.005069010188239195 0 0 0.0025934367493310982 0.0020866604783204637 0.002782284967578207 0.002608852984314283 0.0028238519701086046 0.0023591964494303007 0.003095369004178686 0.0028977239131439485 0.0021587970380353887 0.0021481169317352127
101 1010 0.005216271317504429 0 0 0.002569229616431694 0.0021125207572191386 0.0028775732549018453 0.002654229446979374 0.0030725288971276523 0.0024919708936073245 0.0032010349873990347 0.002969459246371808 0.002268935039085031 0.0021882897966245623
102 1020 0.00477058698109518 0 0 0.002313187266157864 0.001931247011488011 0.002518189676690611 0.0023895068021300564 0.002794405100642773 0.0022213818117751707 0.002939706650244606 0.002710912155116379 0.0020995789565478665 0.0019680432903167737
103 1030 0.00438131507380809 0 0 0.002082850828077612 0.0017585253742601514 0.002313717976064499 0.00219398630167147 0.002524728376843016 0.0020726645879164864 0.0026697751686949357 0.0024793397827111967 0.0019060928190869069 0.0017705819425616143
104 1040 0.004416480410951174 0 0 0.0020525436503057793 0.0017698454755853482 0.0022976263967068233 0.0021962007664419673 0.0025492181798931327 0.0020649734589628425 0.002671935192036993 0.0025153612306262106 0.0019272194755380217 0.0017534844962054782
