% # columns="iteration, evaluation, void, void, void, xmean", seed=890420, Mon Mar  9 17:26:09 2020, <python>{}</python> # scaling_of_variables: 1, typical_x: 0
1 10 0 0 0 0.1257399813335793 0.04083786778858661 -0.04674087437748353 0.23878537528863175 0.11622993791463518 -0.015799367195154117 -0.04267875819547765 -0.022368240137760266 0.03529366762179506 -0.09017193028760988
2 20 0 0 0 0.090918576032998 0.04813706895020945 0.0745101176029819 0.3186588545736463 0.19092673390288567 0.04014480894516084 0.02949343979377842 -0.0074693122777449855 -0.05278029917134004 0.07494719960078684
3 30 0 0 0 0.18895030325296663 0.06528730168501114 0.10235633559523014 0.41265113854240276 0.10231137319379205 0.024595831927043493 0.09504861720989241 0.032323361847590604 0.0019334999565836786 0.10379660095359583
4 40 0 0 0 0.27078741794453554 0.006084836423935876 0.11696109111206551 0.41423089419509496 0.20916264807257148 0.1444524384617532 0.1213091070663361 -0.02854327717120972 0.03338565376653379 0.22831069478923213
5 50 0 0 0 0.2839734956510388 0.09655784963293051 0.11729485059311154 0.31816762232701395 0.1610288695059876 0.10770744197071334 0.0989530787578889 0.07417810282477993 0.07567534934265834 0.18966193141348475
6 60 0 0 0 0.26866343844459933 0.13260109604004439 0.16381073822969466 0.23422561229975383 0.14155626793007334 0.15254632344243782 0.12794946088837494 0.1625888933411391 0.16751445515914942 0.31869453470858927
7 70 0 0 0 0.22715034409877127 0.17126216943782596 0.16704382645536417 0.12778988327582727 0.23368969695619485 0.12675482948595695 0.15813430169120526 0.20014884056761237 0.20262799847265364 0.32759817144337977
8 80 0 0 0 0.2924325387046871 0.0839135788153033 0.14128970090082887 0.21398926125420523 0.29721680526057986 0.15984463356165426 0.14307851264104487 0.18686675629268334 0.23923567624565079 0.4267216359886304
9 90 0 0 0 0.1726450107469247 0.13651358798818744 0.1925752701285171 0.21654679224675222 0.2315549662382253 0.09717316025018911 0.16718627875484235 0.19223348203789212 0.14579224349045478 0.40209371802156857
10 100 0 0 0 0.18767901144465624 0.19957035963092168 0.2782792603883387 0.2157400571487768 0.26215420931825173 0.1083233508268227 0.17697623710927313 0.22022938113615445 0.1363407857700617 0.37844504139480406
11 110 0 0 0 0.18929063176552519 0.17817667063626452 0.2852637607968359 0.30205997644041105 0.3177047801111748 0.20601695506697873 0.2940029434296476 0.1695598941049877 0.18784977448289839 0.36464463989964185
12 120 0 0 0 0.27132549331158723 0.23608014763914056 0.3265278989661543 0.29183629963214325 0.4821594544996987 0.26104905424651753 0.30196290392571906 0.11122573097923806 0.14214276859162533 0.3260225405110551
13 130 0 0 0 0.30117525424042363 0.28639425761134274 0.3271266416104656 0.21916373159763186 0.47666783885791547 0.2452902699639138 0.21303415082009045 0.07207233144368927 0.13751877699681084 0.3846737847601881
14 140 0 0 0 0.2781701047171977 0.2632286332697794 0.3465245601828173 0.19871791492725166 0.4820587352845092 0.16771196529121893 0.1686083909380982 0.07898304344978152 0.133326713004817 0.4185664996330886
15 150 0 0 0 0.3431649959659163 0.2788260000499837 0.3725961092743303 0.233001914113887 0.5097713785958133 0.19795891332332316 0.20031089228993865 0.10245264404133707 0.1659274670985594 0.3807827433670533
16 160 0 0 0 0.3457637471127879 0.2100764108583177 0.3574755802529685 0.2034629568906378 0.5289785806051285 0.22957872519248468 0.31103520108828847 0.1111900682638147 0.24861255200568982 0.45081440272871226
17 170 0 0 0 0.40517410088137246 0.22298399082788523 0.3070171844393776 0.2087848803576485 0.5013944898954398 0.24198899348432237 0.33746510434802507 0.13978321891067147 0.3019497367600795 0.45907975990885164
18 180 0 0 0 0.37176981588704744 0.23511083279508257 0.33860033725598004 0.2262206965394366 0.4380991635293493 0.31642046849450794 0.3633148880374959 0.15278468650914073 0.31200142324731595 0.4255391671338272
19 190 0 0 0 0.35559638554314293 0.2196562786600977 0.2678087461347087 0.17853055297315865 0.40205775619220946 0.314193024469086 0.4049590687556831 0.23122192864113517 0.3232099745622475 0.47209542996487364
20 200 0 0 0 0.33027178913561894 0.23197757085557885 0.2520525337738234 0.28737645928134314 0.4347961895272192 0.3557339068998082 0.40509296087657287 0.20896357980222427 0.37988788535296697 0.43370369373444767
21 210 0 0 0 0.3833321457699977 0.2612992736559595 0.2369531893958398 0.3798184267274809 0.491048155488419 0.3575037420920064 0.3920705442602015 0.25423067335011185 0.4177192187956025 0.40813914090925585
22 220 0 0 0 0.4695995361532016 0.36107429121727197 0.30476842042295116 0.3480440851993115 0.47795667414345633 0.33701602676268055 0.40128103324813236 0.27001061798557696 0.3519399409367051 0.38270370279040616
23 230 0 0 0 0.49453670074200373 0.3712179588929533 0.27757486838352863 0.3632061960867996 0.44329049121527353 0.3525651274354702 0.39985742503192107 0.36537351109259103 0.3665901073698248 0.42791644373032456
24 240 0 0 0 0.5285522280407103 0.4144376073114164 0.29328406686295666 0.3919398969892156 0.4095006785228919 0.3535677873198346 0.44539606393659986 0.2933432583821181 0.3379226479046951 0.4076075770770336
25 250 0 0 0 0.48241153358566896 0.37967435090190976 0.3025744307998827 0.4285999169573586 0.4033971644380349 0.3590281782064925 0.4404085182946159 0.24744833795325863 0.3594790136069491 0.4038753740903486
26 260 0 0 0 0.4982191120166342 0.4616568138851977 0.2826139535289947 0.4367772040096238 0.33706103639626395 0.3578311286874699 0.4140504077573486 0.21580042224797552 0.36323058926206947 0.4164022016147552
27 270 0 0 0 0.5224265729179309 0.4751881460406417 0.2844041451500187 0.38188491951345255 0.323158389797597 0.362338393844119 0.40813236156480376 0.27468917531752196 0.37183329827815 0.427730895265852
28 280 0 0 0 0.4955992396812044 0.4226765727527297 0.33744748600696123 0.44356110522687014 0.33274362335381824 0.37916336915070226 0.4107532324022568 0.2725071913836805 0.3461873619114405 0.3801183302252527
29 290 0 0 0 0.475060855541037 0.38296170564885557 0.3151952267407722 0.49686809186235 0.3494951588045998 0.3947195529259765 0.41527751839657195 0.25824556795876863 0.3718490274545463 0.41183969726670056
30 300 0 0 0 0.40596247002550867 0.39451963759632985 0.3056373326927113 0.4945415478095013 0.29554601160103866 0.3746785695462257 0.40288576249399916 0.25227250625338987 0.4028032505674888 0.4626873802784954
31 310 0 0 0 0.41926206064192256 0.4183029846804531 0.3418748126361295 0.4644022691128555 0.2778994719547739 0.3721560019630011 0.42149258489077757 0.25408449173886694 0.44002511420780394 0.42048945945764205
32 320 0 0 0 0.4023259346696284 0.40656873783459124 0.34785912974667593 0.455911895468472 0.2831324397175182 0.3568446139507434 0.42244902737412204 0.3117042942235348 0.43246542382524467 0.44612515807057257
33 330 0 0 0 0.413471422765773 0.3850002546624583 0.3379133128129194 0.41939316913655905 0.30506705131194983 0.3372352064315308 0.41149583428749864 0.33773153795618976 0.40251516950176114 0.4803363363310231
34 340 0 0 0 0.43801634394429895 0.38298753802228236 0.36624549738499357 0.3954555329787782 0.2996733105910081 0.36027001528308367 0.4177380480261082 0.36701255269338867 0.40726185583814656 0.4254311012437718
35 350 0 0 0 0.4520627954691566 0.35776478384666544 0.3777747528771945 0.3635165223330775 0.3308998725588471 0.3417638425337989 0.43017779584771154 0.4216128859372116 0.3650416729365071 0.4312836144206302
36 360 0 0 0 0.44701205265289523 0.39449139181507925 0.37861072696334763 0.36246107535832317 0.317797616971449 0.33972514798455244 0.4483537966940601 0.4395765417386259 0.3970660450663564 0.43330741947174956
37 370 0 0 0 0.4517373418598723 0.3589951718170492 0.397530353545292 0.3650872463650929 0.3087189348486003 0.3185320647376691 0.4250992479680013 0.4433783590300224 0.35920386509135344 0.42294093221527634
38 380 0 0 0 0.437709511946223 0.3825682152417956 0.39934473437842355 0.4062286462025486 0.31222192736719284 0.3248121588053567 0.41196832051777615 0.4115540899011019 0.35252876989339976 0.45938270923704005
39 390 0 0 0 0.4543383191341213 0.39218428293422386 0.40930897831467 0.4143478361884819 0.33854245927029925 0.314829878591394 0.4566614336852306 0.37770557695529544 0.32191956032207636 0.45593839678809667
40 400 0 0 0 0.44898106104143587 0.3846167215619271 0.39817831922364283 0.4451568396668812 0.3589218407940342 0.3108896080591957 0.4187191467047732 0.3627437222254018 0.36230809488674637 0.4742545926111908
41 410 0 0 0 0.4117428125768753 0.3797913892636242 0.40077810639834593 0.43342770737764874 0.34234359507145845 0.31659867088436194 0.41157658305905953 0.3872701546630798 0.3868210642254507 0.4977515089483004
42 420 0 0 0 0.4320595766624981 0.377166780386879 0.39498645517269804 0.398104160905583 0.3547350223034413 0.35381626830542195 0.44501718020589087 0.3893857757777699 0.37538456762318767 0.48486817464198684
43 430 0 0 0 0.37747936331238635 0.36530583453214893 0.41243562937171757 0.4192413746835848 0.35846677694767354 0.36491807620956235 0.4293172562659983 0.3914820552173522 0.3698135977465614 0.4756939178642167
44 440 0 0 0 0.3924514779656393 0.34906902780458093 0.40670715806123525 0.42139778696260083 0.3854751142462607 0.3786024519165978 0.4305903464567038 0.368091062005304 0.3646094025252144 0.47943964667552746
45 450 0 0 0 0.39261100440711866 0.3448145431446043 0.3959268196938031 0.43643771161322586 0.3784794077416609 0.39021934003668024 0.38142455047289664 0.37682236399872215 0.3701191218861677 0.45776712976074435
46 460 0 0 0 0.39544656770042796 0.354198584951662 0.41634277444717316 0.41738199793452047 0.372252826306791 0.3737940977459499 0.38420932096435917 0.3864417653382822 0.3951424483843566 0.45920966564893223
47 470 0 0 0 0.3936512639374549 0.36720950685747744 0.4073122407116641 0.4270617934299547 0.37797033401413344 0.4062468354709597 0.4040110939034023 0.36713868066883215 0.39244092216093446 0.45771426420015077
48 480 0 0 0 0.4047739324608215 0.36900609169068843 0.41001038124312017 0.4081594731452927 0.3757150816920444 0.4020957600209557 0.4071847292157037 0.3765085054132673 0.3858907848609125 0.4516662874699503
49 490 0 0 0 0.41080363668001973 0.3788477852915441 0.43659494711017655 0.3907587382336158 0.38210028651925865 0.39689108415804936 0.4248662231703196 0.37563410966812494 0.408513591342464 0.4571712841792027
50 500 0 0 0 0.4149160350351805 0.40011711970325675 0.4463034016055559 0.3842321439892248 0.37554515539692773 0.3722906889152328 0.4184473896360811 0.4026320572995945 0.40027824442598803 0.43633349804855576
51 510 0 0 0 0.4089466794446267 0.4159009883875684 0.44182535900496955 0.4061008704661807 0.3730010025788764 0.3821484439004773 0.4246032735114893 0.37304599008174405 0.3916089708182034 0.43308962509487303
52 520 0 0 0 0.4037552373924463 0.41142016058459624 0.43519446741837947 0.38699159027679325 0.37232731197610125 0.3849591641565437 0.43531678739941854 0.37488633981566905 0.3959024599061113 0.43477240554446833
53 530 0 0 0 0.39020245948471766 0.4089915479210331 0.4523098210356692 0.3905897573635791 0.3674934413452793 0.37128013516367886 0.43299770069325605 0.3814020311557022 0.3940535508301154 0.4362945558236252
54 540 0 0 0 0.3854127860928348 0.4241811686889308 0.4366724969871164 0.38460646459480513 0.3650589081772649 0.3785510176854146 0.4342537718619754 0.3776576409945618 0.3881002376337921 0.44243546466742095
55 550 0 0 0 0.40270328143358575 0.4150971588167329 0.42557260390842866 0.38929668601451584 0.3682111074057395 0.38361021463796585 0.4306013028592811 0.3880277286215691 0.3916456757128586 0.4293347612646125
56 560 0 0 0 0.40716936582084207 0.41267230826479323 0.43626109179957695 0.39243314526853756 0.3692191771182011 0.38345192833961467 0.43235306293952297 0.404110998074337 0.3960012030233323 0.4250343352531246
57 570 0 0 0 0.41516153056054705 0.4010048869074618 0.4263111207839784 0.39245438235170044 0.37660707131048576 0.4025323451325292 0.4286782079645586 0.4037881064797111 0.3870247470255502 0.4176512623248035
58 580 0 0 0 0.41304323733567067 0.4002815258488957 0.43189306629348095 0.40149353314881536 0.3736308889596044 0.4021282798105998 0.4339269487675414 0.40622342281548685 0.3889336074627826 0.41430003584383074
59 590 0 0 0 0.39401590274839604 0.40026864980684723 0.44197629952521533 0.40783825635339704 0.3813255500399828 0.403420258195924 0.42217701155673343 0.4099290803206215 0.39353929930322634 0.4124889449424007
60 600 0 0 0 0.39343917537364914 0.3961398195627519 0.43421467000957575 0.4144746845578308 0.39428991481590187 0.4087735209782314 0.4083771132997083 0.40234837152031366 0.376767933510291 0.4189323036461786
61 610 0 0 0 0.39876550627073637 0.4050936933725703 0.4264010707765343 0.40976418530455117 0.3982153268903908 0.4087137940441749 0.4125456855435718 0.40912880933149814 0.3804410441392632 0.42363060775598105
62 620 0 0 0 0.40730065529312115 0.39983628386697473 0.4358740453650171 0.4034726975794639 0.3949996635534849 0.4044094743248378 0.4134994878347703 0.40439116554433335 0.38713657074111 0.41491481742564873
63 630 0 0 0 0.41174725988992555 0.40157175096394 0.43193977979878606 0.4086451741010006 0.3945467306082456 0.4101431769901137 0.41813561136232097 0.4066761655101493 0.3846187998763691 0.411977063301687
64 640 0 0 0 0.41196802271154964 0.40521780496999266 0.4275040018091544 0.420608905632374 0.40490111592668465 0.40665573343874006 0.41258447018897293 0.4104275927588221 0.3883258109529585 0.417759266107567
65 650 0 0 0 0.41539232926661274 0.4022976573730847 0.41976217552612755 0.4238834271304704 0.4066520191460214 0.41178740089363763 0.4188852252388967 0.40272225102357434 0.39261437239728675 0.40933774268574
66 660 0 0 0 0.420409858637169 0.40332279296129936 0.4208430384417206 0.42039751515999985 0.40835535314976784 0.41112503591525007 0.40861648510573123 0.4066504248294948 0.40100565808702915 0.408961631971619
67 670 0 0 0 0.4145313576217264 0.4075039662306785 0.41286720335521354 0.4105439520766488 0.40754494310574535 0.40893623035762683 0.42067867698870376 0.41031875640667426 0.39763638241222066 0.41079016280566694
68 680 0 0 0 0.41697619281207315 0.4085033204451337 0.4076611833629935 0.408165011168826 0.40520176098490024 0.40648639051975816 0.4236184498616394 0.4032521433428788 0.4007382062805884 0.41276376513131213
69 690 0 0 0 0.4124027361543473 0.4088581781086356 0.41266417644387615 0.41040578223482804 0.4087945314337358 0.41406303695680974 0.4263680323151378 0.39802357037873487 0.4054022955600058 0.41106741260724805
70 700 0 0 0 0.4069822288404701 0.4039987185296566 0.4193955018466503 0.4114393415051221 0.40772760814067166 0.4165542431703506 0.4164147773553768 0.39533633403524904 0.4074483209389807 0.4135608791155072
71 710 0 0 0 0.40884604088117416 0.40037780201222867 0.42345388570842424 0.40919939672500455 0.40611829936317645 0.4082198882805388 0.4112211334532309 0.40713021698434343 0.4051216078525239 0.41662985040545475
72 720 0 0 0 0.4126603811956116 0.4035760278909993 0.4218319982763178 0.40478875478443577 0.4043013700493186 0.40471346185195856 0.41818771930139587 0.40997887091292035 0.40375150615696054 0.414306846016296
73 730 0 0 0 0.4117698983050292 0.40574690056287227 0.4148637647084003 0.40405620906512374 0.40309657926508485 0.4029673170610561 0.4207772082831667 0.41284876321192265 0.41135429810954444 0.4135756697143692
74 740 0 0 0 0.4104828181784678 0.406820911227805 0.4181319876507638 0.40844617442717923 0.3992416442039012 0.408178110868232 0.4228957205649353 0.4150783428486791 0.4112841437454548 0.4119299943686591
75 750 0 0 0 0.40744794297028974 0.40653388142876573 0.41556769841638297 0.4129797713005308 0.39810093793644263 0.41410263080023263 0.4198236686168919 0.4141082416205754 0.41371049953103467 0.41179517262420573
76 760 0 0 0 0.4091891585453714 0.40750815962697257 0.41717969419062406 0.41642986392274783 0.402076833201315 0.41495397141815576 0.4059161109521066 0.4143099988936444 0.4091026803137506 0.41114688370440744
77 770 0 0 0 0.4076533719850334 0.4080720025664269 0.4121913126109677 0.40982695825557824 0.4047536575069964 0.4126619480535539 0.41417595226107323 0.4230522298530412 0.4101943554245685 0.4122165804924507
78 780 0 0 0 0.40803465413978546 0.41097614507755886 0.41629069611429215 0.4110116611873561 0.4068284114577631 0.41253762739925426 0.4081227485591458 0.42451039107471433 0.4089956782409502 0.41124608408272784
79 790 0 0 0 0.40734937929326936 0.4104984747845123 0.42041084459670214 0.4128622342195144 0.4056709765933679 0.4139412016139009 0.4088771934247786 0.42122676542585613 0.40818342172293387 0.4118837979787384
80 800 0 0 0 0.4098134884032222 0.41549128558217086 0.415271415038716 0.41284324593913013 0.40661919561571525 0.4153361770275343 0.40757402088848915 0.4218831123651686 0.4114317701309394 0.4095681918414996
81 810 0 0 0 0.4105692816344234 0.41480785663626185 0.41499314903873746 0.4176490198488488 0.40730599536025003 0.41441961155723606 0.4052746718466604 0.41787805151255625 0.4095132032362072 0.4065661996529939
82 820 0 0 0 0.4117791160281137 0.41659220330988 0.4164776463879456 0.41663280805885 0.40804356318507046 0.4136317217873932 0.40856428486253277 0.4186089308831881 0.4108630311103174 0.40441865157677864
83 830 0 0 0 0.4083683168548865 0.41598170089177045 0.4133192777465809 0.41528216118592914 0.4117253390048009 0.41594838644115484 0.4128835005386555 0.4160906686878886 0.4129749192139756 0.4085126667137199
84 840 0 0 0 0.4099083744128953 0.4134523082751094 0.41265655629509623 0.4102914081050975 0.408558757703586 0.41671850831096924 0.4195954549092383 0.4151059895507671 0.41485813125994164 0.4095407466685999
85 850 0 0 0 0.4100567250621224 0.41302211782763376 0.41584323537878554 0.41374724811309016 0.41012016777552884 0.41780807338490583 0.4144463791188267 0.4166624980264592 0.41796531965254013 0.40744431537721815
86 860 0 0 0 0.40906863375217134 0.41497132757392236 0.4176795073460837 0.4129313068752181 0.41214407379089435 0.42030329980766695 0.414943646942562 0.414830932294504 0.41539310135016677 0.40736169069675715
87 870 0 0 0 0.4081393467073024 0.4157140333784993 0.4163906102484638 0.4170615877190764 0.41005753557814933 0.4155484879140182 0.41698783168639714 0.41804140190273603 0.4171642474871907 0.40939266671126306
88 880 0 0 0 0.4103927508881532 0.41438796586566196 0.4171468157535057 0.4183454235888427 0.41386414564502194 0.415248860425826 0.4179376514627434 0.4128193745877107 0.41759371916254495 0.41139175570162745
89 890 0 0 0 0.41153582184808146 0.41456264917682334 0.4170127580884017 0.41785841874292057 0.41232710841202486 0.41580114929178746 0.41703133369231393 0.4130831201256753 0.4181082263670051 0.41336159211019474
90 900 0 0 0 0.4119331400987129 0.4142525349657688 0.4170436047873952 0.4166327676113592 0.41323930971273953 0.41387659039122404 0.4176499339013793 0.41532478926083416 0.41945414718325796 0.4144992647176185
91 910 0 0 0 0.4153604252634492 0.41734724507115384 0.41742169322232464 0.41755480638273884 0.41231244098715475 0.4120357451723177 0.41801665284953893 0.41403089233648677 0.4191772302663951 0.41399651137431265
92 920 0 0 0 0.4138858675166069 0.41621898243227434 0.41899257852203925 0.41921884533870873 0.4123150191892481 0.41304664008082337 0.42098745744928084 0.4128283635544272 0.41833985091701376 0.4137414729320045
93 930 0 0 0 0.41262179781465963 0.417250483911077 0.4184097673658965 0.4185607365587653 0.41317593414217274 0.4116989450017732 0.42251908091504076 0.4128386089466943 0.4182176406562319 0.41523114557076435
94 940 0 0 0 0.4144499267482491 0.41825445736971756 0.4168343501253594 0.4194637529767355 0.41476359418395103 0.4102660816816016 0.42142942663576566 0.4150527711695238 0.41876784617678714 0.4152695022955492
95 950 0 0 0 0.4174984144211663 0.4164807997092392 0.4157594712094247 0.41963169853750754 0.4174662769652309 0.4112040880036778 0.41996705913651877 0.41563281743509967 0.4175163423713988 0.4148089530550044
96 960 0 0 0 0.41582540237440385 0.4154192071484703 0.41561540525664564 0.4176146162029226 0.4170997178907462 0.4134677453079945 0.4222031392371809 0.4165249406781909 0.41758615754003636 0.41647513181265183
97 970 0 0 0 0.4160849983344492 0.4142472577760442 0.418832734311886 0.4194048624014038 0.4160988597385834 0.41454527530125745 0.42105195827645003 0.41453801381334027 0.41872764689764463 0.4170662834598383
98 980 0 0 0 0.4185619300379636 0.4151226691251717 0.4158647194791202 0.418904105553877 0.41712159929695347 0.4147482325012795 0.42037589068097175 0.41454081691557654 0.41848588920411717 0.41744347349542704
99 990 0 0 0 0.41710873375385615 0.4155324919664639 0.4186005392285787 0.4166833868649193 0.41473343054947337 0.4143207452652266 0.4211644261224899 0.4166999164188517 0.41936041841454674 0.4178869049600704
100 1000 0 0 0 0.4163934690567937 0.4156743280471316 0.4147340189066528 0.41850418984208 0.42023555457004313 0.41491210830359526 0.41954970422108434 0.4156062757904283 0.4176799767730392 0.41832781043037404
101 1010 0 0 0 0.41687449316478503 0.41481081009495646 0.4168194411664261 0.41933241688526873 0.4223555640661093 0.4158444999740964 0.4184264665832974 0.41677275229300953 0.4157101413977223 0.4181716475294449
102 1020 0 0 0 0.41785531711265883 0.41589716344177413 0.4166213769795482 0.41959610874548264 0.42052460649819945 0.41492581277716906 0.41842278090091334 0.4166708653502043 0.4154611491747484 0.4173167765502732
103 1030 0 0 0 0.41746174948008763 0.41570887278756696 0.41833687930159535 0.4201450406705195 0.4193223300245236 0.41316613584954315 0.4188421291843533 0.4184403787991996 0.41693970823481596 0.4170655225070725
104 1040 0 0 0 0.41720668422863 0.41634671031562487 0.41775164638979534 0.41946892620193016 0.42066036766104464 0.41418099270455894 0.42043473808017146 0.4199662342620519 0.4149002568114389 0.4177638081345911
