% # columns="iteration, evaluation, min max(neg(.)) min(pos(.)) max correlation, correlation matrix principle axes lengths  (sorted square roots of eigenvalues of correlation matrix)", seed=891402, Mon Mar  9 17:26:16 2020
1 10 -0.04286305134738925 -0.017499637707812137 0.015155742163462365 0.07340760247887287 0.9240139876323719 0.9593322461122449 0.9825280607787914 0.9940854818250813 1.0027578338598033 1.0063667387392026 1.0146062720846336 1.0179727667780796 1.0298234973953722 1.0619718892631331
2 20 -0.04286305134738925 -0.017499637707812137 0.015155742163462365 0.07340760247887287 0.9240139876323719 0.9593322461122449 0.9825280607787914 0.9940854818250813 1.0027578338598033 1.0063667387392026 1.0146062720846336 1.0179727667780796 1.0298234973953722 1.0619718892631331
3 30 -0.04286305134738925 -0.017499637707812137 0.015155742163462365 0.07340760247887287 0.9240139876323719 0.9593322461122449 0.9825280607787914 0.9940854818250813 1.0027578338598033 1.0063667387392026 1.0146062720846336 1.0179727667780796 1.0298234973953722 1.0619718892631331
4 40 -0.04286305134738925 -0.017499637707812137 0.015155742163462365 0.07340760247887287 0.9240139876323719 0.9593322461122449 0.9825280607787914 0.9940854818250813 1.0027578338598033 1.0063667387392026 1.0146062720846336 1.0179727667780796 1.0298234973953722 1.0619718892631331
5 50 -0.04286305134738925 -0.017499637707812137 0.015155742163462365 0.07340760247887287 0.9240139876323719 0.9593322461122449 0.9825280607787914 0.9940854818250813 1.0027578338598033 1.0063667387392026 1.0146062720846336 1.0179727667780796 1.0298234973953722 1.0619718892631331
6 60 -0.04286305134738925 -0.017499637707812137 0.015155742163462365 0.07340760247887287 0.9240139876323719 0.9593322461122449 0.9825280607787914 0.9940854818250813 1.0027578338598033 1.0063667387392026 1.0146062720846336 1.0179727667780796 1.0298234973953722 1.0619718892631331
7 70 -0.04286305134738925 -0.017499637707812137 0.015155742163462365 0.07340760247887287 0.9240139876323719 0.9593322461122449 0.9825280607787914 0.9940854818250813 1.0027578338598033 1.0063667387392026 1.0146062720846336 1.0179727667780796 1.0298234973953722 1.0619718892631331
8 80 -0.04286305134738925 -0.017499637707812137 0.015155742163462365 0.07340760247887287 0.9240139876323719 0.9593322461122449 0.9825280607787914 0.9940854818250813 1.0027578338598033 1.0063667387392026 1.0146062720846336 1.0179727667780796 1.0298234973953722 1.0619718892631331
9 90 -0.04286305134738925 -0.017499637707812137 0.015155742163462365 0.07340760247887287 0.9240139876323719 0.9593322461122449 0.9825280607787914 0.9940854818250813 1.0027578338598033 1.0063667387392026 1.0146062720846336 1.0179727667780796 1.0298234973953722 1.0619718892631331
10 100 -0.04286305134738925 -0.017499637707812137 0.015155742163462365 0.07340760247887287 0.9240139876323719 0.9593322461122449 0.9825280607787914 0.9940854818250813 1.0027578338598033 1.0063667387392026 1.0146062720846336 1.0179727667780796 1.0298234973953722 1.0619718892631331
11 110 -0.2665593283451129 -0.1308457077614706 0.0021063170575001226 0.19302569183603668 0.5331066747198283 0.8400874141595511 0.9150611793988962 0.9545446866660168 0.9987969075411574 1.00482379678087 1.0592031470394376 1.117404250766349 1.1574947922839491 1.2425755524193862
12 120 -0.2665593283451129 -0.1308457077614706 0.0021063170575001226 0.19302569183603668 0.5331066747198283 0.8400874141595511 0.9150611793988962 0.9545446866660168 0.9987969075411574 1.00482379678087 1.0592031470394376 1.117404250766349 1.1574947922839491 1.2425755524193862
13 130 -0.2665593283451129 -0.1308457077614706 0.0021063170575001226 0.19302569183603668 0.5331066747198283 0.8400874141595511 0.9150611793988962 0.9545446866660168 0.9987969075411574 1.00482379678087 1.0592031470394376 1.117404250766349 1.1574947922839491 1.2425755524193862
14 140 -0.2665593283451129 -0.1308457077614706 0.0021063170575001226 0.19302569183603668 0.5331066747198283 0.8400874141595511 0.9150611793988962 0.9545446866660168 0.9987969075411574 1.00482379678087 1.0592031470394376 1.117404250766349 1.1574947922839491 1.2425755524193862
15 150 -0.2665593283451129 -0.1308457077614706 0.0021063170575001226 0.19302569183603668 0.5331066747198283 0.8400874141595511 0.9150611793988962 0.9545446866660168 0.9987969075411574 1.00482379678087 1.0592031470394376 1.117404250766349 1.1574947922839491 1.2425755524193862
