% # columns="iteration, evaluation, sigma, void, void,  stds==sigma*sqrt(diag(C))", seed=1050890, Wed Mar 11 16:01:11 2020, <python>{}</python>
1 10 0.18987351111085682 0 0 0.19007780349254205 0.19300873760650614 0.18810649473899033 0.19075805066325982 0.1917006816734465 0.19541668030034884 0.19195299943438865 0.18662022110866122 0.1853078829549953 0.1881721430105322
2 20 0.19268902709284916 0 0 0.1890459753503472 0.19832578960155947 0.19031667595890248 0.19148285940911966 0.1940092634417127 0.20065282170375426 0.19559079595254206 0.18719362014339536 0.18656146989595626 0.19175336484542224
3 30 0.19084924828884445 0 0 0.18177841542047182 0.19791675370517045 0.1935217430131613 0.1908240136134462 0.19251521201769128 0.19486151762067394 0.19887984924283134 0.18216919880827062 0.18047552274113404 0.18550018633092635
4 40 0.19801440968468353 0 0 0.1884389854357116 0.20758669482993966 0.20254220569806888 0.19404130296265676 0.19532907999199806 0.21113680923573677 0.20482128307743286 0.1898801696840857 0.18749918770891896 0.1871213306762805
5 50 0.2201786291592061 0 0 0.21026642752040625 0.2338622778005988 0.22843343954276735 0.2119705753325166 0.21755312258250128 0.23467084051867826 0.2291818420911148 0.21723551639823246 0.22010597278739588 0.20131617845837255
6 60 0.2716116866419519 0 0 0.2567751608079688 0.29251688509838414 0.29264404093733504 0.25292157131658993 0.2701339271635996 0.29075914157565697 0.2873021462183611 0.27404263107029975 0.275331127313196 0.2498096406764036
7 70 0.3255641197367691 0 0 0.30833489040275625 0.3464660840053507 0.34911825663068047 0.3069588332785845 0.31167070325730484 0.34716071924942865 0.3441373699290457 0.32652690337273926 0.3308956720741155 0.2979163168603974
8 80 0.39528062074882075 0 0 0.3722387414984021 0.4122633626688402 0.42461026712981587 0.3759898123145745 0.3773794985918141 0.4076273980350917 0.42704516793149055 0.3872129326668754 0.4055332363565649 0.3599950091517288
9 90 0.46426210245448174 0 0 0.43339261018761865 0.4872444962020456 0.5014209045876943 0.4431125399586332 0.44514664404730936 0.4692719441641446 0.50202498915384 0.4421199334447299 0.4777098140320749 0.41655550417574977
10 100 0.543950784707066 0 0 0.5054992087057228 0.5744666113412384 0.5900898090585803 0.515732020623528 0.5136756570182079 0.5591826909555715 0.5865010030410741 0.51788704343596 0.5498212348351005 0.4867226800694356
11 110 0.5875654688777255 0 0 0.5492239174919173 0.6191737139239134 0.6315775142422266 0.5496809921406957 0.5620763234818318 0.5897797428986977 0.6270198035901189 0.5618293158287585 0.5932312497801839 0.5207039749253184
12 120 0.6009985246831979 0 0 0.5589831275815982 0.6297330160341937 0.6417020499669144 0.5772437099965317 0.5738921958722628 0.6094104903202459 0.6143283902229284 0.5769286543606441 0.5990915351448974 0.5273658612152822
13 130 0.5511081198093596 0 0 0.5068837811520199 0.5752844984291285 0.5857250197595422 0.5286202880239241 0.5332656934247668 0.5447216877895752 0.5430641267761686 0.5162422896019125 0.5507024065705741 0.47794371342068026
14 140 0.5502369598101794 0 0 0.4976017779134719 0.5650754832408421 0.5831381685377577 0.5254512825878697 0.5431070937372362 0.5407075026071682 0.5397431920948051 0.5121715105230671 0.5426227515075748 0.47948980345216446
15 150 0.5541140155681415 0 0 0.501196767773418 0.5489340405972195 0.5978157280782506 0.5168849631833208 0.5540938880590669 0.5420153472572102 0.5426863631307848 0.49470186047127845 0.5346431398890882 0.4953303673948697
16 160 0.5348187961475184 0 0 0.48204323144438055 0.5176859558012274 0.5822169445079087 0.4886025070705951 0.5338219821228068 0.5078001933805384 0.5121565971770146 0.47334404273937697 0.5168564492399221 0.4694424078684815
17 170 0.4955618833616033 0 0 0.4388438296977427 0.482637115838194 0.5234176898415969 0.45602751834376415 0.4857352699884488 0.4575049173512242 0.4697967775960394 0.43753216474853135 0.4733511226713977 0.4319615734751419
18 180 0.4627212449151009 0 0 0.39510960270352613 0.46125019614779583 0.48278604893254057 0.4229129812751376 0.46311358646534667 0.4193565588092189 0.42445041212296036 0.4044012939091308 0.4425781768668452 0.4062704166893911
19 190 0.438209136545819 0 0 0.37063641153254673 0.43863315384708884 0.44373971340143864 0.39805442432550225 0.43676538455940916 0.39641997978990234 0.3984058930015735 0.3817679191749666 0.41003686622519203 0.3809857183623771
20 200 0.39702919464827796 0 0 0.3403577252371908 0.39434861931262827 0.3912058842105572 0.3598906957833705 0.3823022191105289 0.3502108127447941 0.363991996522493 0.3474435294969409 0.36791128363642617 0.3415242810371709
21 210 0.3937850136244462 0 0 0.33762129224480314 0.3815246111666712 0.3693236193985529 0.352239308115568 0.38070515833130775 0.35376721997081745 0.36256587741547774 0.3450725829719103 0.367207227392626 0.3327221541603624
22 220 0.36242540913781773 0 0 0.30844019551291213 0.34907344184864264 0.3254119499272641 0.3243115799523167 0.3534733373980071 0.33016742978792113 0.33293980103069387 0.30578548546697704 0.3367301063384027 0.3040211899278196
23 230 0.31732677956729993 0 0 0.26618212332840485 0.3015345577689203 0.2790690789292861 0.2793091383926049 0.306747208521337 0.28769720802585913 0.2906153503272144 0.26253316269152466 0.296550971399468 0.258553930523423
24 240 0.30805870079265385 0 0 0.25904942380896034 0.28774862987400796 0.26587031463225125 0.2687238622830214 0.2982422159142414 0.2766462959131004 0.27752574555465975 0.24817806750713334 0.28249591970698706 0.2535838500583711
25 250 0.2917855776725382 0 0 0.23774545266733693 0.27129332095458364 0.24875715095872575 0.247777019281503 0.28310331423743224 0.2568834473369887 0.2609844250392559 0.23418078809861015 0.26814397770219556 0.23806490632788835
26 260 0.2614208456219496 0 0 0.21289066861657105 0.2432583209463766 0.214069486286814 0.2206622347647171 0.2541273328465163 0.23418189282189752 0.23231164680204075 0.20873139726162426 0.2295682859690236 0.21340340799140398
27 270 0.24183083990226342 0 0 0.19610788609922777 0.21997933262573932 0.19007847720570117 0.20370401510099495 0.23448983376851712 0.21667568257167463 0.2063120434207978 0.19961807761880587 0.2076079118201482 0.19875443900694406
28 280 0.21595592267297353 0 0 0.17436702686345956 0.19305429382339148 0.16823415511027948 0.17984231223531183 0.2073821523157372 0.19288811961674548 0.17995326473728218 0.17976290691489502 0.18427393616636698 0.17558118669049527
29 290 0.19729334205542387 0 0 0.15201545544492437 0.18326369602252554 0.1564091841746961 0.16309059879116464 0.1897010235543071 0.17330720480760245 0.16607255035449528 0.1585695827145638 0.16591331646073565 0.15920950134039896
30 300 0.18721884049310675 0 0 0.14247991901727833 0.17181626027185276 0.14946056813646447 0.15227745691200192 0.17634403953091754 0.1615538040079092 0.15411805437350337 0.15410979738573985 0.15715569583790368 0.15110892924240282
31 310 0.18533870585917056 0 0 0.14459030140790397 0.1671005799290262 0.1475399897126251 0.15042718594001106 0.1681136843006771 0.1594725513637823 0.1528397108487704 0.15283769889378032 0.15629915542351347 0.14388395949005062
32 320 0.1747496096095187 0 0 0.1363752281153149 0.15241766903049145 0.13832945676043484 0.14113515623645134 0.15774633096864485 0.15073441440511226 0.1420576394139687 0.14432569506843482 0.14503517580349143 0.13164622540463425
33 330 0.165821693945265 0 0 0.1277461645700318 0.14457316413833965 0.12805772332789583 0.13517018064875827 0.14950006150499315 0.14335533674140782 0.13630707648817447 0.13665918512864034 0.13720438037614974 0.12186086568109752
34 340 0.15090655710060866 0 0 0.11766511616315399 0.13027268237063727 0.1164683489049362 0.12082281253824138 0.1367561830549562 0.12516850483824957 0.12241573088972599 0.12147141828300988 0.12347655853442102 0.11005584075527348
35 350 0.1351032840625551 0 0 0.10501867351898865 0.11641787598808259 0.10304130123372816 0.10611946030207958 0.12114188846744688 0.11362357986011605 0.10538757515243923 0.10845003860623903 0.10972571795781667 0.09767349550419344
36 360 0.13137140224801122 0 0 0.10283916096482502 0.11389816559404206 0.0967135921321804 0.09937787818926522 0.116740099397023 0.11337394967345081 0.10127164385609834 0.10849421995830426 0.10576972695357341 0.09388334601602646
37 370 0.12335199487097105 0 0 0.0947469043047083 0.10618388388879563 0.09068926962262108 0.09381538324168422 0.10699901870682976 0.10701743889044757 0.09543272441290002 0.09920288221894165 0.0983973993605603 0.08731226815936839
38 380 0.11573198665143672 0 0 0.08589284074577043 0.09861358905816676 0.08282713632094814 0.08733066897126292 0.10223677393678078 0.0988367559781904 0.0899233808920947 0.09036350752123579 0.09212622711613541 0.08311202153710293
39 390 0.11283273227523785 0 0 0.08328865218809917 0.09672232594400842 0.07877835797598003 0.08246316624759685 0.09901751831373985 0.09522485025345273 0.08704416994492187 0.08805544926266382 0.08986303303491514 0.08452115165869635
40 400 0.11683988001063698 0 0 0.08564861565824837 0.0994697342852871 0.08126913623964994 0.08759190026830292 0.1025469987980729 0.10085021530011494 0.08981840493426883 0.08984148968993502 0.09080635239221413 0.09114914264236056
41 410 0.11974558538571409 0 0 0.08511726227025129 0.10179518297839094 0.0857156198617135 0.09228486189882229 0.10458128506459201 0.10438093729946055 0.09318890982682446 0.09037030807016715 0.09582892601966134 0.09341634286813087
42 420 0.11669754545688042 0 0 0.08225649664203757 0.09851032753140217 0.08249679986047664 0.09186103377540691 0.10251398792737425 0.1020555129314875 0.09152347937853628 0.08794911445569643 0.0918437997583943 0.09081539087605175
43 430 0.10879770392472206 0 0 0.0746192073049538 0.09153492097070491 0.07686709968576597 0.0850454804387738 0.09176553298274936 0.09624584548395573 0.08382665270551058 0.08323437911057366 0.08614046170356977 0.0855457834054346
44 440 0.0962458225587677 0 0 0.06713960016896045 0.07963665779767459 0.06800030633332754 0.07437629133152439 0.08040442268682768 0.08331202455251888 0.07353346388299214 0.07386749146359149 0.07627637911431702 0.07552457466398825
