% # columns="iteration, evaluation, min max(neg(.)) min(pos(.)) max correlation, correlation matrix principle axes lengths  (sorted square roots of eigenvalues of correlation matrix)", seed=930752, Mon Mar  9 17:26:16 2020
1 10 -0.04936068087622293 -0.010370657821660412 0.021924757613235518 0.05168499360806145 0.921677481845136 0.9589348110983088 0.9830495048417185 0.9933713019284572 0.999934117089747 1.0043874089351195 1.008194709472777 1.0131833980562461 1.0350558744737508 1.0746076659521375
2 20 -0.09742582098664201 -0.011287468565863951 0.047337255530548634 0.09236555039191628 0.921677481845136 0.9589348110983088 0.9830495048417185 0.9933713019284572 0.999934117089747 1.0043874089351195 1.008194709472777 1.0131833980562461 1.0350558744737508 1.0746076659521375
3 30 -0.10881297120446254 -0.010190896964238624 0.0820119311233517 0.11956183443675801 0.921677481845136 0.9589348110983088 0.9830495048417185 0.9933713019284572 0.999934117089747 1.0043874089351195 1.008194709472777 1.0131833980562461 1.0350558744737508 1.0746076659521375
4 40 -0.167983843970561 -0.019284304571361276 0.106627673384667 0.16776549571250882 0.921677481845136 0.9589348110983088 0.9830495048417185 0.9933713019284572 0.999934117089747 1.0043874089351195 1.008194709472777 1.0131833980562461 1.0350558744737508 1.0746076659521375
5 50 -0.14198369855635767 -0.006566654226887418 0.11605972516614609 0.2194976682580194 0.921677481845136 0.9589348110983088 0.9830495048417185 0.9933713019284572 0.999934117089747 1.0043874089351195 1.008194709472777 1.0131833980562461 1.0350558744737508 1.0746076659521375
6 60 -0.1646220427339016 -0.00839871846291881 0.1389165106960642 0.25068057563637985 0.921677481845136 0.9589348110983088 0.9830495048417185 0.9933713019284572 0.999934117089747 1.0043874089351195 1.008194709472777 1.0131833980562461 1.0350558744737508 1.0746076659521375
7 70 -0.19040677403970654 0.01143927859013933 0.1942066844726123 0.265203091280154 0.921677481845136 0.9589348110983088 0.9830495048417185 0.9933713019284572 0.999934117089747 1.0043874089351195 1.008194709472777 1.0131833980562461 1.0350558744737508 1.0746076659521375
8 80 -0.24726401319029157 -0.0065381871491088026 0.2003951985484971 0.2798620246657115 0.921677481845136 0.9589348110983088 0.9830495048417185 0.9933713019284572 0.999934117089747 1.0043874089351195 1.008194709472777 1.0131833980562461 1.0350558744737508 1.0746076659521375
9 90 -0.22033396015332468 0.0012362824536708717 0.23023601761642068 0.29994597237696113 0.921677481845136 0.9589348110983088 0.9830495048417185 0.9933713019284572 0.999934117089747 1.0043874089351195 1.008194709472777 1.0131833980562461 1.0350558744737508 1.0746076659521375
10 100 -0.23431242596208296 -0.0007030537621100741 0.2263153956595196 0.31356850833032596 0.921677481845136 0.9589348110983088 0.9830495048417185 0.9933713019284572 0.999934117089747 1.0043874089351195 1.008194709472777 1.0131833980562461 1.0350558744737508 1.0746076659521375
11 110 -0.27074381914799794 -0.023921679655598705 0.25037444342354737 0.37013793896471703 0.7339370650309163 0.7654660071072952 0.7972789387351193 0.8144169465841459 0.8697588032787402 0.9087502087987701 0.979802683745015 1.0591613251836773 1.1485961137543992 1.6102959806382857
12 120 -0.225141525060119 -0.01489599583788191 0.2682436398059631 0.42264801046136735 0.7339370650309163 0.7654660071072952 0.7972789387351193 0.8144169465841459 0.8697588032787402 0.9087502087987701 0.979802683745015 1.0591613251836773 1.1485961137543992 1.6102959806382857
13 130 -0.23558185470107615 -0.018020914044854987 0.25080912921793524 0.4638776222455279 0.7339370650309163 0.7654660071072952 0.7972789387351193 0.8144169465841459 0.8697588032787402 0.9087502087987701 0.979802683745015 1.0591613251836773 1.1485961137543992 1.6102959806382857
14 140 -0.19460288210432014 -0.004333838321502745 0.2547003637212034 0.4400829727394007 0.7339370650309163 0.7654660071072952 0.7972789387351193 0.8144169465841459 0.8697588032787402 0.9087502087987701 0.979802683745015 1.0591613251836773 1.1485961137543992 1.6102959806382857
