% # columns="iteration, evaluation, sigma, max axis length,  min axis length, all principle axes lengths  (sorted square roots of eigenvalues of C)", seed=1022698, Wed Mar 11 16:01:13 2020
1 10 0.1927384374283151 1.0000450010125153 1.0 1.0 1.0000050000125 1.00001000005 1.0000150001125006 1.0000200002000015 1.0000250003125026 1.0000300004500045 1.0000350006125072 1.0000400008000108 1.0000450010125153
2 20 0.20484438664438967 1.0998467446257372 0.9167795403497939 0.9167795403497939 0.9567857130055177 0.9655024865020877 0.9901766325175553 0.9982036060136528 1.0000418784842808 1.0007476661892067 1.0106290677604473 1.0217945370455026 1.0998467446257372
3 30 0.22410999061139 1.1514186643511755 0.9080973211521459 0.9080973211521459 0.9215301135793288 0.9636917107946371 0.9711655036533489 0.9848458932381967 0.9959781169387965 1.0016198093700797 1.0124274390683536 1.0858013463730487 1.1514186643511755
4 40 0.23784772414825886 1.253409983445182 0.8774507834364271 0.8774507834364271 0.9128945873561791 0.941283246461103 0.9726954539643982 0.9783366378039826 0.9859381516476966 1.00147047429887 1.017521883493806 1.0768899316876481 1.253409983445182
5 50 0.2616292198946423 1.2755600355620482 0.8510273909690974 0.8510273909690974 0.9151130202790176 0.9363582992807417 0.9509258206699611 0.9671203002694232 0.9806043671522395 1.0110627762000386 1.0221698428439936 1.068338259878333 1.2755600355620482
6 60 0.2755420368811154 1.4067267428526262 0.8289591557064747 0.8289591557064747 0.8931119372390619 0.9011778370032939 0.9322999976459857 0.9585500754157474 0.9862643487205183 1.0045116727498529 1.0191900879564382 1.0739659945145792 1.4067267428526262
7 70 0.29253356741070397 1.4432824206789907 0.8176698031348698 0.8176698031348698 0.8412695755220125 0.891427464580262 0.9199898092117862 0.9713535310476673 0.981475460981806 1.0157572087997122 1.0394984589968708 1.0758313893524398 1.4432824206789907
8 80 0.3337421498375409 1.4665017618622798 0.7950189567154659 0.7950189567154659 0.8433590333011685 0.8768056980355957 0.9066169647585576 0.9680270153229865 0.9753997850115211 1.008851567856485 1.0572870461865727 1.0803862245730862 1.4665017618622798
9 90 0.3788995236629999 1.6021882295221708 0.7782088646307906 0.7782088646307906 0.8549925118398326 0.8649768695852196 0.9100396087744482 0.9429909331293904 0.970096728754832 0.997244329553009 1.0649001526097654 1.1210736119312954 1.6021882295221708
10 100 0.43547271866781606 1.6964011130060201 0.7494124744873443 0.7494124744873443 0.8487055777666894 0.8521064539951568 0.927312075725589 0.952298800152047 0.9699595186882871 0.9937995515975797 1.0712053364228316 1.1128066000572532 1.6964011130060201
11 110 0.51699507341748 1.8472517247410098 0.7062064205822126 0.7062064205822126 0.8302954571261113 0.8538271444247546 0.9078487127403528 0.9402861736768833 0.9496556148868344 0.9937010132607822 1.0749737220752862 1.1404883116042384 1.8472517247410098
12 120 0.5656492261709439 1.8995367262159508 0.7020778124416216 0.7020778124416216 0.8177985823439882 0.8475687339914721 0.9009649396430375 0.9370497520671093 0.9642278731670965 0.9987292052214894 1.0568219970983252 1.1489399008184176 1.8995367262159508
13 130 0.5621657383397087 1.8746383393712804 0.7001325846887311 0.7001325846887311 0.7886750507893747 0.8277545572646579 0.889580512737732 0.9464653453494194 0.9709843599544744 0.9916545729698238 1.0570969108413673 1.167803470417953 1.8746383393712804
14 140 0.5358361353977131 1.8591592622194624 0.6961445780442076 0.6961445780442076 0.77250609960184 0.8222810782678429 0.878332097762418 0.9353129800183041 0.9567374969917615 1.003286193325521 1.046206835114471 1.111635960264832 1.8591592622194624
15 150 0.5004695962728338 1.8285779481382192 0.6951397348507702 0.6951397348507702 0.7476415047531708 0.8264488088238521 0.876568929635891 0.9261393432335481 0.9671881037854669 0.9897435778225937 1.0392225806805035 1.1044927784905385 1.8285779481382192
16 160 0.4740065283311677 1.7454141318371184 0.6964490422621684 0.6964490422621684 0.7516638421428447 0.829768474774546 0.8714843092123321 0.9123170555171438 0.9538930393746867 0.9735682961054165 1.0319385884030094 1.0933362326513765 1.7454141318371184
17 170 0.4585676198142052 1.684903074708571 0.6962879031214525 0.6962879031214525 0.7478534411917042 0.8086193598806045 0.8709677896401359 0.8968578627486576 0.9495419114343134 0.9572127485589265 1.036390330601954 1.1104239214008302 1.684903074708571
18 180 0.4219501462319308 1.6889213140697814 0.6971496390853615 0.6971496390853615 0.7586458315848555 0.7869445548488783 0.8565387631388937 0.8913312825406995 0.934166158509074 0.9639524157290803 1.0277855743523414 1.1047451049898835 1.6889213140697814
19 190 0.39070109333439373 1.6239106542527255 0.6780309305994899 0.6780309305994899 0.7549231547337946 0.7823185653737569 0.8369633871572955 0.8914428823844441 0.9296795229790968 0.9776075185159964 1.0242434307999997 1.0874306242602425 1.6239106542527255
20 200 0.3437602987402847 1.623425020163842 0.6730134961104423 0.6730134961104423 0.7482005828357899 0.7757755106874765 0.8333129831086874 0.8734860252094422 0.926348247612703 0.9478776810576883 1.0322150355426096 1.0695841716596444 1.623425020163842
21 210 0.31043114065085187 1.6081677470182503 0.6617454846184362 0.6617454846184362 0.7536636170216349 0.7572140562914548 0.8282402297724334 0.8658301468149194 0.9089279317775143 0.950992426106023 1.0022098407241395 1.0608071775501213 1.6081677470182503
22 220 0.2760426522633983 1.5757356134896867 0.6568407220446459 0.6568407220446459 0.7420511217666703 0.7510411029943435 0.8240540828799083 0.8495627328657731 0.8729217885823782 0.9215303431860864 1.0037092226978892 1.071300436606119 1.5757356134896867
23 230 0.25962044876642554 1.5536272948157923 0.6565888251670885 0.6565888251670885 0.7098572543897981 0.7305543218701521 0.8270319877774034 0.8453954588155558 0.8654640357289155 0.9084296191615964 1.0033627789551391 1.064376423668357 1.5536272948157923
24 240 0.2433153553242986 1.5462827778785877 0.6270153368576035 0.6270153368576035 0.7099074141097225 0.7381437730539311 0.8062578290660201 0.8506487649602167 0.8571953437209157 0.8994401768664158 1.0030755380483103 1.090578515358741 1.5462827778785877
25 250 0.21996895666984612 1.4824457775292117 0.6283670128673049 0.6283670128673049 0.6909136879877162 0.7414119925069758 0.7979991554266517 0.838483137712119 0.8650652593939001 0.9043033886756584 1.0053286877092802 1.0852840870687437 1.4824457775292117
26 260 0.20315408479823863 1.4541477043386095 0.6262621206250248 0.6262621206250248 0.6988053882626621 0.7344671274190242 0.7832728097780044 0.8303579250258588 0.8620168391427001 0.9055461579019349 0.9949369328194536 1.0815329485957998 1.4541477043386095
27 270 0.19488300907734277 1.4457964432752737 0.6105564635503035 0.6105564635503035 0.6881366579361126 0.7323394483014952 0.7843138452207975 0.81495356343673 0.8644033980977481 0.9002713565091827 0.9896209240588234 1.0598179531430223 1.4457964432752737
28 280 0.19036234760606877 1.4559918555019364 0.5895892720617237 0.5895892720617237 0.7039456478421672 0.7341589066745542 0.7773488104379916 0.8148821283742712 0.8464184996572365 0.8850578454040573 0.9868676486240402 1.060410528807783 1.4559918555019364
29 290 0.18260520889582194 1.40711190952325 0.5889407393974703 0.5889407393974703 0.7073829628445395 0.7273368271569021 0.7894403700424429 0.8078995906355066 0.8431465682469879 0.8852978590262665 0.9979326264592594 1.0390557907505187 1.40711190952325
30 300 0.16604326419441615 1.4115478428058161 0.5839497080559185 0.5839497080559185 0.6984570301491589 0.7180760138401753 0.7825151038591419 0.8122239262695432 0.845141252951648 0.8641435163833294 0.9832063963962878 1.0395230452683202 1.4115478428058161
31 310 0.14849778827095045 1.4121534377825506 0.5868529509467706 0.5868529509467706 0.6576359234831892 0.7229407684744603 0.7666677853733699 0.8023493846126426 0.8452230486385645 0.8691412055206741 0.9569567226499277 1.0332884776589315 1.4121534377825506
32 320 0.13754403224265296 1.415301149956082 0.585931218102281 0.585931218102281 0.6610455560327211 0.6959894959865445 0.7440188244184771 0.7890655109699781 0.841642996568848 0.865816616877968 0.9504723418165948 1.015613646713433 1.415301149956082
33 330 0.12224677457125077 1.4020818903181467 0.5761735256032611 0.5761735256032611 0.6528754583052382 0.6724155820206827 0.7348460912610738 0.7833125970852285 0.8413597171313194 0.8590477699497264 0.9508066178599638 1.0113489527100876 1.4020818903181467
34 340 0.11791967183160802 1.3992190845621815 0.5761782136327646 0.5761782136327646 0.6234632886204414 0.6611450527405037 0.7294449692891541 0.7667946359649805 0.8267674512198677 0.8506205247524704 0.9412812856353306 1.014585817605233 1.3992190845621815
35 350 0.11439939706745274 1.4064096437622824 0.5586874107970325 0.5586874107970325 0.60821084031365 0.6602783352454424 0.7435851566832402 0.7506287748114884 0.8224920841885757 0.8573408637059202 0.9431181423236871 1.0096814850350757 1.4064096437622824
36 360 0.11641477820266571 1.412036410587723 0.5714439253989461 0.5714439253989461 0.6132522800887509 0.6564229308381593 0.7251650971464834 0.7581991476433456 0.7991676501341864 0.849203206911078 0.9084671467033301 0.9965282443183069 1.412036410587723
37 370 0.10638272723343668 1.4027593812860084 0.5629604964293894 0.5629604964293894 0.6037096590064273 0.6612460558276054 0.7279487440258292 0.7717841081730886 0.8051505734823893 0.8314194483685885 0.9259758439619162 1.015181586258764 1.4027593812860084
38 380 0.09864707902598689 1.4090020663249347 0.5493169859719546 0.5493169859719546 0.6000279634965252 0.6486953009669104 0.727084704309405 0.7619088985561897 0.8065196241271192 0.815623022799427 0.908402491280033 1.0184208554862075 1.4090020663249347
39 390 0.0931882430544333 1.4226695625870378 0.5377914997582607 0.5377914997582607 0.5916927601672783 0.6449397300131201 0.7037290874402132 0.7479422660140607 0.8003784882085145 0.8308927499965763 0.9104251805270873 1.0088551793124914 1.4226695625870378
40 400 0.08606539688844925 1.3813999266760226 0.5346614461368648 0.5346614461368648 0.5817177249725041 0.6391269682861355 0.7058101802385299 0.7346025525288697 0.8059180018454357 0.8442393396340335 0.8870182981979728 1.015507774203117 1.3813999266760226
