% # columns="iteration, evaluation, void, void, void, xmean", seed=1022698, Wed Mar 11 16:01:13 2020, <python>{}</python> # scaling_of_variables: 1, typical_x: 0
1 10 0 0 0 -0.7601587507090879 -1.003923553932587 -0.8976133291627238 -0.8466079165626733 -0.9330161081985509 -1.0052821142148172 -1.063429155648117 -1.122535841675762 -1.1104115706600157 -0.8173827094080691
2 20 0 0 0 -0.5273613160446394 -0.8922495232030089 -0.8101066867966807 -0.8817800233953894 -0.9956276472585176 -0.7903677535167392 -0.9700496002159569 -1.1940188354674526 -0.8913051660706061 -0.7358515433256108
3 30 0 0 0 -0.4496656371540624 -0.8733406874371773 -0.650929201910163 -0.6652225709612063 -0.918542223169526 -0.7423168921279081 -1.0076037303907583 -1.0863536979296087 -0.8302590922775349 -0.5510997003373772
4 40 0 0 0 -0.4884572645484797 -0.6700876765289547 -0.5568169650374656 -0.6036246040787266 -0.8302083896877589 -0.7795607267712077 -1.0067630005321937 -1.0347484407371323 -0.9342710679162333 -0.41513396916461565
5 50 0 0 0 -0.24596783314164325 -0.7415375368224201 -0.5887011433241837 -0.2680367542312478 -0.8060782582031172 -0.6900153794609398 -0.9095590612779517 -1.0474404435482998 -0.9107458165359057 -0.22396930278559601
6 60 0 0 0 -0.14799720707542913 -0.57608556594176 -0.6271073150391737 -0.22674693776861954 -0.7085824068234245 -0.8033923965921476 -0.8602685073793696 -0.8259902470621733 -0.9085025976481655 -0.24369017196530027
7 70 0 0 0 -0.0851830950642797 -0.5971481252896385 -0.45290440926438896 -0.21253189607465123 -0.6502627366319368 -0.8883230555813285 -0.8054989463709097 -0.6069481394572932 -0.8407779210752359 0.018505237223900656
8 80 0 0 0 0.3887212343917351 -0.6521020436799252 -0.2851273429095125 -0.1122153444949167 -0.9390629406331713 -0.7498830296870078 -0.6589183746246016 -0.43484706254545896 -0.7246587419894641 0.3129846286575839
9 90 0 0 0 0.49329238071362386 -0.4005149280698961 0.05759462595747589 -0.17928313094767548 -0.499505141878398 -0.8383020612532573 -0.6073615047345863 -0.43614430577759544 -0.4355267020748134 0.595216648917359
10 100 0 0 0 0.7236826278350126 -0.18080646018798785 0.2022816081815994 -0.12021633540769115 -0.24608862951066868 -0.7315430371269505 -0.4570350439075846 -0.14013082602183036 -0.13033809183947803 0.947445300357231
11 110 0 0 0 0.7971459546970704 0.055005723185589966 0.710024051547731 0.3332947846239584 0.17206245114463464 -0.3557665233114622 -0.42644866146858457 0.3886367545555559 -0.09694244645140658 0.900794929759504
12 120 0 0 0 0.558601164616288 0.13954908320264567 0.4353244068484961 -0.24731324812104888 0.47869611745894247 -0.37545344628881555 -0.4156898948103978 0.3494767836352533 -0.1080670993862429 0.17561782002819937
13 130 0 0 0 0.8463903022304302 -0.01739430754219301 0.4964723590101424 -0.019591590471662146 0.43361367200425577 -0.26335806863842415 -0.38722245702608904 0.32865529814672784 -0.27568345644918957 0.1131750940141136
14 140 0 0 0 0.4242036388984318 -0.14515294739629686 0.1251020767602068 -0.20812079690601654 0.27210801160908027 0.09721053003547436 -0.019327840568369503 -0.10557124050483851 -0.27697305744748374 -0.006820504703294067
15 150 0 0 0 0.28598167376196804 0.09452893627916292 0.23680334594383787 -0.02053196577420055 0.1403340958047495 0.28916290591395455 -0.15125996177554318 0.09965169304613941 -0.22453636270817598 0.16697531084885336
16 160 0 0 0 0.19710124110042587 0.15775445592252102 0.25447994531722273 -0.3963537273108987 0.25149841164623776 0.2939210428517402 0.08980039046407606 0.2815531094339097 0.11749280961050826 0.036682278772835586
17 170 0 0 0 0.20840125460540257 0.2192982233738253 0.1491837481004336 -0.022060924585894537 0.1720583776245951 0.22770405683358608 -0.37333853369236447 0.055809630856181625 0.4435370078317187 0.3972860354465816
18 180 0 0 0 0.25662137389275597 0.0062597734808773065 0.13752488973472657 0.0149264142793272 -0.08843167073655697 -0.027066071994497898 -0.39990632510949425 -0.04020335976081661 0.33330667355182464 -0.08778704401932447
19 190 0 0 0 0.09173852893570472 0.11950397091206645 0.22479988105399862 0.03015574867763544 0.3784969392632671 0.17436013261720232 -0.08468395519243155 -0.006909170509381057 0.2341617714726682 -0.2918974890021537
20 200 0 0 0 0.28073593257780854 0.21967076565132174 0.19506766928000324 0.04222318723156493 0.3065224506387683 0.26470187328733696 -0.015036135922732244 -0.05334543012225371 0.06171818625768946 0.08430343567150261
21 210 0 0 0 0.369758794005492 0.2542391402003701 0.11951809076408801 0.32317478531003707 0.2550361217725995 0.23304091637943067 -0.1287971363764631 -0.08519213328249184 0.004758001526223077 0.16988169443750337
22 220 0 0 0 0.27272305122480617 0.23589724563540795 0.10105664155190845 0.4021447133795857 0.21166274726544781 0.08840403489576887 -0.1916441229146776 -0.006106264372565104 0.08251777054823536 0.09634680345310491
23 230 0 0 0 0.20716497058163005 0.4086499381163245 0.04620059045329554 0.10370241997816115 0.3343607975999374 -0.04853502528611303 0.025964299157592935 -0.050725982603629566 0.1459711389519179 0.18868866204699364
24 240 0 0 0 0.40044664684565845 0.2469401050847314 0.07074153283096643 0.08473860188585189 0.2291376269537868 -0.011326272573411456 0.10731794096822383 -0.1066443030557906 0.27378695465748715 0.0007991112203953044
25 250 0 0 0 0.43400068305365574 0.21364609975656826 0.14827684466223331 0.09274855571011496 0.14330706584077899 0.1767427184832756 0.1442022505192607 -0.023898790988550578 0.13021493169372853 0.16933269624902242
26 260 0 0 0 0.4709585262489339 0.23375708456486788 0.18840699993156454 0.17209654842732308 0.1184470686938684 0.21661897173887948 0.192585695438818 0.17327823573820544 0.14507502471949463 0.13498394091233795
27 270 0 0 0 0.27876249581897955 0.19850672378231943 0.15419708291670495 -0.061699301573945486 0.22665618336706977 0.18469628610946232 0.25186832138829607 0.051457564523518476 0.0021092582536973714 0.11830992176971913
28 280 0 0 0 0.18429282355250604 0.1749049907985241 0.15619963278611804 0.10489854890618727 0.3153727319586863 0.14654838013034677 0.30589779984196624 0.2028888439317354 0.04511119926795964 0.24687991847716953
29 290 0 0 0 0.1251399110396886 0.2481153103737624 0.16774025685281557 0.09557268278707906 0.4024133556468334 0.25676474072521643 0.2830189214106375 0.2286763314623248 0.15975986059223904 0.2286498484389964
30 300 0 0 0 0.19228706544314006 0.17744505967329408 0.24151620080579383 0.19446711127593072 0.294140538530906 0.2474584267475834 0.23930014124039084 0.23441232717254706 0.19842652502602312 0.280781573218251
31 310 0 0 0 0.28092803970538305 0.17257964021474426 0.2355502439682031 0.2272953990482266 0.26573489855108684 0.2083833682701092 0.2759487635050634 0.22293630339964887 0.251522083832552 0.25485601981593764
32 320 0 0 0 0.30438702300998083 0.1392607466519204 0.3109737666161435 0.2706678626727307 0.2967464119525381 0.2921053753728378 0.27927001115555516 0.16773322907549207 0.2681179592589289 0.30008697185606564
33 330 0 0 0 0.25734320423808316 0.13853875635858665 0.3023809589054684 0.2389174140652897 0.29785583083428707 0.30080439662495306 0.3345477974634217 0.2240225329651458 0.26491662992584275 0.2656654016757129
34 340 0 0 0 0.36659850352405404 0.10129226884589719 0.38111455088458646 0.2715790283335074 0.34199912104461927 0.30603467622694086 0.3917791206902608 0.211605314617561 0.3099207717839219 0.3211607589321999
35 350 0 0 0 0.4047942076159454 0.05826768219692193 0.3145138752544061 0.27517646635160925 0.375988876597737 0.31489356084583503 0.36313042702900844 0.32075716138076577 0.30413585304389235 0.3221989085517167
36 360 0 0 0 0.32025141271065527 0.12313792586615457 0.3370874994757045 0.3730956238003035 0.40691802264366583 0.2580094569386704 0.3352109259909431 0.42844035349499715 0.3446816074424064 0.3963741900401529
37 370 0 0 0 0.34599017477383076 0.11181869555659694 0.3524209802095105 0.32052335425600303 0.32431392686713784 0.2949789281298563 0.3361360945258409 0.41155810282269906 0.35000238282773394 0.3784055920119365
38 380 0 0 0 0.3668167762902902 0.17382090935327338 0.3717233477890052 0.2752589843744082 0.31188125044769965 0.30241027408689536 0.40744222996239887 0.4548408891305869 0.3247520744532557 0.39705771988515814
39 390 0 0 0 0.3201195643084841 0.15194461578597845 0.27983378747284643 0.3140869570942563 0.3194812491924948 0.3597598882259083 0.40245307757880805 0.46316354758953415 0.32878086022348296 0.38043271946883384
40 400 0 0 0 0.3172965851945144 0.20493408610444785 0.3228919014991305 0.3069321106841013 0.2626011212587567 0.3038752308656086 0.3226387243293376 0.39354369465600936 0.33388057185129544 0.34198520567577056
