% # columns="iter, evals, sigma, 0, fitness, xbest" seed=1022698, Wed Mar 11 16:01:13 2020, <python>{}</python>
1 10 0.1927384374283151 0 2.7935228402220598 -0.5562670618577509 -0.9783211154333604 -0.7619049063510653 -0.8497257456314258 -0.9309314349255295 -0.8419120277242768 -1.1162281907898997 -1.2975600362264235 -1.1204270591713226 -0.8012732466824098
2 20 0.20484438664438967 0 2.5163579920829178 -0.5975120407988914 -0.8764317913436778 -0.887430020203445 -1.0400169180674073 -0.9454959028793783 -0.5518750276353662 -0.9911610630619059 -1.0796925001379443 -0.7454461211783205 -0.909469132345753
3 30 0.22410999061139 0 2.118984397003455 -0.27932152080428596 -0.7181419284926911 -0.7367571002318014 -0.6550356260513254 -0.9893290881229795 -0.5887367030773338 -1.1958449552077175 -1.145172322176756 -0.7385621887390111 -0.40371148451365785
4 40 0.23784772414825886 0 1.990391143026606 -0.37131019992323605 -0.5710394402654217 -0.517436320923303 -0.6562918322523664 -0.8489181177808812 -0.6878889131371523 -1.0146874920995863 -0.970281978552061 -1.1378762942441636 -0.37827156065443124
5 50 0.2616292198946423 0 1.7403333407164903 -0.023563123198990787 -0.7619773258340901 -0.5767020904394774 -0.27599883001215714 -0.9199328017198934 -0.6814971540548802 -0.8894917322252638 -1.1472848756566243 -0.8894731957694959 -0.0487802127669682
6 60 0.2755420368811154 0 1.5447772711901804 0.21627973622671923 -0.5387334746214909 -0.6844560525908724 -0.22128757702307045 -0.6683552073897725 -0.8793614798999025 -0.7082713870776678 -0.7608730463327531 -1.0766440562640307 -0.36337128959187426
7 70 0.29253356741070397 0 1.2862590698888714 -0.2996448182851516 -0.5743196447380761 -0.48057735104960486 -0.22309420046002146 -0.6956351806422698 -0.9201982601638506 -0.653521284648239 -0.44071045831879957 -0.8307106596142437 0.07264929052427252
8 80 0.3337421498375409 0 0.9136830691610435 0.561721521144234 -0.62997770746199 -0.47445749200307363 -0.07316292358506796 -1.0227839867690112 -0.8236001093953008 -0.38569228054636867 -0.02962818032974357 -0.6434893043559304 0.5998900179726457
9 90 0.3788995236629999 0 0.6036786733138761 0.40967950894276267 -0.439170090535434 0.1628206379786482 -0.3944368929627409 -0.48240538198824856 -0.6473820884000705 -0.7698076158133187 -0.4015651174287948 -0.16304699613400764 0.8272176261849202
10 100 0.43547271866781606 0 0.31192969332170445 0.6908612730607062 0.07810719231203289 0.19652226455606836 -0.15922081446298597 -0.1716788551613193 -0.5261565723417707 -0.40183662145653437 -0.276418822412786 0.03208003262460013 1.4423043403451021
11 110 0.51699507341748 0 0.2578726965631968 0.8905692409458209 -0.2656161394236467 0.6535333601718061 0.6418457834714696 0.4050389666200662 -0.23589880478855235 -0.35259176107750767 0.3962440014321844 -0.3055164152020663 0.827340697925095
12 120 0.5656492261709439 0 0.12251860752310846 0.49679461776444916 0.22812750775851162 0.1381324472001456 -0.8257702182660933 0.22050444681062487 -0.2974361695991487 -0.05809744603228295 0.26542459989558964 0.23841278940162108 -0.18003279817894413
13 130 0.5621657383397087 0 0.25087884918961106 1.1987123401197395 -0.30701685118188793 0.7385671547689867 -0.07871793740998556 0.2019874355293252 0.03371481844601282 -0.40197258166799826 0.07255501410424292 -0.33018607218658813 0.427716916016404
14 140 0.5358361353977131 0 0.2517982192688219 0.22682097633375486 -0.5444242500460357 0.16882652071846616 -0.5045837812036387 -0.04804684033915502 -0.11622573895577062 -0.19089656607909852 -0.1558077851190417 0.07449957743945229 -0.23602529908561257
15 150 0.5004695962728338 0 0.05706861399777532 0.16207765184363926 0.4225708560463441 0.30881864005544324 -0.29502294738623847 -0.2069173874357807 -0.28560413265439066 0.14077537272773333 0.15033819535888637 -0.2906986287328995 -0.08330873042347711
16 160 0.4740065283311677 0 0.11733623712955439 -0.09786724256040458 -0.3176076507728951 0.22743525062862457 -0.6072093023998266 -0.03305980048699453 0.26834000898335997 -0.05804727666364594 0.35226003979289944 -0.04267019273111386 -0.25453167359859397
17 170 0.4585676198142052 0 0.11297512895952497 0.053344043158358584 -0.08048139418968478 0.10061238616383456 0.2774978626681639 0.3689331179855474 -0.09206684071653282 -0.6540234177295559 -0.25219839935725347 0.6583199330689179 0.1969346909112351
18 180 0.4219501462319308 0 0.09995114206999989 0.39710170027087466 -0.1180043416799201 0.2431400960893718 -0.049157668810703915 -0.2396045944391468 -0.0942832635203728 -0.7139037127160215 0.18939617445652 0.1711928741980907 -0.12894930884225086
19 190 0.39070109333439373 0 0.05763522384641493 -0.026343015926068802 0.07195874983458127 0.08325919909895989 -0.019145926150102487 0.5816532693101195 -0.02342842551981308 -0.025281672606432104 -0.1436208529529337 0.3257905627596092 -0.4143827081724272
20 200 0.3437602987402847 0 0.049576310785030844 0.5700114060573502 0.39701585938718914 -0.13928790275313147 0.10791394294580024 0.2848590168072881 0.016836804561137675 -0.265957004018954 -0.029272919137621797 -0.10733844115372576 0.1896775662973474
21 210 0.31043114065085187 0 0.03186236110390944 0.5565813482010925 0.37554736407653955 0.01545705842892936 0.4353368858054408 0.237129717506606 0.18866953996124908 -0.08230908168133173 -0.11514657966078848 0.045826912985248186 0.27299581266561657
22 220 0.2760426522633983 0 0.052987115048241155 0.2765828663111894 0.07208337592493505 0.16435807773632097 0.4571375393799646 0.09383294219595653 0.05491169324591086 -0.4842252304748329 0.032145290438367585 0.02540693275733256 0.19754091782005845
23 230 0.25962044876642554 0 0.045556973682381575 0.20650725574160003 0.34875022682768136 0.26778515995897395 -0.12769220233397982 0.5026100339958712 -0.16819209220386266 0.08637785029164394 -0.06903551811566831 0.4565149703089252 0.19311243020338192
24 240 0.2433153553242986 0 0.010607999134927519 0.540771496192388 0.41583096070576603 0.26329774276043727 0.13867469534057403 0.15629290071269916 0.06864892728099481 0.1770875721890167 -0.09362986055731323 0.37315738904213236 -0.04069370139188458
25 250 0.21996895666984612 0 0.025859478954081746 0.6273382110703706 0.16064416261526074 0.1651177788230992 0.24441642224529064 -0.008300303162974948 0.43454291510993576 0.14211381111871604 0.14035809714972186 0.06643543271254584 -0.003418513422373505
26 260 0.20315408479823863 0 -5.271917569584779e-05 0.5951081099095288 0.3908510946383665 0.405313716931222 0.18492353302701642 0.07099681043765785 0.2501827645080902 0.1599661193696257 0.4292865051400164 0.07506588534707531 0.3272548863931466
27 270 0.19488300907734277 0 0.010904502894427133 0.2967903762794048 0.1247772313980169 0.14806270049521153 -0.26288593664783 0.3071899121445043 0.07110732923585811 0.3866954950776661 -0.0077264391426887236 0.023437546231723352 -0.018505676246405006
28 280 0.19036234760606877 0 0.001935161289984666 0.19687606603333851 0.363314199172853 0.1437656783704975 0.13922737867527832 0.3686235999213152 0.03386567631406184 0.3753715739062078 0.3656265088106363 -0.013184796070942036 0.2628740288182969
29 290 0.18260520889582194 0 -0.0005053673855829029 0.2347259858467518 0.29536422506012866 0.2705051695744407 0.09622622205796871 0.47907925445147015 0.5228114891826527 0.36843074284087535 0.22911695707162255 0.2886957511215987 0.2538742989760236
30 300 0.16604326419441615 0 -0.00012961402453429984 0.23137600851393778 0.15800015488307279 0.38389707191857403 0.19577106161098265 0.23866955115486368 0.36386689701540886 0.33915293906432387 0.23514100670824764 0.2551998329143713 0.3277464333385815
31 310 0.14849778827095045 0 -0.0004125793289809773 0.23958203293534358 0.24549705421911217 0.26061921679085354 0.17810103661098062 0.1978994785761856 0.09875064133498748 0.23956890040102305 0.2309139976458125 0.3060406629542415 0.14625664377681147
32 320 0.13754403224265296 0 -0.0007354942494495895 0.4304544418423397 0.15190980583494804 0.4107333653640273 0.2808360851511999 0.2130042462350702 0.3979257705971361 0.3336975952544081 0.13877500809361848 0.3004635938707597 0.33791728122997206
33 330 0.12224677457125077 0 -0.0011975166855729758 0.2956960315506822 0.1946214177212247 0.3197308743607838 0.3102508668368916 0.3314649092086905 0.3130165800686134 0.33422137771195654 0.2804868208802003 0.236088793220679 0.3698637957031832
34 340 0.11791967183160802 0 -0.0005468358556090395 0.4951694304140749 0.07317348413006583 0.44702688733363927 0.26919207330632317 0.3518452417737082 0.31769581525881074 0.3215613561200005 0.192226695909455 0.3279120337425803 0.27316885387957374
35 350 0.11439939706745274 0 -0.0007311041395032164 0.37014870753895823 0.07251658439312209 0.25300541324728637 0.21466264021388562 0.42673756898456194 0.260507392290313 0.3380748121805756 0.3807081288858184 0.3455425022204204 0.3055903267825365
36 360 0.11641477820266571 0 -0.0007235940244449527 0.23522647260191343 0.1452302050119078 0.292300242449951 0.30029660273542175 0.4290211426527638 0.19789170400550887 0.2767851747741361 0.48664590269920904 0.2526311164967302 0.3555155910538822
37 370 0.10638272723343668 0 -0.0006124724993997276 0.40246712878311297 0.12901856725624777 0.41963632692700586 0.2695258251151334 0.27292544754452785 0.36418657104450486 0.2970600076641339 0.25756029638335354 0.3484474236020956 0.4385234156072933
38 380 0.09864707902598689 0 -0.0008777978366196444 0.26688441425531867 0.2078987131508704 0.30350445366007744 0.18408410285121468 0.2580470939077009 0.2895882837168248 0.41661056937870855 0.48855698960893895 0.2979698612174835 0.34189299221469127
39 390 0.0931882430544333 0 -0.0004921857521539902 0.33951232027850403 0.1350264098671779 0.23859536988127314 0.2877606410414753 0.27694405451595633 0.3750226617075879 0.40413946811027873 0.45282174821891913 0.3555664188862361 0.3118362252495038
40 400 0.08606539688844925 0 -0.0011546746043890476 0.3203954532651003 0.21910179097923213 0.3332612722590718 0.3764223729948931 0.2593319551913545 0.22972300036485516 0.3098507158801648 0.4042444554433514 0.35339329329401925 0.2953272230522408
