% # columns="iteration, evaluation, sigma, max axis length,  min axis length, all principle axes lengths  (sorted square roots of eigenvalues of C)", seed=1023427, Wed Mar 11 16:01:13 2020
1 10 0.18819119583524008 1.0000450010125153 1.0 1.0 1.0000050000125 1.00001000005 1.0000150001125006 1.0000200002000015 1.0000250003125026 1.0000300004500045 1.0000350006125072 1.0000400008000108 1.0000450010125153
2 20 0.19119963803389023 1.072359934647162 0.9270163315794742 0.9270163315794742 0.9591479572977301 0.9709546744971392 0.9845438402653104 0.9963362699625933 1.0000274701723089 1.0055833538061518 1.0124811427357185 1.0310733976140665 1.072359934647162
3 30 0.19366880632264635 1.142770591195333 0.8835391989724652 0.8835391989724652 0.933414359954354 0.9671072825707292 0.9728471743587859 0.978627082190577 0.9930903792218877 0.9997647539261034 1.0440030773366282 1.0652666851014843 1.142770591195333
4 40 0.21643060607969852 1.1914625702246484 0.8509853110194804 0.8509853110194804 0.9187260683922347 0.9384659775909489 0.9598631253296769 0.9695700282998443 0.9864109327217143 1.0037593310517618 1.045245793983477 1.064991475873135 1.1914625702246484
5 50 0.2551626658591586 1.36859224504365 0.7945515712216391 0.7945515712216391 0.8870536841031694 0.94196324198824 0.9536355847917655 0.9722570578386394 0.9820236279901317 1.0034454261728558 1.0339798444481616 1.0978319883578993 1.36859224504365
6 60 0.2976327613480688 1.4408254760485886 0.7630488699643441 0.7630488699643441 0.8675381409988695 0.9274809324845552 0.9412756225612829 0.9685324608765354 0.9887427979306751 0.9939252485028468 1.0319096323425871 1.105591551007455 1.4408254760485886
7 70 0.36075170347161906 1.489925225520418 0.7616214890503897 0.7616214890503897 0.8664395615714775 0.9001034348679096 0.9308380923262655 0.9673731090810372 0.9751436903575813 0.9959646820168823 1.014630879523839 1.09528403445472 1.489925225520418
8 80 0.4128535335768898 1.5366455953963314 0.7628660462847289 0.7628660462847289 0.856445183366306 0.884881274433893 0.9149257058100713 0.9420363094457488 0.9492050653473709 0.9735781157286232 1.0325729519031044 1.1005152155793685 1.5366455953963314
9 90 0.45230677493304267 1.526429327950884 0.765976030560092 0.765976030560092 0.8468909790750314 0.8736112987495919 0.9136676114516342 0.931548283401791 0.953407097085621 1.0114212241098643 1.0332036594123406 1.126348336049377 1.526429327950884
10 100 0.5171642188272993 1.5289180065113437 0.7504527892600291 0.7504527892600291 0.8327326118134044 0.8624279366350058 0.9041418363193817 0.9391957196810112 0.9447278607878747 1.0082292839488345 1.0388642677731974 1.1329550774422403 1.5289180065113437
11 110 0.5846524462326637 1.5369731011627434 0.7358921518214532 0.7358921518214532 0.8191916031574422 0.8636550188484826 0.8973411318007601 0.9302387396970223 0.9454242873982592 1.0204173591033308 1.062785857367851 1.1340517720600858 1.5369731011627434
12 120 0.658557357547058 1.5288338574244495 0.731876512010244 0.731876512010244 0.8172717176453074 0.8780403404606216 0.8915440014924704 0.9205152162747793 0.9440762203079692 0.9981160882104458 1.070780211605814 1.1521210668749275 1.5288338574244495
13 130 0.6641630007525146 1.514688289368345 0.7334992251832971 0.7334992251832971 0.803407151001547 0.8530178504970389 0.8857221305117401 0.9108499011798493 0.9176779511917267 0.9995872609768909 1.062124465960696 1.23573013721311 1.514688289368345
14 140 0.6474270525083053 1.4952500676159572 0.7037476186318868 0.7037476186318868 0.7813983709070058 0.8379749542240886 0.8886396820488914 0.9080759465193855 0.9220550128171955 0.9898278343213501 1.058737794447885 1.2571932214545514 1.4952500676159572
15 150 0.6445203007826829 1.4899610237001844 0.701445125480401 0.701445125480401 0.7955550675986696 0.8328284672200423 0.8667432388798303 0.9076843270434696 0.9254965472153159 0.9663020567977417 1.0714728602954984 1.237378510479459 1.4899610237001844
16 160 0.6005648718166441 1.443475626929437 0.692850956399426 0.692850956399426 0.7778416718366619 0.8425856667157693 0.8863629512353527 0.8944879494327563 0.9327459873918731 0.9574407648605947 1.0808649303323439 1.242958884394147 1.443475626929437
17 170 0.5523165709951832 1.4394556110021774 0.7011593052965582 0.7011593052965582 0.7698097775266344 0.8351402770607813 0.8698121176775653 0.8844919165282089 0.9271810355151018 0.9405216033287136 1.0560122177476166 1.209231233890595 1.4394556110021774
18 180 0.5129557750240206 1.3991527186462525 0.6797965696316693 0.6797965696316693 0.771623943085669 0.8299191745513365 0.8462999338934538 0.8767059144329229 0.9128121319246756 0.9350910660790873 1.0580488258607075 1.2083316697389634 1.3991527186462525
19 190 0.46675782787899855 1.3845635667055598 0.6824348512810239 0.6824348512810239 0.7523247124789519 0.8060220887058213 0.8461733121139418 0.873056438220003 0.9055359564499171 0.9280256341457654 1.0676168438921627 1.1810986148332172 1.3845635667055598
20 200 0.4166980835134418 1.4008333632410952 0.6725308394707008 0.6725308394707008 0.7344059217919523 0.8043525848329497 0.8472245015373071 0.8708667320343916 0.8941188421607523 0.9251949924235601 1.0526173267693586 1.1430631259717616 1.4008333632410952
21 210 0.3946272079977643 1.3961913770062502 0.6776575555361779 0.6776575555361779 0.7185785971244336 0.7899932142135178 0.8163507969570327 0.8642637682794883 0.8874897584548238 0.9273036725524398 1.0336095943092938 1.1238058681495258 1.3961913770062502
22 220 0.37050706754135193 1.3910741268490094 0.6776289998699334 0.6776289998699334 0.7068128747239024 0.7763346503895693 0.8177506956566568 0.8373262229460026 0.8796791056179091 0.9188674611614859 1.0193804848993802 1.1209254033884068 1.3910741268490094
23 230 0.3446992268973113 1.3324806255065895 0.6744522083011407 0.6744522083011407 0.7128078769836572 0.777646538036002 0.8079733833115993 0.8520899705156819 0.8748236159402721 0.9217105678746572 0.9933488998703853 1.1119324201592538 1.3324806255065895
24 240 0.3193763695928765 1.3120184109979518 0.660027982961363 0.660027982961363 0.7103813627531446 0.7723482986647815 0.802478225975288 0.850716894940161 0.8827140652739679 0.9193112093767297 0.9748271977712886 1.0946454425125884 1.3120184109979518
25 250 0.29253152646190705 1.308644067144894 0.6570713430022799 0.6570713430022799 0.7045490022142398 0.7562880733275166 0.7965581551884259 0.8480467771614361 0.8880872772252788 0.9076591772609686 0.9637139579756805 1.0966727689010438 1.308644067144894
26 260 0.2490419465791412 1.3093437143184958 0.632041909047925 0.632041909047925 0.700527735724265 0.741816180047945 0.7994657899956088 0.8531215210883175 0.8636359471122065 0.9027968543915269 0.9433185358301804 1.1032126309037373 1.3093437143184958
27 270 0.22469469336783865 1.2874654109249057 0.6287902251698226 0.6287902251698226 0.6809237738499259 0.733312888220872 0.7773951875247271 0.8531469886928909 0.8675759548235334 0.9011790235354272 0.9329615057124875 1.064874319611026 1.2874654109249057
28 280 0.20087269616684503 1.277794134891091 0.6123455126684906 0.6123455126684906 0.6729087882187847 0.7310747870536843 0.7682195078361864 0.838807238433515 0.8563428516536506 0.8821017009758013 0.9255359387819769 1.0586331899849482 1.277794134891091
29 290 0.1781544428309582 1.2804584036363256 0.5808261270606605 0.5808261270606605 0.6670735143859466 0.7263775550695956 0.7628500069500874 0.8300160719244343 0.848440246577967 0.8677402750133505 0.9365066279492402 1.044781371062279 1.2804584036363256
30 300 0.16780826567807522 1.2352029518580068 0.5818497365865907 0.5818497365865907 0.6577279320384908 0.7102688236668057 0.7564878361492197 0.8107334379398458 0.8397411060696557 0.8567193942143346 0.9311556584804812 1.0455948028607918 1.2352029518580068
31 310 0.15046713773186265 1.2329470703803702 0.568916997894493 0.568916997894493 0.6460587594958397 0.7248147071327984 0.743803267479092 0.7998815344288625 0.82562401518874 0.8562834336546397 0.931827047292627 1.0197322159700242 1.2329470703803702
32 320 0.1442056801120436 1.250796057951095 0.5613245237972224 0.5613245237972224 0.6434210811331613 0.6991188567990231 0.7374174572212122 0.7806632500802092 0.8169191289924456 0.8477200161642081 0.919223884188085 1.0272087360336184 1.250796057951095
33 330 0.1346831633168726 1.2472577067169737 0.5795502929754396 0.5795502929754396 0.6360361124476355 0.6972899105135941 0.7106846163258111 0.7830871921156358 0.800324954402969 0.8378558479149296 0.9082284460744143 1.0298110664266218 1.2472577067169737
34 340 0.13673180534423457 1.2439250631214729 0.5579085789053488 0.5579085789053488 0.6334739450065987 0.6969481193060582 0.7259169737755147 0.7754565206253465 0.7822936564049423 0.8040335887948428 0.9077817632661404 1.018203981650319 1.2439250631214729
35 350 0.1367039935345539 1.2782725836470532 0.5519389687739659 0.5519389687739659 0.6394650837674611 0.7125785790872384 0.7290398815164773 0.7558680168505735 0.7803820204589527 0.8009426121688203 0.9019761176543962 0.9933098276460929 1.2782725836470532
36 360 0.13684915945868042 1.2919656962263422 0.5227767667885206 0.5227767667885206 0.6287449402877163 0.7100787176098177 0.7201180915810712 0.7449655727950214 0.7915600844804881 0.8305105037226445 0.8863619539377322 0.9995927237032732 1.2919656962263422
37 370 0.1393204613841999 1.29605365881868 0.5175952688860064 0.5175952688860064 0.626762096951244 0.6971160012239092 0.7174827597143455 0.7515166069540637 0.7813336721572051 0.8234768990533026 0.8861429849442067 0.9717883381327025 1.29605365881868
38 380 0.13202651718261463 1.3115334394568763 0.5166941943973913 0.5166941943973913 0.6232132706732914 0.6835290472717976 0.7120339517320379 0.7475919613773191 0.7738796120099489 0.8192642937311905 0.8887497205816784 0.9588068913628296 1.3115334394568763
39 390 0.13278542909193283 1.2863456376110323 0.5089445619391672 0.5089445619391672 0.6306079903809779 0.66059124086411 0.7001639963019406 0.7573445383143804 0.7736995146800977 0.827618415106095 0.8884483582638395 0.9407995613506029 1.2863456376110323
40 400 0.12689488112734154 1.26612370907818 0.5035686362687001 0.5035686362687001 0.6274014630089474 0.6574935121400591 0.6822155715693398 0.7582265200639648 0.769007703218173 0.8278552606663255 0.8865789221119329 0.9371708744707493 1.26612370907818
41 410 0.11669114478022012 1.2584777101841125 0.49430765171281305 0.49430765171281305 0.6217102718116396 0.6503186155114962 0.6748471507962421 0.758495520395998 0.7650305614824234 0.8101721508421125 0.880561369996945 0.9467643622240481 1.2584777101841125
42 420 0.11286975099972273 1.244627875888524 0.49152743500449514 0.49152743500449514 0.6159424882976507 0.6251678564902821 0.6633819736312387 0.7417820466644593 0.7760597939580121 0.79758435449673 0.8802244347493976 0.9603978683114146 1.244627875888524
43 430 0.10909533341375124 1.2000586418749521 0.49260464268713955 0.49260464268713955 0.606992677514089 0.6223370858659415 0.669713833698024 0.7298024906355954 0.7745933213459348 0.7981085820673879 0.8554409613504154 0.9970493233096336 1.2000586418749521
44 440 0.09673642030944218 1.1761192383050891 0.49028798699855436 0.49028798699855436 0.6051058459928381 0.6298628168261241 0.6587384621733029 0.720140117963842 0.7613411741980081 0.7966264388761978 0.866597398357833 0.9994056942772963 1.1761192383050891
