% # columns="iteration, evaluation, sigma, void, void,  stds==sigma*sqrt(diag(C))", seed=859542, Mon Mar  9 17:25:47 2020, <python>{}</python>
1 10 0.18754050248628773 0 0 0.1867437719380111 0.1919243991067508 0.19312521443250275 0.18500831642959312 0.1881542967854144 0.1864996757293684 0.1832098189986168 0.18070853249064167 0.18082917374926602 0.1896353644855596
2 20 0.17781136133508135 0 0 0.17310663719353303 0.1805041786725152 0.18195046173099746 0.17487974277885965 0.17507788399769075 0.17548934254722187 0.17329868388816286 0.17072171284182663 0.17184514491050643 0.1799608075777627
3 30 0.17296128712839942 0 0 0.16209969280559564 0.17510527618256844 0.17557830431190027 0.17214940234774487 0.16900697380206484 0.17029855654415227 0.17091411671024018 0.1611779216523 0.16612534617787483 0.17398645295385579
4 40 0.18650386429709884 0 0 0.17431606596883528 0.19055648848412338 0.19111610050209482 0.1879153480820831 0.18917081032196667 0.18474936449674118 0.17943273622825298 0.17147061047459292 0.18063023862988345 0.1830060874503752
5 50 0.2000425842914876 0 0 0.19468152960548307 0.20572364868093787 0.20348274601492608 0.20124539780135559 0.1989184790098353 0.19817808028283793 0.19016597824788384 0.18193847427692356 0.20193289161334543 0.19465128213230076
6 60 0.22114057077053823 0 0 0.2175459956735998 0.23616213725096422 0.2149212584585072 0.2292844813554813 0.2218036949732119 0.21160149047073437 0.2170881512049576 0.19884484719538578 0.2309059273336749 0.2110180762871228
7 70 0.24313790876060576 0 0 0.2394416416007118 0.2792014678151947 0.23100967234990583 0.25765634898748446 0.25190369208193697 0.22489380697819408 0.23341690383811417 0.21535675207581223 0.2555413198144482 0.2352160075627946
8 80 0.26897805215238346 0 0 0.2728676328779494 0.31935636978681653 0.25525104154176864 0.29382814624475173 0.2808126435857375 0.2414012473365672 0.25730067729607026 0.23236847070641617 0.2774934834284827 0.26799575148046345
9 90 0.2920237264947719 0 0 0.305299953398525 0.3437010346772335 0.2781165690221047 0.34672523176539843 0.29260308954996334 0.2617746039700773 0.27294643941342756 0.2508465643505037 0.29789190547093836 0.29121607671736505
10 100 0.3020633316311653 0 0 0.32803823461349013 0.35019954536274955 0.2846420349955829 0.35871689759623837 0.3083767711742657 0.2689662606246001 0.28106839387868976 0.2543533264049019 0.30395110406887627 0.29398920568394155
11 110 0.34517839212272455 0 0 0.38477856713496295 0.40878616854624106 0.3295451411650208 0.4375437754904352 0.35586104616043257 0.3120451999734843 0.3273851500898747 0.2832866176390768 0.3458242499884161 0.3384554851014318
12 120 0.411412361183547 0 0 0.47368260260433726 0.5072281983044962 0.39617433767277555 0.5260586986274686 0.42888243853260555 0.36528555779940686 0.38440010209529174 0.3387951827598275 0.40873638946698904 0.4005474175599659
13 130 0.43637725189164694 0 0 0.5134290050551723 0.5255227987629723 0.41337397482658905 0.55732899472842 0.46769092010104596 0.37206489716772273 0.403047402448097 0.358517387019319 0.43362351691403506 0.4277475484471242
14 140 0.4737799863189324 0 0 0.5452739556451489 0.5456604388591915 0.4541358822531107 0.5806282037630107 0.5127055895890347 0.43736056574738236 0.4345175948857558 0.39474714412305034 0.46641012214712 0.482483193400109
15 150 0.5134498685880582 0 0 0.5742498842713054 0.560132921255333 0.4873816307233117 0.6114104533852168 0.5449924104028991 0.5119337734594135 0.4531193175613063 0.42555567746368667 0.5046127062804234 0.5102965075120418
16 160 0.5532536415387399 0 0 0.6176856853571563 0.5832102830508983 0.5286414723781699 0.644891039165856 0.5867215627759512 0.5594874456659858 0.4815114368389316 0.4692399113443911 0.5585395312478555 0.5511716560100557
17 170 0.5442186339049888 0 0 0.5958221158768312 0.5593680264972375 0.5264831678757799 0.6310952678219058 0.5713909445013431 0.5437395416114633 0.4849544725544883 0.44803041914300645 0.5527428997225954 0.5415978676777224
18 180 0.5172997753334709 0 0 0.5613884438712189 0.5353440867421372 0.4985432213691854 0.5927237587010176 0.5480134025971299 0.49545888760281026 0.4612148227661315 0.42782691201413675 0.5220377430738312 0.5011243602050613
19 190 0.504018034464611 0 0 0.5473803668077873 0.5207601873740657 0.49004436087290226 0.5300125004749466 0.5222569413779662 0.4851974704434254 0.44793467980696755 0.41924158005249695 0.5094903276149205 0.4914742419700841
20 200 0.485162657912759 0 0 0.5137255184560303 0.5027059993361801 0.45098428045444866 0.5080357582677284 0.4904050193306282 0.4661925668152248 0.435959983091394 0.40685788471650114 0.48554708335077157 0.4746824196576217
21 210 0.4646323263988882 0 0 0.47802441660229805 0.46579282417724616 0.41889594829220994 0.49057984151124967 0.466987224717551 0.4472071610268537 0.4255258042780306 0.3863838865905576 0.4593324038339242 0.4545328567682147
22 220 0.4491432113495957 0 0 0.45729837495814896 0.44452703400660204 0.40296133320023064 0.4673085051588051 0.45695096929641005 0.43110055350241244 0.4072561374303242 0.3765188224873098 0.42794671751068325 0.4314772310142226
23 230 0.42663597553023486 0 0 0.43286954044838444 0.4131070003381083 0.374810263324876 0.4305378354272068 0.4345186674581798 0.4021174928918034 0.38235816870972084 0.36650423633775625 0.4057966757174674 0.4064016478218185
24 240 0.38208835478869163 0 0 0.3728014150062712 0.3742511519938233 0.33541911738521796 0.3880195748987684 0.37914714399975646 0.34481645413588696 0.33384946252559144 0.3308255517308472 0.3620963737429375 0.3642374279140764
25 250 0.36224406572183426 0 0 0.35053521372011626 0.3599041843984073 0.3198426165109475 0.35619764793301467 0.34926873713014656 0.32140680589931897 0.32000567340271 0.3066172387609347 0.34376300866534415 0.3424278969106712
26 260 0.3376502561292859 0 0 0.32648472472176465 0.3375646671693666 0.29515159369299404 0.3298093165072585 0.3171082979784142 0.298264308291125 0.29439375934685913 0.283997911306495 0.32169415453972733 0.30893161422555526
27 270 0.297233513407301 0 0 0.2855020829880868 0.29086418241331424 0.25524325588400815 0.2946793307038956 0.27696097391481517 0.25748495242938924 0.25264052658180425 0.2442620883560469 0.28073850450279403 0.2716963880913209
28 280 0.25314445673436875 0 0 0.2412956394452092 0.2494664099142606 0.21697063270800326 0.23788490940388238 0.23528638878422298 0.2186601298554541 0.21096826255019052 0.20488140975440375 0.23682533563088948 0.229616913066435
29 290 0.2337879817367169 0 0 0.21963741042146873 0.2247315357787876 0.20080221209167234 0.21972642898279676 0.2129473299737515 0.19880090251201055 0.19929500281562948 0.18468480254980618 0.2139115003920219 0.21190853580128952
30 300 0.21590316956600786 0 0 0.19295326856093262 0.20447842349246093 0.18379761164161879 0.2010186437102738 0.19538569849388415 0.18047458465923116 0.18355740042680438 0.16831276992083574 0.19465867903166464 0.1944769319409094
31 310 0.21630031877098924 0 0 0.1924567057062389 0.2043216020807434 0.18392406559394092 0.19721532902628092 0.19872699587227083 0.17727192114632545 0.18129378246366645 0.1691295772106724 0.19047469164833708 0.1979902387736803
32 320 0.212731347876291 0 0 0.18431283144076527 0.1963354971695013 0.18550265142844338 0.1939511217064478 0.19354530015510127 0.16782434008834654 0.1764261749624358 0.16853712648072028 0.18797215182956917 0.18837332623306943
33 330 0.20838647854973685 0 0 0.17447958502394423 0.19170612719975336 0.18564929082688345 0.18905550151533998 0.1895882462524085 0.161933447994467 0.17106321301976998 0.16453914106820006 0.1815660374541265 0.18162501436878356
34 340 0.19790446900513875 0 0 0.16392557341980277 0.1826262246857049 0.17692639770812735 0.17758018621360938 0.17994393181867713 0.15107095396040515 0.1650356896961869 0.15606266656956258 0.16745779254628199 0.17060410877397209
35 350 0.1778916845555828 0 0 0.14637273997444192 0.16188724828310966 0.16021345979520682 0.15808395115503915 0.16009276916183637 0.13470339074982443 0.15083034269059148 0.13756005528268775 0.147135274933193 0.15000648601869562
36 360 0.17201654485879542 0 0 0.13820423900391196 0.15805035168544757 0.15735969076774337 0.14721988221345192 0.15310766510931145 0.1349081466430904 0.14587833475271467 0.13158486981201156 0.14008338256793487 0.14589265932997927
37 370 0.1672490389506861 0 0 0.13455851292274448 0.1540407728228086 0.15499961210946603 0.13659635467599243 0.14456678992731847 0.12873716215879003 0.1434922042878194 0.12664724426314583 0.1358424353450742 0.1388477744560621
38 380 0.16035401309007918 0 0 0.13115843139653732 0.14936751975823614 0.14817049546408248 0.1279456579241535 0.13782470075755962 0.1200526060232033 0.13553042476770663 0.11975721094677444 0.12341573034246277 0.13552178005396803
39 390 0.14733721065015234 0 0 0.12126366732697456 0.1380869989737389 0.13820895920022325 0.11837799037790654 0.12639660465596325 0.11138189347593416 0.12468337661621691 0.10961655116808444 0.1124091768723977 0.11822675271331189
40 400 0.1366770494147371 0 0 0.10974900959365505 0.12568201202849896 0.12689932319996242 0.10966717624270003 0.11536267119253012 0.101487856714638 0.11339222827406459 0.10197301542275992 0.10202973761528718 0.11076527366911423
41 410 0.12173606232498052 0 0 0.09738023603336915 0.11150877430128857 0.1129425037277107 0.0978439367196437 0.09895433553446566 0.09025085097817191 0.09793121320451251 0.08942334535247848 0.09046385368791036 0.09796576904001807
42 420 0.11402389323214895 0 0 0.09037193721136053 0.10317292140350041 0.10413710248263525 0.0914017082316988 0.09465800239087446 0.08475767332114034 0.08993838017459986 0.07961062818487846 0.0846023745013002 0.09353780407672181
43 430 0.11687852584334449 0 0 0.09278594796871363 0.10397148388416977 0.11279184455619495 0.0934420337984793 0.09669114635329017 0.08679865927154833 0.09339053426432078 0.07954229073050825 0.08349276096112916 0.09401742873859936
44 440 0.11659282889092458 0 0 0.09255093319557155 0.1038323951207342 0.1109361662731718 0.09251769787872746 0.0960046344245093 0.08631652252190754 0.09213239150446588 0.08053361064691897 0.0838861623126933 0.09226630295749663
45 450 0.10952643261993732 0 0 0.08801941978586893 0.09490894315656018 0.10517460718158117 0.08502556090866206 0.08985305274169977 0.08020832335270123 0.08713078908524538 0.07590822302600603 0.07780982304961548 0.08420475181114885
46 460 0.10110787033146788 0 0 0.08093921679295916 0.08791398534505507 0.09672917257872024 0.07921025276404545 0.0837480524778346 0.07369889687451826 0.08188214217951706 0.07042106616339482 0.06950012235995212 0.07321756753008758
47 470 0.09306444936966353 0 0 0.07397611520556718 0.0813912454431601 0.08759476978025685 0.07293360201746528 0.07776384704635073 0.06653952127904642 0.07378705004719467 0.06492165670573054 0.06497316224684938 0.06620929315306544
48 480 0.09301582343925305 0 0 0.07408088735931216 0.08047388438080137 0.08481755914541307 0.07158098240308741 0.08004520527404478 0.06665346923656217 0.07303537040479327 0.06576236093093935 0.06334313986454222 0.06860654202584712
49 490 0.09581189433590614 0 0 0.07669916087975998 0.08253897885058384 0.0853573947832448 0.07255597343311747 0.08327927462456347 0.06941838301404349 0.07498000696452616 0.07223799158669288 0.06402613455087834 0.06992906439745998
50 500 0.09259041829306829 0 0 0.07265193509927653 0.08029435998977186 0.08257147128880143 0.06867235143679602 0.07927873543427258 0.06659741269127187 0.0722531642783047 0.07119764216239648 0.06168343236485643 0.06308821940824069
51 510 0.09182956435076724 0 0 0.07143297351062719 0.08059572966318868 0.08302734641869619 0.06847012328930184 0.07786527638721223 0.06491334166813938 0.0711805469040708 0.07014603080481559 0.060322095899559086 0.06075963778462492
52 520 0.08320981642513903 0 0 0.0645915073614137 0.0727894289389447 0.07501568301251516 0.061123215766981244 0.06985319700848355 0.05714430131734571 0.0625413671773375 0.0619504404451094 0.05568363210818027 0.054864750172276495
53 530 0.07857389035605104 0 0 0.0605492391382199 0.06867840450067182 0.07023142129144597 0.05726654909772607 0.06410716103534299 0.05356695288505106 0.0600424575439138 0.057956963257147956 0.05238661833104575 0.05158096968713907
54 540 0.07520830710246118 0 0 0.05700016932971851 0.0661311859964417 0.06674822730274946 0.055915438243462366 0.06107241041770582 0.052129108630772844 0.05696042559920228 0.053372668794116715 0.050016372626910076 0.049169124165447796
55 550 0.07146021715968615 0 0 0.05427672942675511 0.06273493699613403 0.06286229565163232 0.05346155782099621 0.05774553956721611 0.04793778851320611 0.05471508703490129 0.0510557434716582 0.04703942143775061 0.04531293680736756
56 560 0.07230034890740054 0 0 0.05475149816168179 0.06283251766270806 0.06612963697087902 0.053119102116463104 0.058908921703238436 0.047775502439986184 0.05536016364595952 0.05179881396336194 0.045378762639843764 0.04631850616228873
57 570 0.07717075499934509 0 0 0.05750734733773805 0.06707256642195593 0.06985456854122789 0.05541288991004847 0.06289096153500566 0.053201983823924465 0.058478413811416455 0.054296799986728685 0.04787565521080574 0.050993214000169734
58 580 0.08259575545875987 0 0 0.060654063792337384 0.07223035733705357 0.07705196988018614 0.060013085048015356 0.0662856136763245 0.05601636595544068 0.06160801862906562 0.05752817652808469 0.05197079224506126 0.055061662060005935
59 590 0.08250531127991782 0 0 0.06038865796539395 0.07198425086559965 0.0763263321884035 0.0590207235624383 0.0652951311509051 0.05480973534591899 0.0611903598389456 0.05724878762242441 0.05189585206373611 0.054041205131597866
60 600 0.0771865067284803 0 0 0.05564682732450493 0.06809829803417201 0.07170196729229043 0.05502170656547227 0.060620609850227034 0.05065567195734725 0.055982093697297924 0.051661059246127315 0.04771725447485128 0.05008813950900645
61 610 0.07293204089863699 0 0 0.05166999538631826 0.06149904135136699 0.06692660312730984 0.05129684905527563 0.05716868208784105 0.04694503897937177 0.05443576098843625 0.04881647950578033 0.043924752439423946 0.047214873603427625
62 620 0.07288522432006707 0 0 0.0523158710171792 0.06398284596284366 0.06561443327057392 0.05135329233861512 0.05727315673829883 0.04637284916147953 0.05368273236583409 0.048961819350751556 0.04325653431160386 0.046241619480183814
63 630 0.06891340555501684 0 0 0.04939166001779158 0.060149361389075826 0.059920255263962746 0.048745104623874 0.05149888364144089 0.04345218721278388 0.049524456046896904 0.04594905440751811 0.041996876634944294 0.04366771430558684
64 640 0.06652671155928304 0 0 0.04775274208965051 0.05783673791455019 0.0577546136050032 0.04596592930376147 0.04816795703927297 0.042066266450537924 0.048247170307181474 0.044150998327890184 0.04000226242724166 0.04038254426555822
65 650 0.06321972215784588 0 0 0.0452746578081977 0.05560889921119708 0.05422817437269155 0.0430032255720974 0.04590132593055947 0.04099263976456373 0.044814744812081184 0.04220192916716135 0.03722949676399438 0.03797946520083333
66 660 0.0577833114392694 0 0 0.04142012068826193 0.05097255691838692 0.048796251993327794 0.039487590877397435 0.041640539126038996 0.037680060370332044 0.03937848063950278 0.038271689998513894 0.032710307611778275 0.0347098595094602
67 670 0.055818011642712176 0 0 0.0396663708487758 0.04908844999229548 0.046452919658541265 0.038206250843992616 0.03966591442992083 0.03541234716849567 0.037340804891272374 0.037290167895070114 0.030863840165946867 0.03371956023172822
68 680 0.05078231273854705 0 0 0.03593590387907145 0.043790720809264994 0.042679608114084326 0.03476231564626791 0.035376657300795 0.03206242498755303 0.03383362070204604 0.03409799226186318 0.027427364829298216 0.029947054768008474
69 690 0.046276167902728385 0 0 0.03251260457028314 0.039814695403308356 0.03863449253531556 0.03169516800266405 0.03225809072120325 0.028546369644562655 0.03007741688380278 0.029739502060286412 0.0247780779442421 0.027266092972628622
70 700 0.040488311333949666 0 0 0.028049064248630608 0.03396145860782191 0.03355017158655775 0.027775757657518052 0.02831386824514948 0.02471741395261434 0.02594984338782628 0.02515287601106738 0.021676186616869108 0.023143190970198013
71 710 0.037057350148499854 0 0 0.02560511102953294 0.030849188758408728 0.030423398658549778 0.02532974044100283 0.025785867272613276 0.022018540863320602 0.023415713396087535 0.02308188085546542 0.019917741902722903 0.020976884924779032
72 720 0.034126353405309444 0 0 0.02359417489323547 0.028049615189436158 0.027392116200378312 0.022445369567605747 0.023385046875782713 0.02025247079646646 0.021900762972640087 0.021077047433234932 0.01816476873899413 0.019173529788964222
73 730 0.03199372226369202 0 0 0.021116532276862252 0.025419929504070436 0.025576375556075743 0.021257900326252938 0.0217261908931519 0.018874498722899764 0.020517126768618287 0.0195159718104332 0.017052673136545914 0.018045816589229383
74 740 0.030040391305551705 0 0 0.01950313531756676 0.023404940228670366 0.02428771970479073 0.019633162808272576 0.020445424435269765 0.017891427804816187 0.019221237347212903 0.017746662027148457 0.015971896483785882 0.016972672650235908
75 750 0.027551090859424414 0 0 0.017750840359614026 0.021191089883580337 0.022071785293024632 0.017921459208816513 0.018348811941450247 0.01643289715593619 0.017716148523970913 0.016333890995999863 0.014339832459942742 0.0154355240764682
76 760 0.02496470370751731 0 0 0.015984678961785206 0.018472373413695033 0.019729614925365496 0.016120820518445853 0.01645268759348209 0.014812728098965116 0.016072520249934916 0.014781805251440367 0.012666587113635826 0.014044993859609563
77 770 0.022956160526630874 0 0 0.014483045310620219 0.016955115644434287 0.017538571860426927 0.014723611886410045 0.014803424858234753 0.013621256514255074 0.01513293238832675 0.013471656400296782 0.011743096378437635 0.012869392766914175
78 780 0.024133368487226296 0 0 0.015907820478325285 0.01758032318973293 0.01844364787637781 0.015410062346652669 0.015562274194911272 0.014033114921533897 0.015864512987605193 0.013863058009176664 0.012486126328023914 0.013414518130881403
79 790 0.02423114984759689 0 0 0.015773689603249378 0.017623656389753703 0.01809766921529023 0.015308902054923185 0.015224055607498739 0.01401595253833766 0.015576503146570083 0.013927776812232354 0.01257558767944593 0.013440570786441628
80 800 0.02403789276360267 0 0 0.016000751333606292 0.01688425117668291 0.01772246671769166 0.014864317296012002 0.01504390688262521 0.014161962375555351 0.015468241210018567 0.013888054387588505 0.012322594348044027 0.01312859089478356
81 810 0.022982110654139066 0 0 0.015647338797880116 0.01617091454104095 0.016365596730615682 0.014145717957008775 0.014536518605537731 0.013201386443174352 0.014848022386505915 0.013162766519527722 0.011497728470770801 0.012530441006657653
82 820 0.02176082512704017 0 0 0.01500077553743663 0.015256617012927607 0.015300356520650454 0.012644704160239774 0.01377336708870949 0.01208400056894394 0.013941792002523242 0.012648021031568682 0.01073254007587589 0.01181802902194717
83 830 0.018992011533103682 0 0 0.012804154120540704 0.013146088357674765 0.013290258247867337 0.010655389513223716 0.011857411821015936 0.010559567086169709 0.012093220917491175 0.011109154905952533 0.009503547715994657 0.010121918417084312
84 840 0.017267228931735032 0 0 0.011589201701070983 0.011895597555516405 0.012090307790526039 0.009692250100497969 0.010356452975553354 0.009600533053069658 0.010751243542520317 0.010053040351258324 0.008915045375226058 0.009137799049910413
85 850 0.0164169359784929 0 0 0.010942988662140683 0.011109705673552734 0.011015152637241976 0.009141077704379224 0.009800665908653299 0.00894262519522033 0.01009560920606503 0.009528666352544828 0.008568274865093754 0.008675555829824577
86 860 0.0158006214156245 0 0 0.010260447509938026 0.010377362554000978 0.010830075274903499 0.008553906520155133 0.009559693284741749 0.008589066081968388 0.009715628758433134 0.00905048013969766 0.008188910827055498 0.0082990369343525
87 870 0.013836020445758355 0 0 0.008838888421583273 0.00917371894440406 0.009483766834818361 0.0074322947785392815 0.008312241138774691 0.007363596724390806 0.008179338007841676 0.007898335432356116 0.007125745450072543 0.007103486591705874
88 880 0.012555966104142922 0 0 0.008030448562334406 0.008238332847318251 0.008614006294408304 0.006776428916082725 0.0072568537431846 0.0066334845341017145 0.007354323777728696 0.006956866977815126 0.00646169812097021 0.0063629524409850495
89 890 0.011377400153310202 0 0 0.007219494117379411 0.007361331409352059 0.007857572348294232 0.006111667955150151 0.006474023722116367 0.005724427736239481 0.006609044794045628 0.006252658256306741 0.005813749807210897 0.0056419881075952995
90 900 0.011033800149941694 0 0 0.007133738439030305 0.0070163203963537575 0.0073785715051975925 0.005975023523746103 0.006281173904916708 0.005568091974327705 0.006347652511337441 0.006043262229978367 0.005792679388658545 0.005456775992413515
91 910 0.010542695371848244 0 0 0.006849350556725388 0.00672539593896276 0.006890032044122643 0.005740324834402797 0.005896747261866142 0.005351086579175724 0.0058237780504905795 0.00565025132538661 0.005542834491505577 0.005208839330743591
92 920 0.010530893245676664 0 0 0.00668222386572024 0.0065577295770899765 0.006770489980842753 0.005738950295775535 0.006054799931616154 0.0053621782684007534 0.005728439237017527 0.005672421408748809 0.0054605130474691095 0.00509071781440417
93 930 0.010339095259442316 0 0 0.006490863169927209 0.006172912074872574 0.006574094507884801 0.0055503075607386725 0.0059467370885781055 0.0052246915307996526 0.00564863576697481 0.005499933047415343 0.0053157811323197085 0.0050306835606970385
94 940 0.010984002611337607 0 0 0.006902686343880928 0.006616032936798075 0.006927871620610701 0.005838610251437473 0.0062028568524563005 0.0054416442188980835 0.0061835572905390825 0.005782674941782884 0.005828521751803037 0.005334195244635213
95 950 0.0103120551041516 0 0 0.006492491308733466 0.006300756821242518 0.006341501161342751 0.0054705116693146835 0.005767722216495863 0.005101131656902501 0.005774539533617898 0.0053389327904330795 0.005475145790809894 0.004890883143810993
96 960 0.010315678337127447 0 0 0.006213518368009234 0.00627303964096395 0.006203577268083176 0.005499899233043843 0.005802982689046537 0.0051069576486152376 0.005764701113999439 0.0053384329776055605 0.005620351325836923 0.005071138346308598
97 970 0.009579946906884181 0 0 0.005736596545201725 0.005867069635443144 0.005680184967309009 0.0050102784494433636 0.0052820801289210455 0.004626973040255148 0.005310860709550951 0.004857321013396088 0.005190602641665171 0.004695076253144511
98 980 0.00865686963079209 0 0 0.005145470904376079 0.00509856974847456 0.0050377121844775875 0.004446842446721428 0.0046610473929995936 0.004166774165020502 0.004774828288475001 0.004219676230592857 0.004698570672064792 0.004194599842526918
99 990 0.00786538046875883 0 0 0.004589831803927134 0.004619224159128239 0.004542048631925629 0.0039380318543809556 0.004170433738554928 0.0037901735161325013 0.004302117753801826 0.003800407253538862 0.004159741739533957 0.003747569663193803
100 1000 0.007541914871200711 0 0 0.00439688264304702 0.004418463419974424 0.004318838769986676 0.0037863523999222552 0.0039260138055451105 0.003664834335889945 0.004120643172066424 0.00365324126397797 0.0038466654980655727 0.003533739185638792
101 1010 0.0070775870337081255 0 0 0.004004627290048486 0.004120626087369262 0.003970153374844507 0.003556574693911179 0.0036186547843580353 0.0034499146768639495 0.0037695475362989838 0.0034324838351740485 0.0036095735025024537 0.0033486643764408107
102 1020 0.006806875814305051 0 0 0.0038802074697474593 0.00387924629414388 0.0035021668122252503 0.00338065682688957 0.003520053589401356 0.0033485483451826913 0.0036672609092594176 0.0033056226941702445 0.0034681675636903347 0.0032372360256840657
103 1030 0.00624314522043752 0 0 0.0035308915729121287 0.0035246323484827385 0.00324663314953441 0.003081158978861908 0.003220786586650426 0.003063866596585326 0.0031931456766789235 0.003009833907330009 0.0031868724989799683 0.0029252670463761187
104 1040 0.005640792156477904 0 0 0.003213473100411458 0.00316602476705255 0.002995267061092747 0.0026982892396082837 0.002887292019840697 0.0027893627343885345 0.002850616320535091 0.0026569945157810804 0.00286808574978899 0.0026219333855256226
105 1050 0.005600464893315187 0 0 0.0031355669376336246 0.003139665049385253 0.0029484547290941857 0.002733805275065057 0.002864448860715498 0.002725425438760014 0.0027982504627440813 0.002626567408021748 0.0028291323539750206 0.002638715899590192
106 1060 0.005428382696855333 0 0 0.002979113197491332 0.0029653023073345657 0.002780330895790683 0.0026718120318750815 0.0028226711474003316 0.0026195452075583278 0.002726727120235739 0.002558003223885663 0.0027303985169367904 0.0026205422166412215
107 1070 0.005100336686191091 0 0 0.0027577805234525856 0.0026888220258596573 0.002572509372792016 0.0024968550040096386 0.002701519859162608 0.002464687203506817 0.002537835069448506 0.0023301255674321644 0.0025033844032817504 0.002450873828732402
108 1080 0.0047204524223914725 0 0 0.002550256364116136 0.0024763646241416325 0.00236653112226115 0.0023140695285362644 0.0024949413036023456 0.0022283641993022293 0.002400789275131941 0.002136888434634038 0.0022771635192468244 0.0022725538353160564
109 1090 0.0045737967818837415 0 0 0.0024907097840502117 0.0024042334665581107 0.00225924778176269 0.002301061167207904 0.002367157553582505 0.0021473247524107122 0.0022887247175078403 0.0020892830976746188 0.0021850768116240616 0.0021480988765650343
110 1100 0.004202728798068982 0 0 0.0022244176079014707 0.002110861337034961 0.0020649957063070224 0.002115842539806956 0.002117367149466425 0.001936630842032579 0.002066187263657241 0.0019000997385376346 0.002003684462894112 0.001967072739876661
111 1110 0.003899266881802303 0 0 0.0020800062483638205 0.0019316301462631673 0.0018659980311001322 0.001923327224175596 0.001927625983409616 0.0018092119231964189 0.0018930620479881873 0.0017316507561752036 0.001894459198815093 0.0018278517517088355
112 1120 0.004150913340536453 0 0 0.0021476741131694157 0.002053433266878482 0.0020283221187461847 0.002063066786775401 0.002091182693861237 0.0020315212094897347 0.0020044317304203406 0.0018130036483729873 0.0020290643155744755 0.0019371561220786078
113 1130 0.004173216525201189 0 0 0.0021160196014865496 0.0020301433177940735 0.0021015177631295164 0.0020814246746969976 0.001985749499810202 0.0019923336722290704 0.0020074614742236533 0.0018087892881140813 0.002084039982517046 0.0019329641954062293
114 1140 0.003966036305607998 0 0 0.0019902746360282737 0.0019274993250344027 0.0019907984376862824 0.0019433129442085278 0.0018708158429934806 0.001893707410131048 0.0018506444813807892 0.0017064833804694456 0.0019500872143074295 0.001834704369163115
115 1150 0.0036377745798942237 0 0 0.001805386481812539 0.00175905959693988 0.0018362190603580608 0.001755546135911264 0.0017160911358235016 0.0017097950295037177 0.0016742101373847496 0.0015693494059890742 0.0017278513820819222 0.001668999086598929
116 1160 0.0036556300036687515 0 0 0.001790488851949917 0.0017163284079954337 0.0018098914896052833 0.0017750189972835458 0.0017086913040759515 0.0017359823193110547 0.0016884913305912008 0.0015886012558531618 0.0017552034138885227 0.0016736648123479058
117 1170 0.003358179309929491 0 0 0.00164942193723392 0.00158017102573061 0.001627097490201046 0.0015631502387989512 0.0015298572262796254 0.0015799740794447297 0.0015339451247277148 0.001444271758693113 0.001591471889914981 0.0015393329465473679
118 1180 0.0030671079529784257 0 0 0.0014896445345242895 0.0014475135587133938 0.0014664082012004695 0.0014021144567859026 0.0013534111248273014 0.0014598448938628835 0.0014078519201112607 0.001344205179229477 0.0014361397522902066 0.001375956628072065
119 1190 0.0028308093908773597 0 0 0.0013521928184384727 0.0013291170954285321 0.001340986306967081 0.0013140946654722934 0.0012151427772103046 0.0013428348021676843 0.0012292323000508848 0.0012499620281446024 0.001325782313717424 0.0012671572335549296
120 1200 0.002539975884488925 0 0 0.0012102860929573986 0.001174610258670819 0.0011700712515983844 0.00117070085474968 0.0010841790320612083 0.0012103414581051087 0.0010910308779320894 0.0010857077560273505 0.0011807737321162868 0.0011409624950332552
121 1210 0.0024889811465231763 0 0 0.001234484145883963 0.0011149865875597794 0.0011249941482486315 0.0011404008999632827 0.0010734967000548864 0.0011675488899931619 0.0010460111297020415 0.0010330548679459428 0.001171487456600152 0.0011182602755477234
122 1220 0.0022375928176707163 0 0 0.0011017603973731466 0.0009629607537736901 0.0009859126120197504 0.0010268954269146877 0.0009534449095023049 0.0010474023598947707 0.0009461569045392948 0.0009230946835745827 0.0010169744152572157 0.0010003068439249307
123 1230 0.001959205193145914 0 0 0.0009638428057931572 0.0008284573417554183 0.000859893912103871 0.0008951398788740204 0.0008349028602592366 0.0009189214829626656 0.0008281430361944194 0.0007788888129265438 0.0008762947848821993 0.0008635190617285401
124 1240 0.0018242222157749436 0 0 0.0009094042156352202 0.0007566738655989181 0.0007904318414667327 0.0008204078365093031 0.0007731211400527655 0.0008415780397724063 0.0007655586571816162 0.0007187844730357279 0.0008015933570636387 0.0007893172442166829
125 1250 0.0017754092104207697 0 0 0.0008328292104054846 0.0007249673465009469 0.0007708005371032425 0.0008091985545275576 0.0007609201027045357 0.0008200707176736934 0.0007506503817739451 0.0006937752542773291 0.0007606284553852698 0.0007591764263728989
