% # columns="iteration, evaluation, void, void, void, xmean", seed=1023427, Wed Mar 11 16:01:13 2020, <python>{}</python> # scaling_of_variables: 1, typical_x: 0
1 10 0 0 0 -0.7552244866491757 -1.0514876083158704 -0.9287747416910961 -0.8937365161329076 -1.0207073067211891 -1.0374029987509583 -0.8795490763416108 -0.9931205501641183 -0.9282938998156581 -1.1580575201398338
2 20 0 0 0 -0.5899205219599868 -1.003425356545054 -0.9471236590435427 -0.8896496702462029 -1.2212368757346006 -0.8183180196014276 -0.9347688871250581 -0.9105525898050446 -0.8505839274333767 -1.154713875937093
3 30 0 0 0 -0.5059313278167826 -0.9259090616247938 -0.9687397288338043 -1.0495021828732127 -1.155097617875322 -0.6656689650809616 -0.9474283501714375 -0.9296157073678255 -0.7985074013163368 -1.1875782857992183
4 40 0 0 0 -0.2256615753853518 -0.7358238735973014 -0.9105776243431896 -0.7983728339540388 -1.1517370089420924 -0.5666087661015649 -0.8654519143914695 -0.8995631004459196 -0.6667060763848557 -1.3206145925367139
5 50 0 0 0 0.06834153486342665 -0.5535157846242517 -0.9259284440538664 -0.7708120276814642 -1.146562869333827 -0.3119319419493722 -0.8216730307388834 -0.9306571496785707 -0.4951805270452443 -1.1932758669817425
6 60 0 0 0 0.11656230075507126 -0.3984593031643013 -0.8303980854020437 -0.7109395579206641 -1.0508754230469246 -0.09154793480176299 -0.7334232027291502 -0.8132030726742808 -0.22190417112777933 -1.2003059902488264
7 70 0 0 0 0.32765154993618417 -0.25796543396968374 -0.7358333761890622 -0.6753721608034297 -0.8970692637125812 0.27726105461033124 -0.6660994601271268 -0.6480066220088385 0.1423715439050917 -1.282411071883798
8 80 0 0 0 0.1769226528496106 -0.39995737034278983 -0.4321800609236737 -0.2902185196278094 -0.9249222288928369 0.15443950618711946 -0.398883312694882 -0.17903381466106622 -0.3606347276580543 -1.1240109612384037
9 90 0 0 0 0.2966807357654495 -0.27328567056854347 -0.2987109293103939 -0.17002564016463662 -0.7978785735799335 0.4228079639564488 -0.2408900896030726 -0.1915707214659993 -0.3674093920950545 -1.2211165723038753
10 100 0 0 0 0.3469309697183822 -0.054743144991277026 0.016893989831064993 0.14025777732884281 -0.7538114578689573 0.7234140546017712 0.056316308157329326 -0.3850479440570655 0.1399532450026556 -0.8230252471641566
11 110 0 0 0 0.5329759338851319 -0.22207781611527788 -0.02805617580253325 -0.12895256987454817 -0.2030544838686319 0.7414092853353234 0.1847763425907864 -0.13802140647090855 0.2726187644061418 -0.31849849726398505
12 120 0 0 0 0.262691353975481 -0.4826489585206216 0.4392816511119232 0.15088690882777134 0.02413172822633991 0.7910380245067533 0.6732244574798957 -0.21524075735826814 0.35165523999120163 0.006167868221998496
13 130 0 0 0 0.22394920031512208 -0.38918763625821456 0.6304052493020499 0.26633334241287204 -0.06440234213892373 0.8943488818971579 0.7136405276827908 -0.5578429565560181 0.3593960880539557 -0.19023843138491672
14 140 0 0 0 0.6385363045674911 0.4227023974870206 0.04669632533107182 0.05897876736790647 -0.00980548790651433 0.9658155557580462 0.4376479407884459 -0.14986600011931145 0.5136774821086758 0.09630014111518856
15 150 0 0 0 0.4841667870800428 -0.15455937555784022 0.2460728293126619 -0.062348491643794246 0.41193150135392986 0.3682556263600981 1.0038264803080075 0.16371420755545568 0.3895095621609106 0.3751368844131867
16 160 0 0 0 0.13895874851210377 0.016259428123856473 0.5379046870578811 -0.42129886635851577 0.16377478058471925 0.28637359051287126 0.9660788550730895 0.018630184576250874 0.05400611003076605 0.375029134592808
17 170 0 0 0 -0.05588088119347101 0.3026976503667581 0.5794118729051757 -0.3402703575954054 0.09593626017725305 0.27177115951745934 0.7854864678121157 0.001046957818595217 0.46066614937645456 0.48042463467579655
18 180 0 0 0 -0.15791120427353722 0.2940722789821808 0.57255826580997 -0.005176426026221981 0.3554813293670354 0.16731535797222452 0.47383401178492807 -0.03685160058249312 0.18910683437103837 0.5475298925195347
19 190 0 0 0 0.22058460452741252 0.25066291643290495 0.14770447870917752 0.1870594296572348 0.24149714092682026 0.27273756690426026 0.6736039801017225 0.34060060106544043 0.22303083276291044 0.31612189620611664
20 200 0 0 0 0.49703254916377915 0.263346905193573 0.30274368848145544 0.34732897340169744 0.141981607745876 0.41819997398418823 0.5087862180364454 0.34395927899601525 0.2303745595303037 0.3292533205188535
21 210 0 0 0 0.4453678783503007 0.2864101899207801 -0.028386852237502203 0.46255128809941315 0.012282557243178782 0.25610314495882053 0.49527406838637283 0.5226562692480315 0.07859214845060272 0.3975308940055693
22 220 0 0 0 0.44892538392628256 0.31873074457080536 0.34682703878707233 0.5347223139254398 0.1586454559723296 -0.01716184138258986 0.44081561544446296 0.2990924251604056 0.28417694512090197 0.39132938548706514
23 230 0 0 0 0.5312366767558324 0.18810195903064075 0.5220980528155079 0.3769438167728576 0.1791706002822477 0.1965920885365756 0.3105041383981374 0.5398557899310341 0.16210149356568754 0.5557313525312467
24 240 0 0 0 0.31689769789049727 0.261928165662781 0.30655074678939087 0.11919847524042493 -0.055470902260273874 0.1348104110948755 0.1855851841925502 0.4338632751368094 0.3911780949463358 0.4804677595929814
25 250 0 0 0 0.2816434432249628 0.16701388252459443 0.2304688219145468 0.00025827271334355473 -0.09681608985329115 0.1437233235234357 0.0916270569633688 0.5093939436823156 0.10477956548639739 0.3395153606435598
26 260 0 0 0 0.29895029177012333 0.20810877802840425 0.27776732681483596 0.14616691753287303 -0.12070062510203344 0.2829377158060514 0.20123579563125846 0.4690975925767181 0.22578318189898094 0.3786311143042655
27 270 0 0 0 0.14265791111765386 0.15144526495930652 0.2520891159183798 0.04701507694271087 -0.09663568088724626 0.1921251364165622 0.17524540839083244 0.4247728516844209 0.2726348346778293 0.18030033366680082
28 280 0 0 0 0.23782269176757231 0.23832922467035056 0.3023320125537107 -0.00544680288573908 -0.010091425478924013 0.14231164469372287 0.08513147652374885 0.3119497330717105 0.33083603702936 0.2308449381708752
29 290 0 0 0 0.17760959656828285 0.20624543244738872 0.3299565556772749 0.0995884768770674 -0.008190615792083697 0.12991596563648883 0.13017247178865526 0.22464454977853596 0.2991344815720788 0.24622631288242877
30 300 0 0 0 0.1693122646316451 0.281067797939066 0.23905728889489503 0.21732796797124604 0.05827357171777401 0.0864705219343383 0.2162729295064905 0.26376556858643924 0.36392639269574834 0.2760136195355998
31 310 0 0 0 0.14772653475588562 0.2620111883314733 0.23260608706466904 0.05899579617790382 0.03416022816114364 0.07968961966420099 0.1236491392510701 0.22531098275336403 0.31084742322472125 0.14409776205596742
32 320 0 0 0 0.1253431043836968 0.33056814759176406 0.26589559144719405 0.027527947551347194 0.10891215942321555 0.07322366072886566 0.15439945349024772 0.20658089718778874 0.2434234040716856 0.13947365192982136
33 330 0 0 0 0.1796590884313409 0.4034293216715467 0.2645585611929837 0.14312021571521263 0.10120687438417884 0.12830099263207442 0.1254133262911525 0.2277368810677456 0.216530965640244 0.18127448806877933
34 340 0 0 0 0.31067180598467004 0.2897548169676141 0.29399486901610045 0.17490200782621326 0.15512931974570388 0.13713704703931687 0.12453355497558095 0.16202833220537988 0.15821480687462663 0.283290187190922
35 350 0 0 0 0.3245686541237432 0.23464969058057344 0.21096718619996765 0.16055780687131133 0.0960291123982215 0.06768360823522697 0.016483827679134297 0.168759104189749 0.11149760512869139 0.1162375661189044
36 360 0 0 0 0.2971380589808378 0.2588385889722439 0.09560062434683862 0.1971922411623752 0.05342417071082471 0.0795461778489658 -0.02135286557170446 0.17691437684587047 0.09681400357302704 0.0528372101279809
37 370 0 0 0 0.30522654093804175 0.20952622117081585 0.030271700119067643 0.20008422578847762 0.09671058097757644 -0.020881844314847423 -0.07749681446526262 0.12684174135167567 0.11807059095060483 0.09136292260019262
38 380 0 0 0 0.251562148394796 0.16202467587589886 0.06716595307198098 0.2180127536684066 0.10480549372738243 0.10268901862514739 0.008933738394276206 0.14691979710110098 0.2016964861342146 0.09160390776547757
39 390 0 0 0 0.1775207643800581 0.12329683322728761 -0.0188022989706306 0.19265502751981017 0.08669885481989002 0.09109805850425462 0.08181204819438244 0.19949722101287853 0.25298192659293495 0.09753193024943449
40 400 0 0 0 0.1170007782009218 0.10715387560464396 0.023192868729616817 0.19561092967401655 0.11863329685582602 0.05456322521036511 0.11994663727002944 0.11819910650106843 0.2682181646399949 0.09044734007413398
41 410 0 0 0 0.05744257880956483 0.12575832813947668 0.10335791391528155 0.1624633261627388 0.09216866405106505 0.06524551384333711 0.09238216385436318 0.19155818517480494 0.2536292288950845 0.11062485205487703
42 420 0 0 0 0.027423345944076305 0.041358334721267806 0.07089934233594114 0.1753811208189699 0.06512700737893883 0.02020371290181934 0.07106473098694611 0.19723109714549525 0.2298912727108066 0.14707884485096198
43 430 0 0 0 0.05489339052784756 0.048968559926795455 0.16516571049547304 0.20665577950791447 0.058198669754987525 0.0557980671326972 0.07298427238895289 0.17921937899265084 0.2381174682602078 0.2016673830089199
44 440 0 0 0 0.0341895413427197 0.0703943643349848 0.1290633807938967 0.20667210257813304 0.09301829578648096 0.02362806523209727 0.07810760296312401 0.16876499028477407 0.21593101310009238 0.20042304805953068
