% # columns="iteration, evaluation, sigma, axis ratio, bestever, best, median, worst objective function value, further objective values of best", seed=815257, Mon Mar  9 17:25:48 2020, <python>{}</python>
1 10 0.1940042601697067 1.0000450010125153 2.623692357834158 2.6236923578341580e+00 3.055326311965681 3.4275950035581872   
2 20 0.1941363201546084 1.2115462050157784 2.5627792005120322 2.5627792005120322e+00 2.996804275766124 3.254207002394285   
3 30 0.20556076136718454 1.4096376765868284 2.3991497537509985 2.3991497537509985e+00 2.798845808527755 2.9722076627925063   
4 40 0.2414429142585229 1.557723941341036 1.9707649828288145 1.9707649828288145e+00 2.425046410893691 2.9218752250353512   
5 50 0.29422962259653546 1.591767554278088 1.4815882110493135 1.4815882110493135e+00 2.103612095148937 2.564983155529307   
6 60 0.3485668681027887 1.635867206585004 1.0592195480238435 1.0592195480238435e+00 1.845147623863152 2.0143375276650706   
7 70 0.42378607601273105 1.592447931868596 0.6869065710853551 6.8690657108535513e-01 1.2621797174664806 2.186292488749526   
8 80 0.5018706149358777 1.6360088405423867 0.4627103241097119 4.6271032410971191e-01 0.7911231884316566 1.5635233888020457   
9 90 0.5459622227339189 1.663464996824976 0.4136873167104049 4.1368731671040487e-01 0.7480069775499593 1.2750113284231634   
10 100 0.5859836560143925 1.6777069703599539 0.11229185917707989 1.1229185917707989e-01 0.7558403331822798 1.6400039105252449   
11 110 0.6191526508093523 1.6518198078224011 0.08674575110612263 8.6745751106122634e-02 0.4154017824871705 0.9927096515559827   
12 120 0.6013783024213832 1.6047658904262385 0.07702232337836465 7.7022323378364649e-02 0.33306025909749815 0.8085440650657312   
13 130 0.5657335670230597 1.6575949349066115 0.0548927035626343 5.4892703562634301e-02 0.375370881000501 1.3403862580419126   
14 140 0.5108557290540349 1.6191960616160865 0.0548927035626343 1.6269131635988560e-01 0.4383936919697106 0.7865360184888022   
15 150 0.4652027134423936 1.5811048399873036 0.04339402225219475 4.3394022252194749e-02 0.3614034824519945 0.9539599455806873   
16 160 0.4461467946219326 1.6618140029038178 0.04339402225219475 8.6429452397089337e-02 0.19174547205159523 0.33683881322655596   
17 170 0.4373190016913015 1.7612057408280564 0.04339402225219475 5.7879584679658841e-02 0.21658616096806987 0.3521658630293237   
18 180 0.4275754336321027 1.723204615874198 0.04339402225219475 8.1003892241324579e-02 0.1670455853216591 0.7683926846599066   
19 190 0.4095899475822521 1.7556360315317203 0.03137253335104818 3.1372533351048178e-02 0.16532331508972103 0.24897178544715082   
20 200 0.3977510177110916 1.724850339271498 0.03137253335104818 8.6379864117684557e-02 0.13415483319522362 0.2946274124623936   
21 210 0.3547268800185809 1.7105741071936467 0.03137253335104818 6.1985680031038055e-02 0.1284814358265409 0.21414103952823013   
22 220 0.33259102136627033 1.7405697468477297 0.03137253335104818 9.7640619456260305e-02 0.18333397521324135 0.2581496636623324   
23 230 0.321185507037289 1.6983839004231205 0.03137253335104818 9.4063821363456021e-02 0.16698029777969234 0.29925156627194044   
24 240 0.3031864607852285 1.6731473641242762 0.022141844768857083 2.2141844768857083e-02 0.18973540954947743 0.27196085954438226   
25 250 0.2797238993189648 1.6973555652020302 0.022141844768857083 2.4281215313861338e-02 0.10990398925500867 0.18587981448083282   
26 260 0.26734467230284936 1.6935589562977085 0.022141844768857083 2.2716243372335562e-02 0.08005102886683522 0.24586443801452534   
27 270 0.25381712083162267 1.7749976292497116 -9.081144356141497e-06 -9.0811443561414966e-06 0.05341073874434395 0.12321532968673833   
28 280 0.24218145344343106 1.827230487257929 -9.10540699475484e-05 -9.1054069947548404e-05 0.025143221225624318 0.06627259123020235   
29 290 0.23245576338844534 1.798060790161652 -9.10540699475484e-05 -3.6408366365426611e-05 0.014678991234299332 0.0839154341066511   
30 300 0.23802670939617684 1.8572053704762495 -9.10540699475484e-05 1.3566702302757999e-02 0.050049877093107834 0.07767077600282071   
31 310 0.2346489945248665 1.8213482615677743 -9.10540699475484e-05 8.3922562330380479e-03 0.06825946230553713 0.1363450007975368   
32 320 0.21147436607668965 1.8484545197914066 -9.10540699475484e-05 1.1019867677132436e-02 0.03959184325112367 0.11425626218693223   
33 330 0.1868633741189768 1.8069462145001407 -0.00018544480912264998 -1.8544480912264998e-04 0.04113686841180076 0.09556787658727073   
34 340 0.1685162797316551 1.8165993566524898 -0.00032151024441720073 -3.2151024441720073e-04 0.008999962066218614 0.028788712275883612   
35 350 0.1591619503119405 1.8376440332826673 -0.0004251936323816231 -4.2519363238162312e-04 0.004277396924855459 0.0206216227400828   
36 360 0.1432436482348376 1.8267919820463367 -0.0004787560621179498 -4.7875606211794978e-04 0.006336019186932218 0.025068208543036   
37 370 0.133081336679469 1.7876749413014588 -0.0004787560621179498 -3.3439015207048831e-04 -6.131202120971989e-05 0.01005982892745201   
38 380 0.12453969435453274 1.7837446758922586 -0.0004787560621179498 -4.0444691728153099e-04 -6.119273558334809e-05 0.026801655811411997   
39 390 0.12209379516173274 1.820799648974847 -0.000510903485104676 -5.1090348510467599e-04 0.0010118695929049182 0.022609701600686496   
40 400 0.110243379397591 1.886585191333303 -0.0012456052049454964 -1.2456052049454964e-03 -0.00019296103400621566 0.018050401370107202   
41 410 0.09836292043180246 1.8919107540069116 -0.0012536902234620356 -1.2536902234620356e-03 -0.0007397023320095544 0.005700806949764492   
42 420 0.0881716237543456 1.86138323753491 -0.0014373703119113532 -1.4373703119113532e-03 -0.0003991523786368214 0.0029768948960085667   
43 430 0.0823931345687753 1.8069001643052873 -0.0014373703119113532 -1.4168226405696671e-03 -0.0004628881917706842 -0.00021068011946854902   
44 440 0.0781022172145649 1.7864902234418558 -0.0016126688447370993 -1.6126688447370993e-03 -0.0011597043106588605 -0.0008151437912288471   
45 450 0.07767451035640373 1.7417993337736142 -0.0017231639264624354 -1.7231639264624354e-03 -0.001442750052095573 -0.0002782392965401823   
46 460 0.0760068619815826 1.8387190437098355 -0.0018431436915670033 -1.8431436915670033e-03 -0.0011625295958614685 0.002793958853643197   
47 470 0.07593406419038935 1.8150746330779681 -0.0018431436915670033 -1.7109635837237592e-03 -0.0014536685017704808 -0.0009425463882000459   
48 480 0.07738942591534839 1.8350148395535089 -0.0018431436915670033 -1.6607009902210128e-03 -0.001212878861514596 0.001356784958701035   
49 490 0.07569299588801523 1.927669149585181 -0.0018431436915670033 -1.3266805197391957e-03 -0.0009976740977275635 0.005315794371299087   
50 500 0.06767708511685398 1.9582966616567425 -0.0018431436915670033 -1.3990614886787392e-03 -0.0011940293988935123 -0.0008620426471872848   
51 510 0.061022255989973254 2.0235065762571183 -0.0018431436915670033 -1.5811280343888518e-03 -0.001345666815426224 -0.0008211218301730237   
52 520 0.05586670707523106 2.1396700587499105 -0.0018431436915670033 -1.4654914165079297e-03 -0.0012544010677362151 -0.000884641814524198   
53 530 0.05075185092316274 2.1363243827496246 -0.0018431436915670033 -1.7576543591382773e-03 -0.0016382530528309084 -0.0011692713055466235   
54 540 0.044693418923392576 2.1923333687698285 -0.0018431436915670033 -1.6782648640192416e-03 -0.00158667834355761 -0.001324797378911607   
55 550 0.042648985724599055 2.1116308436268567 -0.0018431436915670033 -1.6437065346444498e-03 -0.0015012535995242108 -0.0011200244612840555   
56 560 0.042043444797838024 2.0745749006160263 -0.0018431436915670033 -1.5434168620662703e-03 -0.0014763047020845562 -0.001040316101671462   
57 570 0.04105482736651436 2.1911622803390527 -0.0018431436915670033 -1.4012194786378863e-03 -0.0013466165201381744 -0.0012541751015544558   
58 580 0.04008831297640197 2.2329269892873627 -0.0018431436915670033 -1.4940776666114374e-03 -0.0014425573522437827 -0.0013145267770998887   
59 590 0.039194239172784376 2.2402574216412496 -0.0018431436915670033 -1.5006915260067962e-03 -0.0013989084380155712 -0.0011568181071028956   
60 600 0.04025420790378853 2.173827875902961 -0.0018431436915670033 -1.5567593861207281e-03 -0.001511299919962384 -0.0013236537717767358   
61 610 0.03796016790522125 2.2056169518070963 -0.0018431436915670033 -1.4769959662056563e-03 -0.0014110333504696155 -0.0013143689598688016   
62 620 0.035981240773054673 2.305658900879812 -0.0018431436915670033 -1.5442108489733197e-03 -0.0015009484040111154 -0.0014536262992561504   
63 630 0.03510109283765319 2.2502392401795244 -0.0018431436915670033 -1.5892731241003927e-03 -0.001543522485480534 -0.0014330592230244472   
64 640 0.03457446294899548 2.265370575922973 -0.0018431436915670033 -1.5701271923423564e-03 -0.0014951749542321123 -0.0014333308417102896   
65 650 0.03555814566959928 2.3045535921730607 -0.0018431436915670033 -1.5797101919666210e-03 -0.001537908509617779 -0.0014522186224775362   
66 660 0.03343774393940155 2.392352291240063 -0.0018431436915670033 -1.5826698465322435e-03 -0.001547302044951366 -0.001509462191439888   
67 670 0.03141346421819342 2.3786494620918153 -0.0018431436915670033 -1.5031456157251087e-03 -0.0014757047355733084 -0.0014561435074287438   
68 680 0.027782212319589102 2.3781541784423186 -0.0018431436915670033 -1.4719580029304733e-03 -0.001443129754553753 -0.0013961857478449668   
69 690 0.026039205663127746 2.358781006885987 -0.0018431436915670033 -1.5038162200988463e-03 -0.0014833654799662399 -0.0014479601827544837   
70 700 0.023315631644456297 2.349562456262173 -0.0018431436915670033 -1.5264294797330334e-03 -0.001508216135846298 -0.0014147165912299072   
71 710 0.02030006191109717 2.4095447046061054 -0.0018431436915670033 -1.5347947862322600e-03 -0.0015099043147207875 -0.0014873444223807205   
72 720 0.018716212946780518 2.4702950526793086 -0.0018431436915670033 -1.4749882119956769e-03 -0.0014638612163997897 -0.0014587840541190084   
73 730 0.016562712103865018 2.4809623423507627 -0.0018431436915670033 -1.4702077925275508e-03 -0.001461841575348929 -0.001440954632793021   
74 740 0.0151057613247321 2.6092598224212327 -0.0018431436915670033 -1.5002991089236091e-03 -0.0014957871310282758 -0.0014836186626884045   
75 750 0.013210242721791514 2.7128435704952327 -0.0018431436915670033 -1.4807437525864000e-03 -0.0014782061959728266 -0.0014645895945983609   
76 760 0.01215113257609228 2.6986826292268145 -0.0018431436915670033 -1.5013785623150791e-03 -0.001499884972325083 -0.0014893988639671696   
77 770 0.011513207749116182 2.8624856077073195 -0.0018431436915670033 -1.5082415214334854e-03 -0.0015020546969528171 -0.001496372481139535   
78 780 0.011144288936592526 2.8456015179914833 -0.0018431436915670033 -1.5079212032052753e-03 -0.0015037818390096238 -0.0014922695871001659   
79 790 0.012125135671515895 2.9071647328324133 -0.0018431436915670033 -1.4936044880380624e-03 -0.0014910977010549693 -0.0014752805243811392   
80 800 0.01201577764248329 2.9047871453229863 -0.0018431436915670033 -1.5039072804257020e-03 -0.0014995952359101177 -0.0014960351837506347   
81 810 0.011128149998376316 2.9678865505595815 -0.0018431436915670033 -1.5038706950554518e-03 -0.0015002340366462288 -0.0014926913277025044   
82 820 0.010495252685458206 3.0687008439986156 -0.0018431436915670033 -1.5024105677550095e-03 -0.0015006461085880528 -0.0014937669159438406   
83 830 0.010720572929136233 3.175809277843365 -0.0018431436915670033 -1.5094740414868398e-03 -0.0015066464354889998 -0.0015043640661798158   
84 840 0.010258798620642582 3.127559065877885 -0.0018431436915670033 -1.4912030247278766e-03 -0.0014873928886856747 -0.001482552164281728   
85 850 0.009899265519694894 3.2603239955130174 -0.0018431436915670033 -1.4817754549966940e-03 -0.001479703146458441 -0.0014766862625010882   
86 860 0.009070762662219067 3.326444258518802 -0.0018431436915670033 -1.4685618805632230e-03 -0.0014662288802858845 -0.0014644424531323915   
87 870 0.008491519124532717 3.343077789389508 -0.0018431436915670033 -1.4678533210780028e-03 -0.0014661050485303977 -0.0014604314425168724   
88 880 0.007884244181687339 3.389976977907201 -0.0018431436915670033 -1.4736429087696048e-03 -0.0014720017611562406 -0.0014666591525154084   
89 890 0.007943227136727554 3.3472568517735892 -0.0018431436915670033 -1.4702730010784245e-03 -0.0014684029823788369 -0.0014674406173704121   
90 900 0.00826158315529516 3.227332850342148 -0.0018431436915670033 -1.4645317666506078e-03 -0.0014638029569177108 -0.0014618611384730653   
91 910 0.008829563008011552 2.9881368741501486 -0.0018431436915670033 -1.4433973952393299e-03 -0.0014422845168965911 -0.0014356324446987906   
92 920 0.009085422944572893 2.8997002639456975 -0.0018431436915670033 -1.4447104158207115e-03 -0.0014432775118219244 -0.0014426738086628815   
93 930 0.009245287519889801 2.8475951380571134 -0.0018431436915670033 -1.4586830468403258e-03 -0.0014577133068626482 -0.0014525969919530618   
94 940 0.008655546404145877 2.848749956089187 -0.0018431436915670033 -1.4401406949891102e-03 -0.0014385571734143285 -0.0014373615830511285   
95 950 0.008531438672236278 2.932950096754207 -0.0018431436915670033 -1.4667153259095144e-03 -0.0014657041617577944 -0.0014615652699781585   
96 960 0.00868021045024646 2.9232269073570523 -0.0018431436915670033 -1.4511281493860878e-03 -0.001449734343141594 -0.0014487455653129874   
97 970 0.008646968713920575 3.0495555317316896 -0.0018431436915670033 -1.4438756408236399e-03 -0.001443011271069828 -0.0014399288926246752   
98 980 0.007735535538052718 2.9320073491419087 -0.0018431436915670033 -1.4524326778481349e-03 -0.0014509485017558392 -0.001448483882565783   
99 990 0.007200658628951784 2.8621958100512734 -0.0018431436915670033 -1.4480826462570158e-03 -0.0014461531346307607 -0.0014446731101865735   
100 1000 0.006574238124286987 2.7644241287367963 -0.0018431436915670033 -1.4374873056151112e-03 -0.0014365283601429737 -0.001435791890439311   
101 1010 0.006182886924828214 2.758316269592919 -0.0018431436915670033 -1.4402426458604645e-03 -0.0014393691691607063 -0.001438310256587826   
102 1020 0.005609552337971524 2.7449708253250167 -0.0018431436915670033 -1.4413746415339827e-03 -0.0014404504201132485 -0.0014399595479403784   
103 1030 0.005067940472020106 2.698272376731746 -0.0018431436915670033 -1.4273863075748585e-03 -0.0014271629000667564 -0.0014266499645626779   
104 1040 0.0045073778961218945 2.6091226320276655 -0.0018431436915670033 -1.4407810515194334e-03 -0.0014401754729107463 -0.0014396929586149411   
105 1050 0.004087484497284502 2.585330724371435 -0.0018431436915670033 -1.4348525504910043e-03 -0.0014343750603912446 -0.0014338240153822439   
106 1060 0.0038709132775399287 2.6018528693643557 -0.0018431436915670033 -1.4523446562431342e-03 -0.001452120025066902 -0.0014515466964831849   
107 1070 0.003876311704280212 2.5414122076654455 -0.0018431436915670033 -1.4487850105202099e-03 -0.0014485734289233427 -0.001448105678690135   
108 1080 0.0033870267559621974 2.645835675671647 -0.0018431436915670033 -1.4459155078404733e-03 -0.0014456702354929771 -0.0014453319023872112   
109 1090 0.0032501326077374036 2.6653304760804972 -0.0018431436915670033 -1.4389189513946703e-03 -0.0014386872870153587 -0.0014380546959876321   
110 1100 0.0032485599028965377 2.680647097797182 -0.0018431436915670033 -1.4303083088755707e-03 -0.001430096172614646 -0.0014299473901977875   
111 1110 0.003137965126254433 2.691605726524549 -0.0018431436915670033 -1.4293065145383904e-03 -0.0014291965658953145 -0.0014291422165992344   
112 1120 0.0031481702751869098 2.829718848744298 -0.0018431436915670033 -1.4334847464052708e-03 -0.0014333802943773143 -0.001433166164060527   
113 1130 0.0031185697106799895 2.8377891128084336 -0.0018431436915670033 -1.4299186391613196e-03 -0.0014298077010318083 -0.0014296032146180126   
114 1140 0.0030031682928389307 2.7796014434709306 -0.0018431436915670033 -1.4239383286244519e-03 -0.0014238179486401048 -0.0014232851899721954   
115 1150 0.0026829896706144023 2.8942344972192373 -0.0018431436915670033 -1.4235801329906051e-03 -0.0014234452189171 -0.001423241971683629   
116 1160 0.0024529711715596896 2.9427037688250617 -0.0018431436915670033 -1.4313629205379929e-03 -0.0014312848045108582 -0.0014311473649967522   
117 1170 0.0025156438733002482 2.979606119105915 -0.0018431436915670033 -1.4295556258687007e-03 -0.0014294567186941235 -0.0014293527606031686   
118 1180 0.0023607131779212246 3.1258942986096274 -0.0018431436915670033 -1.4273624825765184e-03 -0.0014272037964265893 -0.0014271295627098738   
119 1190 0.002266813019831251 3.158581759081175 -0.0018431436915670033 -1.4271665536468570e-03 -0.0014270839243909863 -0.0014269644101241239   
