% # columns="iteration, evaluation, void, void, void, xmean", seed=815257, Mon Mar  9 17:25:48 2020, <python>{}</python> # scaling_of_variables: 1, typical_x: 0
1 10 0 0 0 -0.8572799145768786 -0.9951229079101827 -1.06312768482851 -1.0223450060731818 -0.800999460808963 -0.9893040759770636 -0.9188625774719459 -0.8698592429343923 -0.7183939472810449 -1.0603703917296692
2 20 0 0 0 -0.9277468950705396 -1.0316960112676632 -1.06642555116252 -1.0684639010139605 -0.7168305699444484 -1.012277971167399 -0.8168455573620383 -0.6719322749440745 -0.6789838509423944 -0.9057987516795962
3 30 0 0 0 -1.0064919328883912 -0.9092441671693754 -0.9881145490905734 -1.1769343127207323 -0.585320989335982 -0.8731348793116329 -0.6285531495123933 -0.6631761536709803 -0.5254680304884689 -0.9843497482003112
4 40 0 0 0 -0.9803786796079811 -0.7423954212429905 -1.0851162832616412 -1.0377119334791884 -0.4731484829211537 -0.4304983106539623 -0.5226644157485 -0.5201968630733851 -0.579690108554339 -1.0818274923584497
5 50 0 0 0 -0.8077741752548258 -0.4359824932987864 -1.1145292549676418 -0.9454480824822904 -0.23973731685566121 -0.4260359619236531 -0.34770800205234037 -0.26568537675570875 -0.43621724767214304 -1.0869648724952108
6 60 0 0 0 -0.6499106667157569 -0.4574717522417598 -0.779523324308789 -0.6011598327288459 -0.2985590234713563 -0.4600375913046805 -0.05729320500108109 -0.2644910720946165 -0.31303174964449065 -0.8555663643900857
7 70 0 0 0 -0.4898856391086098 -0.13155981948955375 -0.5979861327263318 -0.27131241574451026 -0.1323009520880715 -0.2815391434707219 -0.002219927794106541 -0.4874317645694304 -0.041611941913763384 -0.7949179557666834
8 80 0 0 0 -0.5748357076675176 -0.0381975625177606 -0.5377710496439936 -0.06385469030648339 0.27046427835327824 -0.0665444536043831 0.22907790916077875 -0.3493933960173027 0.23427569447935925 -0.7483691249788561
9 90 0 0 0 -0.5056575306119223 -0.26404794220301164 -0.5046391439147354 0.1659023155430948 0.2152041234492998 -0.27804922357426115 0.17795094970934322 0.12874650464180404 0.19057727659690005 -0.468141173039392
10 100 0 0 0 -0.15045432818114468 0.29741928585559896 -0.2178274911500988 -0.09979072797432226 0.4581388380566898 -0.010012369039146762 0.4716323865378867 0.06163147576808345 0.35333057441011456 -0.3917782488770598
11 110 0 0 0 0.09078342949721907 0.10078411970434048 0.028168044910217988 0.011476681254216956 0.6312733923832828 0.3125289372924185 0.1399689794437301 0.2725569541549335 0.0030525748561687216 -0.1289683550806887
12 120 0 0 0 0.28632233166724247 -0.012625775878369994 0.0035805004581927515 -0.07104615250776831 0.23382049036066505 0.041180334883775815 -0.12977113605445284 0.04094124521252204 -0.2537323999815879 0.14820407717374412
13 130 0 0 0 0.4402653372763489 0.22463429305867277 -0.24085997260644873 0.2750285805204993 0.5765068003534081 0.015041720755129325 0.17782619796446358 0.1382034058413052 -0.30789415951845894 -0.11921856751507126
14 140 0 0 0 0.49990994240782266 0.2196402820137218 -0.32188516593630645 0.17169750610735818 0.4318715812556188 0.294358826305659 -0.1316698136485765 -0.34394024023936687 -0.373309997161613 -0.14018282480020464
15 150 0 0 0 0.4807552048742518 0.12241980308902521 -0.10081253788901615 0.09382963062213082 0.705081153219375 0.44959885651333154 0.10207450002350657 -0.03935353129230934 0.15441713144572117 -0.052776104585095754
16 160 0 0 0 0.35106660817490287 0.2999331903161008 0.03364212487562859 0.36643692061458266 0.474730651324594 0.4237625167156655 0.41731186425886346 -0.24151353591544578 0.525330325167479 -0.050124374815471266
17 170 0 0 0 0.6043386523336256 0.45102143377900455 0.05949930286020221 0.446041681277714 0.1976589025773139 0.6365536170987613 0.6524578821460156 -0.06556004991190473 -0.047747163443127794 -0.08504148981441095
18 180 0 0 0 0.42206830622606484 0.3993681463888937 -0.043624765710471004 0.3459357236481625 0.312350393758848 0.5412590513098532 0.7173516360030354 0.33008937082559076 0.26085463969713435 0.4066777717866538
19 190 0 0 0 0.6341586105109877 0.31467147173756504 0.4288358938102162 0.2555725998964216 0.3428814897632647 0.40123087382154754 0.5841008385676522 0.33939690400656736 0.17983470669215743 0.2956443142809717
20 200 0 0 0 0.8899332181130727 0.1130846679477695 0.3305310700210606 0.16953507176814747 0.08604078585193825 0.5899134031382244 0.7091500618924343 0.33100420925604374 0.2519114338865583 0.4694679373599372
21 210 0 0 0 0.8340872209815305 0.2894969926288902 0.36912591360691277 0.22260876933788518 0.2007620104025251 0.3530920086266355 0.7524853397780578 0.42062815929649755 0.2501215192103221 0.3272558726370912
22 220 0 0 0 0.8186623829189779 -0.04686804687783924 0.14314339248074373 0.122723035174153 0.42426750134432195 0.4310410806187757 0.5766022963164728 0.0953611302137316 0.14163048385922053 0.12565993249777072
23 230 0 0 0 0.7097767784963308 -0.10921230886716964 0.2670519754788732 0.24451861939008807 0.5838567473102159 0.5417344182681805 0.5042032292854004 0.2747746604198771 0.5122024424914913 0.14391331318468495
24 240 0 0 0 0.5632594387301197 0.032185623678607625 0.24741921451324878 0.18680261754801716 0.6080157731855775 0.5962333965435463 0.387085497164079 0.49569826157276753 0.5256710092310187 0.3393835066097307
25 250 0 0 0 0.5177609597779358 0.10921658323974509 0.15034526873175316 0.07668914645069015 0.42805250042454046 0.39304004914823604 0.38739977358107985 0.5595832204982419 0.43547382590941536 0.4715771325833236
26 260 0 0 0 0.4862678796330554 0.15963537002181344 0.13546842440942414 0.003260117259725734 0.3083414642867474 0.4459266296492918 0.11612120333437242 0.3194272736582399 0.4068778131903665 0.4367740931363343
27 270 0 0 0 0.3550840600406508 0.21619473590377025 0.3054273958613321 0.0918080004257767 0.283670793049309 0.24324182115158383 0.2329162768208093 0.17219960429817435 0.3208449878731873 0.31189703416839065
28 280 0 0 0 0.21489645646292097 0.2710962700067041 0.35216759759552 0.23233190435553575 0.39406523350216865 0.18373525149605888 0.24489550346097327 0.27303627172048545 0.3937258007674614 0.34497912548695003
29 290 0 0 0 0.29554172743646573 0.263270953003024 0.4129885335554728 0.35422975008152385 0.21932638793204598 0.2575887350252363 0.14432122829061036 0.3087581978179616 0.4350592138375276 0.46229600127041803
30 300 0 0 0 0.08461187369278655 0.40987588167914 0.5019515388832625 0.3894979749076365 0.37769225351192653 0.38390970246031997 0.08434650742564416 0.3702253718200047 0.5097475822940988 0.32357074815775927
31 310 0 0 0 0.16668067901939537 0.2926749550992086 0.5385034657410114 0.4396328662264937 0.5375725518271977 0.3289456966353092 0.1537822870262893 0.21752115154301613 0.6050312562556741 0.47032643156831816
32 320 0 0 0 0.10452200408635766 0.33329276578486694 0.3873832935311807 0.4086664421742017 0.5031303633518639 0.21447086304581145 0.16854612786955256 0.19250923830043204 0.5948403775096855 0.3576862206921589
33 330 0 0 0 0.23354257529576222 0.2769274235822596 0.39753746946151136 0.2805666215152248 0.3577590422983008 0.25891888382751366 0.27885050443011083 0.26459051224143654 0.4737038147417232 0.2797845747553749
34 340 0 0 0 0.15970944409258112 0.25379069554455574 0.3319947427734527 0.3139420596815925 0.33233282650463436 0.251214640350864 0.3062221133207847 0.31056433011742984 0.4167267182473326 0.3572071665753128
35 350 0 0 0 0.10801875688109545 0.34373559645889373 0.3645153044956327 0.29852667109622183 0.28488619466699205 0.2656274478851569 0.30770163295238606 0.356334081449667 0.3130124281362728 0.36912850424011967
36 360 0 0 0 0.19355168644858725 0.36082220746760074 0.3411128759331415 0.33480941007510817 0.2643189328553872 0.26636514802234024 0.2879387340018125 0.31752161729586026 0.35644675315867097 0.44247853819048594
37 370 0 0 0 0.1959993895229142 0.37203838051870025 0.39513497330508546 0.3122936493823445 0.25662017917005797 0.18062260201571642 0.3466484042953846 0.31008095101057603 0.3839515269019266 0.4861572352594843
38 380 0 0 0 0.2757110590760009 0.3490789755148667 0.40342774573278556 0.3942714967282266 0.22675220922482647 0.22460272748520826 0.3493296176339207 0.27062142635393965 0.39881109236066675 0.5189383203485446
39 390 0 0 0 0.3565015931050837 0.3983111961380104 0.43289870729786556 0.40949045374580256 0.27297767471731565 0.21442843854507568 0.43040270105570316 0.2896494887345295 0.4216977442254447 0.49000755915101085
40 400 0 0 0 0.3322145931637927 0.4194500895030772 0.44849448065172337 0.422334833299875 0.28082757051443646 0.27482312974572115 0.40389613157012033 0.31751965769543244 0.4162832238198901 0.5069208950788554
41 410 0 0 0 0.3350999893337396 0.43722179883559475 0.4396536502017013 0.37610882439014226 0.2998087924375529 0.27084695727837405 0.3762485548607072 0.3470642308611306 0.42226799565146655 0.530587999588585
42 420 0 0 0 0.3679057858909954 0.3979274742946153 0.4492523005885371 0.3518611642255799 0.29241942861935605 0.317668425110833 0.4015586460887445 0.34074862336296924 0.4115435341849856 0.4993753827826551
43 430 0 0 0 0.34780029313550925 0.3913867558169506 0.4653203499080397 0.33238096902149544 0.3602193833519271 0.29627640960087553 0.36790367034931676 0.30268705076411956 0.40462870722294975 0.5402491508973759
44 440 0 0 0 0.37220604254235995 0.4294426426424691 0.40079524314703713 0.35503399247099887 0.34074598513435256 0.3128253278775383 0.37448664460164915 0.3234788474134249 0.4006472073234569 0.4563316345704798
45 450 0 0 0 0.36158823947342894 0.44217817953289407 0.40266773071623724 0.3647322660166139 0.38176242007073813 0.3429521726320308 0.38921908179564113 0.28018409525968346 0.3986820137111314 0.40980707205336103
46 460 0 0 0 0.3686475054169026 0.45632902526702485 0.41289107320476 0.3451083002191367 0.4051875216709101 0.35908014035823793 0.3469586168359795 0.3298891617539715 0.370726020997256 0.40504209535772573
47 470 0 0 0 0.3615565683355609 0.47235981468177124 0.41208572638233804 0.35284523332479667 0.3884941295824083 0.39884000345999915 0.3042818862524901 0.3178838629011833 0.350116131254337 0.3832827790990319
48 480 0 0 0 0.37700133198572805 0.4654667815940392 0.43132167295270096 0.31811750197751854 0.4274974620213234 0.4167062310223179 0.31039112063424423 0.31771902368577637 0.3389689613122201 0.3262363843224283
49 490 0 0 0 0.3742599807977708 0.46380431276833284 0.42301320255236396 0.3296380782329815 0.4254117274555099 0.4421955927176359 0.3566502934369421 0.29157075611532074 0.3318149563828129 0.31561630757319487
50 500 0 0 0 0.38349238334657243 0.4395549530403815 0.41150781920220963 0.3620505484971418 0.35465425669871437 0.4187113605200174 0.37042189598575737 0.27763915794457783 0.36543197614387196 0.38364328776841344
51 510 0 0 0 0.3656662880464282 0.41764621913023003 0.4107705488981063 0.38000106668954164 0.3406485209466978 0.4071099008094806 0.3688507075247175 0.30610764764266085 0.38265572726853186 0.40463566209775176
52 520 0 0 0 0.3461194157517648 0.4090536636767494 0.4241007447164199 0.3628276319175407 0.34362076650157863 0.38821600916008353 0.36406911231166544 0.339754579352217 0.3623029719157061 0.40564963530855247
53 530 0 0 0 0.34407797509735666 0.41842023072297435 0.4374376305950674 0.3673346114345333 0.35987376095790574 0.3906718896110681 0.35817277184682494 0.34744555499323154 0.36287876040721234 0.3681790339604103
54 540 0 0 0 0.3604131038185062 0.41129632349563144 0.4200167397355604 0.37411342272969805 0.34697423086845197 0.4099927155121597 0.37141245383999816 0.34002119187506485 0.37860114993986116 0.3735962789057726
55 550 0 0 0 0.3707975050528267 0.38753815204709446 0.40608400771124614 0.35186508217245577 0.3533760811390249 0.40878770364078865 0.37829113957218186 0.3570294475784775 0.384512465642132 0.3659450494792797
56 560 0 0 0 0.3608304593741497 0.3911113094287152 0.399379807284768 0.35956132079105585 0.3287661249031271 0.4373878954113595 0.3850369726051389 0.3561819880141182 0.3905574652402031 0.3657461210583969
57 570 0 0 0 0.35819492023676225 0.37369783353493424 0.38406183323594556 0.3662532792131005 0.34415747442522815 0.4272493455662256 0.3917934758716473 0.34881176644016115 0.36883306927405807 0.37057457866048626
58 580 0 0 0 0.3463972149785782 0.3658096160761937 0.39154866243521835 0.3892940721715448 0.35290062431107766 0.41687567667236125 0.39645847114747246 0.3442958337848887 0.36628012812768407 0.3826436787966906
59 590 0 0 0 0.3454294082403375 0.36697501204880073 0.3773151850895276 0.3763895273714157 0.3672508659255649 0.3969316410705426 0.3758771951437841 0.3665242672721177 0.3673204397470665 0.39350455944825513
60 600 0 0 0 0.35730384771504503 0.36699195990368816 0.36686332672229266 0.3992015118688132 0.377822891353386 0.3909879759187822 0.3782733330950362 0.3533521461558517 0.39184582959331765 0.3916680726378554
61 610 0 0 0 0.351211802284627 0.3916434404169297 0.37585954917405756 0.3772000570332185 0.36940514692898885 0.3906806167368605 0.38137358057617643 0.37540448342959265 0.3955077473441997 0.3647939206659308
62 620 0 0 0 0.37344061126768185 0.3940272158958827 0.37599300526529383 0.378159652166478 0.3763990819095055 0.40916547720286817 0.36185260827917315 0.3625038329549072 0.39852016050957295 0.35574308079268474
63 630 0 0 0 0.36893166902641394 0.3970077627809407 0.396474405440231 0.38277694484181984 0.379319973320789 0.37427490602532937 0.3690204945191462 0.3742959036459779 0.3903437538848656 0.3650700324404824
64 640 0 0 0 0.3702623316132911 0.3998831544820804 0.38770323767988607 0.3828126208778365 0.38078219015092785 0.35541546900755105 0.38013875449591966 0.3589267956558553 0.39651228067142075 0.38288088148158983
65 650 0 0 0 0.3969339809826187 0.39264976031004883 0.3663106047121874 0.36160053012262555 0.3611522214384151 0.3719194098713856 0.36771206856662736 0.38235999249939845 0.3746182794231245 0.393609537812386
66 660 0 0 0 0.3908597909662453 0.3905373314140278 0.3789640500664096 0.38206606553409866 0.38270674483024514 0.3819036151094096 0.3726752173353212 0.372628088375797 0.36411662952231033 0.37880411333432285
67 670 0 0 0 0.3930054986288135 0.39456714157812767 0.3900795123768915 0.37956687937265204 0.3838796723407007 0.3675101275840297 0.3644303793720837 0.38038142351891524 0.35952594458507187 0.3808165829964204
68 680 0 0 0 0.3800259340845677 0.39008795789444345 0.38961755898107425 0.3683626052434947 0.37884611403759233 0.36346915503346044 0.3622320987142087 0.376679033450509 0.37893823788089914 0.38997110927632767
69 690 0 0 0 0.37815769513488856 0.38938408775952227 0.38357365607484084 0.3654156815938714 0.38022796186336355 0.3614698655528743 0.3694595456066293 0.368678267824489 0.3961234059600867 0.381192758981092
70 700 0 0 0 0.38287525206720074 0.3873431936442324 0.37970216616809666 0.36786174460408466 0.3809977924246081 0.3695660412925727 0.37328547342818075 0.36843830095225594 0.3886906422258656 0.3684411207543394
71 710 0 0 0 0.387233226474011 0.386810993381253 0.37535354126983 0.3670372981386184 0.37856010186284916 0.37648686123796676 0.36577626346199155 0.37921932925145807 0.3842146306818153 0.3756401808972656
72 720 0 0 0 0.3974530175098497 0.38851684001802717 0.3713792021972934 0.3676980791801267 0.3821443810456465 0.3799575721159705 0.3706388828930523 0.37370001603281366 0.38799065676349576 0.3704927316922212
73 730 0 0 0 0.39079752459789974 0.3811044791128828 0.37789048051908836 0.3682868950765293 0.3853227060869309 0.382893528094038 0.36933709709459195 0.3749165793486836 0.38530490409327145 0.3749906398181676
74 740 0 0 0 0.3849496708542625 0.3866207776143234 0.3795769031700338 0.3693283953285284 0.3790618425934538 0.3776440119969358 0.36491487999443273 0.3755247961162021 0.37719199011239624 0.3851302187058141
75 750 0 0 0 0.38127081947357205 0.38595427603366694 0.3787575329565389 0.3676098540203352 0.37776998917297233 0.3752007632187379 0.3684307856288739 0.37649211713030817 0.38110978573552723 0.3862948582433806
76 760 0 0 0 0.3755257829708763 0.38338762589411063 0.37893119959474825 0.370699108415042 0.37791626697796254 0.3769316144721442 0.36842376293418627 0.37806186234369754 0.38471075067266386 0.38760819888460035
77 770 0 0 0 0.37735134603972437 0.38647415629585613 0.37696428994531017 0.3652724054310845 0.3828379427863172 0.3770023284050389 0.37517132838999906 0.3781212392351509 0.3815910917047713 0.37973413137057266
78 780 0 0 0 0.37621565603438756 0.3874610374636888 0.3764826206623151 0.3696313601320729 0.38042440860268906 0.377567323806832 0.3770006954772986 0.3808076697534952 0.3810672985144317 0.37580108966304276
79 790 0 0 0 0.3733364266456771 0.38779448800909055 0.37856860047842766 0.37334220697244436 0.378867008909245 0.37847444934892577 0.37976069525742606 0.38858557049391235 0.37925023506611105 0.3744399770445388
80 800 0 0 0 0.380327082206693 0.38359703021946684 0.3845382707250963 0.3736352307202159 0.3798332010201236 0.37519398364195955 0.3797406060588402 0.3845017365552732 0.38277118860397713 0.37371768436256225
81 810 0 0 0 0.38246624172633303 0.382857882655783 0.38628011570032855 0.37300759556138546 0.37990922404005634 0.37588197263535483 0.37794640099313 0.3820221697295478 0.37817175643882 0.37667325373253874
82 820 0 0 0 0.37990313877145493 0.37897517156668103 0.38488502653747636 0.3747249714280693 0.38118222672930663 0.3777531101661754 0.3828001144087845 0.38106192954856005 0.3820319532023202 0.37681965171458703
83 830 0 0 0 0.3791643323094125 0.3754060670857184 0.38298640892633257 0.37748111259696876 0.37745462764847354 0.38480366341837124 0.3831151748743833 0.37982759889172035 0.37646481808258164 0.37881111486543545
84 840 0 0 0 0.37845270917842183 0.3779264543432821 0.3827550736976386 0.3761776018490923 0.37904607442545607 0.3754442196126685 0.3843509078812401 0.3807289263717476 0.37518847476043693 0.3859340104431627
85 850 0 0 0 0.3835180737182172 0.37262036456705844 0.3807132874925969 0.3764521972477314 0.38300891640120976 0.38350675937465106 0.3852273552426134 0.37958355198368654 0.37758996949206647 0.3791286173179478
86 860 0 0 0 0.38389465910132586 0.3786231222023324 0.38494221401879325 0.37601721991267684 0.385566114030977 0.378800327371789 0.3813688302292755 0.3766359718814639 0.37773530685228024 0.3795499698345276
87 870 0 0 0 0.3849487139035549 0.3786095124539573 0.3829708967722233 0.37599844423044515 0.38671059995200163 0.38336267952425046 0.3779909106529993 0.37851081343018067 0.3766653495628281 0.37866265096832097
88 880 0 0 0 0.38574620064868803 0.37703785686892705 0.38553558262600895 0.3783483262233032 0.3844487903789845 0.37996871476606153 0.38188434795800524 0.3777392851744617 0.3808641246211117 0.37809626073626307
89 890 0 0 0 0.3855738749287424 0.3770697799578594 0.3829864340230941 0.38122506810182094 0.3854106349931809 0.38028999538278196 0.3805128674547357 0.3793916547783622 0.38206931636045455 0.3805856982914663
90 900 0 0 0 0.3860885439275289 0.3800531026974229 0.38263107519599593 0.3811833784999668 0.38580452663333337 0.3814701113479119 0.38010865754738177 0.37976050001896766 0.38411699124259874 0.3800582026117686
91 910 0 0 0 0.38254491604864493 0.38367013759585333 0.3829619280371222 0.380225050200062 0.3860815250840176 0.3803838576268026 0.38310483866331485 0.3835184667178435 0.3823967452337438 0.3808157040684125
92 920 0 0 0 0.3793701522472839 0.3847107380587871 0.38495705352210713 0.3839239914001348 0.38489845413854107 0.3816049539962851 0.3831275529207384 0.3826630378982938 0.3810842939377809 0.3805685264711841
93 930 0 0 0 0.3828545814721854 0.3839259962793235 0.3847029499167146 0.3847128429256862 0.3801189960684567 0.38469402604068 0.37876233327338027 0.38252058256432 0.3845760262619977 0.3812171771693957
94 940 0 0 0 0.38585137269743425 0.38429787429156104 0.38053955369058245 0.38407396882251954 0.3813056169258727 0.3819223878185275 0.37865406161773685 0.38232003527066544 0.38381378463842436 0.3814706196382582
95 950 0 0 0 0.3877100251196325 0.3849315996703796 0.38074187267122245 0.38682704563148795 0.3821708635965082 0.37847476610974357 0.3789146332563895 0.380544601066485 0.3802951195980395 0.38374661011989886
96 960 0 0 0 0.3857313789726789 0.38661660616984256 0.3803952652550222 0.39006513265930853 0.3833757155534559 0.38279075877966445 0.3794238999768815 0.379574370150056 0.37696866418618813 0.38080233322345697
97 970 0 0 0 0.38684448895811446 0.384660317599716 0.37627063469968414 0.3883759229304776 0.3842311499865904 0.3825951791837509 0.37993342941529584 0.37867728717637866 0.3803011142328451 0.38758071407703293
98 980 0 0 0 0.3873565225310493 0.3841449936744591 0.37739609977419786 0.38682762689289263 0.38221832991306776 0.3813930426079295 0.3775433170141416 0.3782250798402105 0.38211660195747893 0.38707480696127733
99 990 0 0 0 0.3843801935332105 0.3828635052454912 0.37952998929948867 0.3859413420205897 0.38404704954362273 0.3823803136267361 0.3822583472022053 0.38203444344880993 0.38331721010503966 0.3835560162086065
100 1000 0 0 0 0.38348395793646045 0.38297594447834304 0.38051354994721753 0.3855747902862519 0.3834229322222912 0.3808170047632773 0.3806326563524735 0.38242217608803214 0.3851884632265989 0.38370964982379474
101 1010 0 0 0 0.38435268384192445 0.38367253638733434 0.3802890709008926 0.38617601311788474 0.38505303871534646 0.38052959069467945 0.3813811550193409 0.3854439082216935 0.3830619972315757 0.3815331458210922
102 1020 0 0 0 0.3836759521357814 0.3816914481864526 0.38148086348971644 0.38648520700880923 0.38489716767691123 0.3809490598497266 0.381127057877029 0.3852292908049835 0.3835659647601034 0.3822223649421469
103 1030 0 0 0 0.3822200557919721 0.38208935203280003 0.38042803587021373 0.3861646556399114 0.38611000124621025 0.382139471682357 0.3817413022478188 0.38495263895725906 0.38182426130779457 0.3820842100151718
104 1040 0 0 0 0.38340768814699666 0.38390713943439303 0.38114029764235935 0.38607289216565427 0.3843053472509135 0.3816890597762712 0.3817590745749958 0.3858468202663179 0.3819705752333142 0.3820083160383638
105 1050 0 0 0 0.384140555645211 0.3828975589736259 0.38227746531048623 0.3852700679436119 0.3839761474775065 0.3817672560398516 0.3818533619213061 0.3856769879768912 0.38331557665496135 0.38199992467572336
106 1060 0 0 0 0.3842881016950379 0.38388665045190135 0.382280749763462 0.38435843827882155 0.3843703225560075 0.3822959957644846 0.382762357062875 0.3848381520280195 0.3832365314277592 0.381920132698227
107 1070 0 0 0 0.38325613349815435 0.38504671634072607 0.3819442926223995 0.38361685379874405 0.38381088014358045 0.38228960172411364 0.38297326681455834 0.3844893348011959 0.3845633830523913 0.3822751413936407
108 1080 0 0 0 0.38379843268451563 0.3840684002167583 0.38287669448760886 0.3843894953709492 0.3842417969039459 0.3819936818046061 0.38242673140162264 0.3849636017219662 0.3840756906533497 0.38202398498393453
109 1090 0 0 0 0.38367904447428647 0.3842871436888206 0.3839373757837038 0.38458699964182436 0.38446927507178874 0.3826936438960177 0.3819932856050341 0.3847323962211111 0.38402956873163807 0.3826942183062325
110 1100 0 0 0 0.38415272996114247 0.384066886370003 0.3845373666472662 0.3837836672322114 0.38478875900463727 0.3840012090534902 0.38247141666353074 0.38395206466980947 0.38305124050017575 0.38204733116899753
111 1110 0 0 0 0.3841384321397942 0.38341061826645967 0.383606022738384 0.3844367711877351 0.38525214789079504 0.384935088095675 0.3816615027415004 0.38323742732503846 0.3835025449027604 0.382362224848363
112 1120 0 0 0 0.3834665959685883 0.3840642059880972 0.38439380625744407 0.3857139253655928 0.3847783090198812 0.3844439523627556 0.38203334675828904 0.381813713630079 0.38427572404757326 0.3826956225591891
113 1130 0 0 0 0.38325256843797056 0.38432920510735497 0.3847080013226096 0.3850652222499996 0.38637761280021143 0.3831872251672502 0.3829490951937355 0.38215719526579883 0.3834842302213918 0.38272514041402933
114 1140 0 0 0 0.3835675237635848 0.3850757319554602 0.3848040925508572 0.38473252452579526 0.3854822827163138 0.38275734659625693 0.38320967662585564 0.38235885295720073 0.38291762383716305 0.383495288733505
115 1150 0 0 0 0.3839949906333917 0.38471861006953456 0.3847281910672441 0.3849087262534334 0.38486647248295314 0.383122395579389 0.3829281898854256 0.381607787074955 0.3836154831328847 0.38337439716299804
116 1160 0 0 0 0.3835669260458555 0.385078515258359 0.38464594513152434 0.38499683125672807 0.38450531916982505 0.38392693790244165 0.3831349500650755 0.38141946647874014 0.38349856309558245 0.38347798958754
117 1170 0 0 0 0.3841543111948906 0.3838689921516857 0.38419558022229966 0.38418373389894966 0.3849625561164818 0.3852155070338256 0.38377364688359344 0.38182288474801707 0.3820642227047372 0.3833746233454363
118 1180 0 0 0 0.38301210331755603 0.38477161841970553 0.3842113147743207 0.38494499069571125 0.38537471332634227 0.38339094865484835 0.3840033314208777 0.3829430126435661 0.38265767894956765 0.3829896676961232
119 1190 0 0 0 0.38341344456261905 0.38431940476541615 0.3837087349367933 0.383657322277526 0.38535548947396886 0.38335011607329356 0.38411439737463615 0.3833435114694095 0.3834193241608026 0.38336001711373424
