% # columns="iter, evals, sigma, 0, fitness, xbest" seed=815257, Mon Mar  9 17:25:48 2020, <python>{}</python>
1 10 0.1940042601697067 0 2.623692357834158 -0.8617203193984018 -0.9491838096194847 -1.0945732044971541 -1.2418625047111014 -0.5671978855611846 -1.0144767825244045 -0.7558730217000393 -0.7352401132200421 -0.4946390772101529 -1.096650527168584
2 20 0.1941363201546084 0 2.5627792005120322 -0.894291640628429 -1.210622905582869 -1.1795557856186059 -1.1758476644854317 -0.7451950681390476 -1.0946043846793005 -0.5971877129201697 -0.34315330773433905 -0.4730213370238616 -0.8408904590412889
3 30 0.20556076136718454 0 2.3991497537509985 -1.0577649248276892 -0.847630172089802 -1.0726828202689407 -1.2914651571323197 -0.5169337264925279 -0.6505951030023314 -0.5788383607027585 -0.6767008969680801 -0.5578647288341848 -0.9736444247638276
4 40 0.2414429142585229 0 1.9707649828288145 -0.9314244691712807 -0.5641249410113642 -1.104019251679115 -0.9273802881446819 -0.4855173089812587 -0.32405919436911135 -0.5533204075576226 -0.47701833904709456 -0.6609291913372475 -1.0627751769322284
5 50 0.29422962259653546 0 1.4815882110493135 -0.6686557028255423 -0.19769911534766482 -1.2387709111607719 -0.9469899171213476 0.2104455500562648 -0.2815268285978688 -0.2822956241357355 -0.1910723002793301 -0.6589498703174388 -1.0018454151000258
6 60 0.3485668681027887 0 1.0592195480238435 -0.3171305869101987 -0.6607481379964454 -0.828249621709894 -0.4767089924667376 -0.22126567162235644 -0.7268393281873062 0.053295723549384444 -0.21410712627844025 -0.2113889875673553 -0.7178043582942777
7 70 0.42378607601273105 0 0.6869065710853551 -0.11148274496735833 0.007346398848542768 -0.5074136051059783 -0.08974846156411842 -0.10136357376968624 -0.1123095547708447 -0.35537968796280534 -0.6896697786480537 0.04216341591963679 -0.9736004918742933
8 80 0.5018706149358777 0 0.4627103241097119 -1.057032949673221 -0.046730434629889975 -0.4373952441443629 0.0073736720634734465 0.43141369363920135 -0.1314352202355699 0.3883715367549663 -0.29109108159349834 0.660202005089651 -0.6528950964048185
9 90 0.5459622227339189 0 0.4136873167104049 -0.7665748755615993 -0.5420054050005617 -0.4253075662231389 -0.16158518530185978 0.20781257310165271 -0.1812214911018145 0.07225415712921873 0.7997789522630953 0.05429723249046106 -0.4060339962866568
10 100 0.5859836560143925 0 0.11229185917707989 0.049752268391912935 0.5206929466542812 -0.409122331825802 -0.30259183796362293 0.15600338910185252 0.20411088184855064 0.10672060865870511 0.1812888526690768 0.6979122475374804 -0.26318052636761824
11 110 0.6191526508093523 0 0.08674575110612263 0.14371808179812195 0.06474729770658808 0.3925136802854666 -0.35391282717786154 0.41219427526719654 0.12331678639380861 -0.09636791795892102 0.31372931793772585 -0.5651786298172803 0.16509913103417506
12 120 0.6013783024213832 0 0.07702232337836465 -0.007423425910997095 -0.10062319971603395 -0.21028212204436472 0.17312592559344891 0.3897809434282177 0.22359829076796245 -0.039003773038018275 -0.17446841919069933 -0.4422418565163964 -0.2943548910673961
13 130 0.5657335670230597 0 0.0548927035626343 0.4799704788808866 0.07358230691378874 -0.5054605258710538 0.42876068970957315 0.37234785903976697 0.12163849987295573 0.15750106548283638 0.1323507852754895 -0.022450828816775792 0.11088915569662303
14 140 0.5108557290540349 0 0.1626913163598856 0.4778993708602747 -0.17830301916881341 -0.6102647175038965 -0.009956603534989505 0.3821374538866352 0.3595847731918064 0.27599734015463373 -0.4107622080056804 -0.5849298455781329 0.21665824967538266
15 150 0.4652027134423936 0 0.04339402225219475 0.560692242041283 0.2334699239106139 0.15286472548145436 -0.10995638528179363 0.8754041196876894 0.44187140132129077 0.11739570003623606 0.2025140182512083 0.37608587362212836 0.21440488929307885
16 160 0.4461467946219326 0 0.08642945239708934 0.31286199290741934 0.35961356761287794 0.22358196449800474 0.4897013616810658 0.2804763319331845 0.43724785263845745 0.6348317829328171 -0.14616434425870903 0.9143804813591188 -0.08706226457392874
17 170 0.4373190016913015 0 0.05787958467965884 0.6230730892157037 0.3916175567528476 0.07200700757337015 0.12218847478809267 0.08621795262632392 0.7556620345700906 0.6739847948702301 0.08138738818983876 -0.03438271820825689 0.16977465580255333
18 180 0.4275754336321027 0 0.08100389224132458 0.3989128961792313 0.2646774332134798 -0.20117832070412878 0.7259194785102914 -0.031454811481082035 0.6914140854589081 0.5168186134252459 0.653872217327605 0.41934045273460496 0.6506063346369905
19 190 0.4095899475822521 0 0.03137253335104818 0.40177102006969884 0.056410482670001205 0.8159302904389116 0.21806334539128772 0.43739682526113716 0.4418069649778582 0.5685182000686497 0.3695996646575615 0.36222928831667867 -0.03203098699236223
20 200 0.3977510177110916 0 0.08637986411768456 1.0999488078021549 0.17991519253119964 0.36295834215506045 0.3372326472554777 -0.050628058079903726 0.6504533947187326 0.6790960853120283 0.5393435320718862 0.13621942134302747 0.4938427513940026
21 210 0.3547268800185809 0 0.061985680031038055 0.8971783755811543 0.45727964295465934 0.582803209893228 0.269955994420716 0.03381782644139084 0.6278589185394678 0.8541961873027941 0.40214966676588615 0.24888341669366779 0.07782588182942474
22 220 0.33259102136627033 0 0.0976406194562603 0.6962665479327597 -0.08872086593965861 0.012253223824297999 0.0826264808064738 0.5010707303290717 0.42474368628193104 0.44689960506421966 -0.35027308563870374 -0.16734011962939288 0.17212147853859103
23 230 0.321185507037289 0 0.09406382136345602 0.5600208008727005 -0.13465905351252633 0.16989429151969493 0.11311376758318083 0.9452044015129093 0.508111557323754 0.5232347452655173 0.15368430699380475 0.8189730917934169 0.20613838128519346
24 240 0.3031864607852285 0 0.022141844768857083 0.9209747122766199 0.144959119385134 0.36854312053455796 0.20973672726717585 0.5846648428584404 0.5353636981381815 0.4158731160454948 0.6277184632828428 0.5362231515928816 0.3646355464259952
25 250 0.2797238993189648 0 0.024281215313861338 0.522850408549123 0.24750900662052822 0.13326765936214988 0.009350728395990188 0.38185058176627795 0.30084709251619246 0.30494627638964794 0.7087613814514873 0.4204985229484736 0.2818879348686825
26 260 0.26734467230284936 0 0.022716243372335562 0.5166012976509384 0.32669899030932503 0.1185344326489291 -0.1895458022563004 0.29409772735568174 0.3462773270890058 0.03677639175859615 0.22347701068554637 0.23497425092770127 0.10977916858037351
27 270 0.25381712083162267 0 -9.081144356141497e-06 0.4094536998570923 0.45196950002760433 0.2710106688916084 0.1005013337739862 0.18964332205444107 0.29460176031521945 0.2590156512118396 0.016104420378699635 0.22549168984192972 0.30184106392080756
28 280 0.24218145344343106 0 -9.10540699475484e-05 0.2660144718739952 0.4250428362650634 0.4850949719745593 0.2234462112555402 0.40630993455279724 0.2347893902459818 0.3714587558745773 0.2863122680519848 0.5613427016166147 0.3466695103359469
29 290 0.23245576338844534 0 -3.640836636542661e-05 0.3416068282811626 0.2542318135425114 0.43687298273136166 0.45006255519844635 0.1815574138104721 0.0589237664725812 0.10250457816436445 0.36666217123337547 0.3760073609265945 0.5174792970583484
30 300 0.23802670939617684 0 0.013566702302758 -0.06903960588630037 0.43506702992907204 0.6284332722059129 0.27267826748147544 0.3076565889219546 0.2933153351554596 0.10781415167415712 0.2958817658072808 0.5035652194746925 0.36528355523623945
31 310 0.2346489945248665 0 0.008392256233038048 0.17945243942424344 0.304971467706191 0.6086821480616671 0.484008398130115 0.8065101752217304 0.39495765903862096 0.39704359414582496 0.17525616762137192 0.7139227004079501 0.5412806161257038
32 320 0.21147436607668965 0 0.011019867677132436 0.05683642002725356 0.4853380018336842 0.43547559442538314 0.46904898106402604 0.5497534612127427 0.2220237584814083 0.08632586655108544 0.18620808753796442 0.374754482366701 0.3628728197898377
33 330 0.1868633741189768 0 -0.00018544480912264998 0.2806817586677295 0.2851686671653717 0.3661223136921858 0.33005270100117245 0.3178751673971227 0.17864742171842474 0.34568668658683305 0.21273863695364637 0.42584843463473165 0.22307216226857016
34 340 0.1685162797316551 0 -0.00032151024441720073 0.1193021808125713 0.2561820717308578 0.40982710552849066 0.24990393314844184 0.33564025103788847 0.23279844485607173 0.336149018041246 0.5167679651686994 0.3867543743014982 0.35757284953849294
35 350 0.1591619503119405 0 -0.0004251936323816231 0.05897830739558113 0.40549205236555413 0.4128785228638017 0.3091832746073158 0.2068434749903449 0.3453819188128996 0.3079317385632058 0.29656894909551174 0.33811193229063496 0.4278794248842759
36 360 0.1432436482348376 0 -0.0004787560621179498 0.2593934704585393 0.3358469704223289 0.30564277328971795 0.315924568659504 0.2371260493662253 0.2933927066927414 0.2728881318008506 0.38559061192996913 0.33437999022972337 0.5380225026897085
37 370 0.133081336679469 0 -0.0003343901520704883 0.15368951584671225 0.34459926885856196 0.35955744150670443 0.3093939764436913 0.19730599496620818 0.08003186802242057 0.3987987085993206 0.29136693689064064 0.4054056874898276 0.4993734933644557
38 380 0.12453969435453274 0 -0.000404446917281531 0.2138567219673735 0.29930679284449374 0.3382996322981657 0.38487827405191544 0.19835057918726529 0.14265358340504028 0.3084782018436134 0.29786305107911565 0.4083863094748889 0.5391372272269027
39 390 0.12209379516173274 0 -0.000510903485104676 0.3475438477564746 0.4941165739730562 0.43512085793596983 0.44548595130166135 0.3418356907415413 0.18762315842007768 0.45828736538087805 0.354083910549586 0.41302611980395254 0.4598083622225487
40 400 0.110243379397591 0 -0.0012456052049454964 0.3902048995047069 0.4158978294565331 0.4939163250733966 0.3626263879731486 0.267693343797247 0.33245218663168086 0.4302241863100166 0.3053977626895367 0.3402724574197619 0.49723472544090214
41 410 0.09836292043180246 0 -0.0012536902234620356 0.3321592317179342 0.43778113183778367 0.42514524845675133 0.345671513187425 0.37473629658450425 0.25801672875530324 0.4064488117561594 0.3917810259256707 0.3782542917436806 0.5677621091263538
42 420 0.0881716237543456 0 -0.0014373703119113532 0.44356023055867294 0.43028742345704646 0.4244918595573138 0.35876738732512786 0.24081593888929134 0.33732084104611115 0.43313442260770785 0.34100664532946634 0.3832211570672037 0.5027343285096024
43 430 0.0823931345687753 0 -0.001416822640569667 0.34834172272877434 0.38933488652466225 0.4510698060182679 0.344185633220982 0.4003238736492105 0.3073116866092603 0.35147943834189743 0.2805679101104447 0.4088973154108957 0.5500768231117561
44 440 0.0781022172145649 0 -0.0016126688447370993 0.35662316216883905 0.46434370495736094 0.334220810603371 0.38484254992510264 0.34209669851391644 0.2858154705056086 0.3919204894469517 0.29584609975825615 0.45012440089777744 0.46120613993720316
45 450 0.07767451035640373 0 -0.0017231639264624354 0.31136663492021693 0.46147838282043857 0.4009856566831307 0.38065198405145745 0.3972133819580954 0.36860814682921555 0.4186216820497277 0.27736831805740253 0.37346113140096465 0.355326709392683
46 460 0.0760068619815826 0 -0.0018431436915670033 0.3810519611463292 0.41559562751779416 0.40897934118154633 0.3658560532580542 0.3491138470189487 0.3735015206075648 0.2975599202118746 0.3350784964353009 0.39481049968059656 0.3909815524792369
47 470 0.07593406419038935 0 -0.0017109635837237592 0.37022340609366367 0.46140816217840325 0.4361192661800304 0.32644454350187124 0.41340751660442665 0.4401749120775254 0.29670282857711694 0.3379547091052588 0.31010857694656324 0.3649667001385992
48 480 0.07738942591534839 0 -0.0016607009902210128 0.3558600401623972 0.43464248554808793 0.4845723402867007 0.33650961783700023 0.4245361793971408 0.43095704682673996 0.27996171325257735 0.35033337251349783 0.3542472410627435 0.3280937556337498
49 490 0.07569299588801523 0 -0.0013266805197391957 0.36090869850393265 0.4506687213236493 0.38277085633173963 0.27988121605429034 0.4172600796732775 0.4283969394506858 0.4162352255805222 0.24233292912054144 0.3442583213208284 0.3067914499141846
50 500 0.06767708511685398 0 -0.0013990614886787392 0.3664140993354994 0.4456199815866314 0.39183804762968605 0.406338360112297 0.2900455165610806 0.4445030711171272 0.35797202065522726 0.3055996232967207 0.4515292452510702 0.4241048057511687
51 510 0.061022255989973254 0 -0.0015811280343888518 0.3587107678176708 0.4188184686368805 0.42924895976386496 0.37960896430055335 0.31459354539413054 0.3964042174045093 0.3581774186878468 0.3215860453188676 0.371761470525369 0.42319127834088566
52 520 0.05586670707523106 0 -0.0014654914165079297 0.34967936523821347 0.4115609797460782 0.42599509054754897 0.3750307855422436 0.3751165525990046 0.39936416640293143 0.35147044572627983 0.32632753529906144 0.35026505559189347 0.39406039877369525
53 530 0.05075185092316274 0 -0.0017576543591382773 0.3618219982596178 0.42784547756866415 0.43774669243683734 0.3718114937925507 0.3417660573276403 0.37986605995120093 0.3528868937129949 0.3758777368406667 0.35731407599801684 0.377752430034071
54 540 0.044693418923392576 0 -0.0016782648640192416 0.3411931640770532 0.3997882258408497 0.40467063238507933 0.35264278869230037 0.3701142734140237 0.4367433303840559 0.3873072352307978 0.35519180354517543 0.3859993537729341 0.3812649160741205
55 550 0.042648985724599055 0 -0.0016437065346444498 0.38469892737917044 0.37678417387606 0.4164557989895415 0.3414227851668158 0.3620742083644547 0.4311332058352914 0.3483165802585479 0.37192632566652867 0.36019329830453517 0.3614669133671016
56 560 0.042043444797838024 0 -0.0015434168620662703 0.35827765684030605 0.40234622729835073 0.3842225894224595 0.3608007644311283 0.32221888939181154 0.4319998461362455 0.39502461242984604 0.38184751441438897 0.3968849386398075 0.3784314921214713
57 570 0.04105482736651436 0 -0.0014012194786378863 0.36050787200172535 0.3558407852534918 0.383722867738544 0.37805408967578613 0.3594768865609724 0.43658903735177634 0.3992084169072868 0.3235512318137971 0.3610313394628468 0.3656928819478456
58 580 0.04008831297640197 0 -0.0014940776666114374 0.3550394955314942 0.3749189291457415 0.40771522988326914 0.39773772796703116 0.34592348380517274 0.41562565392227413 0.38716529059846716 0.3396399285122359 0.37319891387134335 0.39141566374942544
59 590 0.039194239172784376 0 -0.0015006915260067962 0.35617839097404685 0.35293712189625537 0.38706319025079766 0.37090513522281027 0.39164281356636454 0.36790138641335 0.37275025311898036 0.34223802385432106 0.37621689564323074 0.4169637239192816
60 600 0.04025420790378853 0 -0.001556759386120728 0.36942178331961073 0.3672716441759528 0.3605041694733662 0.4156043900430879 0.38858628133511247 0.37791689149653035 0.37784338515734844 0.3423541525720775 0.401135083229266 0.38173187287637456
61 610 0.03796016790522125 0 -0.0014769959662056563 0.3491437344747406 0.39828271790031533 0.3954743352245206 0.38080917421241833 0.3656928576280243 0.4041778534471645 0.3837356702749251 0.36553304750407134 0.39847500371176764 0.342360983977935
62 620 0.035981240773054673 0 -0.0015442108489733197 0.3915795225287573 0.40355195825546025 0.36102724142166426 0.3818608530657936 0.3624630792594546 0.41896227909744777 0.3590842501789913 0.3553323253261425 0.3871963832724514 0.36310584698949394
63 630 0.03510109283765319 0 -0.0015892731241003927 0.36631567228732076 0.39008557822244977 0.40589626900005654 0.3919617513503258 0.37603676961793875 0.3551727280510584 0.3924387133911412 0.3742776230601353 0.3930202989023727 0.3582594241872027
64 640 0.03457446294899548 0 -0.0015701271923423564 0.36413998024237926 0.3963789848819009 0.37238162796077817 0.38361582106859243 0.38767609651119606 0.3438037432052669 0.38714644869619724 0.3646265805684027 0.3887924912502061 0.38564619453543086
65 650 0.03555814566959928 0 -0.001579710191966621 0.4069985223550132 0.39278945517957015 0.36634625287323336 0.37095182289638956 0.3443781521225728 0.3777722877343605 0.3685523421476798 0.3849354940071311 0.3659172080803614 0.3879745011139048
66 660 0.03343774393940155 0 -0.0015826698465322435 0.3926314154460825 0.38296253037926015 0.3774660885219477 0.3755969626476136 0.3961178440016035 0.37826614679503895 0.3907976625580315 0.3691258502038885 0.37055428896347076 0.3868350103346203
67 670 0.03141346421819342 0 -0.0015031456157251087 0.40914530691754974 0.3761603885449127 0.38878463872083296 0.3752910438280605 0.38147813714965323 0.37349123994064615 0.36781172654673866 0.3895997186250645 0.3436873928453995 0.3998047230791751
68 680 0.027782212319589102 0 -0.0014719580029304733 0.38511048316009566 0.39615767629364873 0.4024597252410472 0.3700449732185667 0.3578807441772888 0.359797728128908 0.35324840227013987 0.37626051186423937 0.3939957124673631 0.367729092402948
69 690 0.026039205663127746 0 -0.0015038162200988463 0.37563251630629296 0.3898120247492792 0.37858374075682727 0.3669443117655362 0.3866375124907709 0.34636886735138417 0.37703616667438095 0.3764393561717777 0.39584632632791206 0.3683278854873756
70 700 0.023315631644456297 0 -0.0015264294797330334 0.38000509372134783 0.3812831365081445 0.3902625670005403 0.37052208007939186 0.37442015929333744 0.3831652529435262 0.36690221627889275 0.371163591990331 0.389909936100691 0.35062880194405444
71 710 0.02030006191109717 0 -0.00153479478623226 0.3893946635105748 0.3743932908044464 0.37840075577278887 0.3763144972935715 0.37472135944240187 0.3839651568843733 0.36821932063473645 0.37787233576914964 0.3877356027209164 0.372687506261358
72 720 0.018716212946780518 0 -0.0014749882119956769 0.39654567820473624 0.3890835918529674 0.3630024307327367 0.3636063433740667 0.3896252967749827 0.3864273129237625 0.3686827884630944 0.3793334102441311 0.3870557354764043 0.36837456594330814
73 730 0.016562712103865018 0 -0.0014702077925275508 0.39868451547881206 0.37390413874902073 0.3738373912216506 0.3660023643557308 0.3902544300701889 0.39149691148111454 0.3703367405087282 0.3739959067286455 0.37849920088470956 0.37811400372178255
74 740 0.0151057613247321 0 -0.0015002991089236091 0.38649825572669355 0.39228613696329506 0.3864755741556286 0.3727745959833672 0.38817415411556006 0.37153622076901177 0.36312847455873465 0.3673225825250059 0.3756154698286558 0.3744159452776221
75 750 0.013210242721791514 0 -0.0014807437525864 0.37827320067011266 0.38424836718225436 0.38141569960549754 0.36267214798436775 0.3775364712926629 0.3705075251982065 0.37065179722055974 0.37757850160337253 0.38243646814118193 0.3948205827173979
76 760 0.01215113257609228 0 -0.001501378562315079 0.36922080392094647 0.3802304507005536 0.375585748114384 0.37441221259108903 0.3737897723874999 0.372275099475151 0.36981958828808803 0.3812007798819503 0.38724784471867335 0.39769976209674546
77 770 0.011513207749116182 0 -0.0015082415214334854 0.37921935500509746 0.3875371289974595 0.3771124312846246 0.3652639730309483 0.3880606124754226 0.3739790417686182 0.3758480256474631 0.3722783902632465 0.3759296133012298 0.38538139410199973
78 780 0.011144288936592526 0 -0.0015079212032052753 0.3750133803177647 0.3864243876129247 0.3779278101893764 0.37189473537426426 0.37820987018504415 0.3791551551010079 0.37494727097905844 0.383996648025748 0.3740176167282465 0.3773846455088168
79 790 0.012125135671515895 0 -0.0014936044880380624 0.37045513723992374 0.3881280452361931 0.37991922161886826 0.3767765767094713 0.3787328752945206 0.37121084983997266 0.38283723390466523 0.391236648538072 0.3780623642217298 0.3755700304656024
80 800 0.01201577764248329 0 -0.001503907280425702 0.3803075702345733 0.3835847102777717 0.3866294178807356 0.3726686626663913 0.3798781366932254 0.3685263575744247 0.376068333713571 0.3800557871839364 0.38686600216526523 0.3810581417143876
81 810 0.011128149998376316 0 -0.0015038706950554518 0.3837033910480421 0.3881892673739467 0.38557985055353355 0.3739960688541346 0.3829486140290606 0.382351300112131 0.37715884190669385 0.3764346779622948 0.3780109429177269 0.371166549971336
82 820 0.010495252685458206 0 -0.0015024105677550095 0.3730156125105198 0.38275553393903583 0.38434207793552244 0.37244958384260485 0.3808338580750837 0.3800899822935772 0.38288978975783583 0.381729528631201 0.38491584930535205 0.3717575624185957
83 830 0.010720572929136233 0 -0.0015094740414868398 0.3844480947861968 0.3752386139519281 0.3833803627567086 0.37660743191317014 0.3760659498138915 0.3879364639607755 0.38314920763270216 0.37674271520477753 0.37443833250663366 0.37755988093536086
84 840 0.010258798620642582 0 -0.0014912030247278766 0.3808359594462111 0.37509917261848646 0.3859768660357207 0.3791320233529251 0.38110338609910627 0.3771275120170885 0.382622093170039 0.37782580628807044 0.37128055682446803 0.38383412896774594
85 850 0.009899265519694894 0 -0.001481775454996694 0.3870066372717581 0.3729327472447964 0.3768624889819478 0.3783130340415686 0.38286067364745496 0.3879996501269877 0.3843470607167095 0.379078268384966 0.3795813140535396 0.37423897447082155
86 860 0.009070762662219067 0 -0.001468561880563223 0.38411549600205763 0.3813768375159692 0.3854398294145833 0.374186993010178 0.3830180515661105 0.37949044074698585 0.3795578386473344 0.3758992626260826 0.3756836788395005 0.382579350821234
87 870 0.008491519124532717 0 -0.0014678533210780028 0.38649936736041124 0.3852932990148766 0.38314645138644055 0.3734204780384204 0.3869453362586502 0.38329193460703337 0.3756150671445768 0.38116987179261264 0.37913104528229946 0.371060292198151
88 880 0.007884244181687339 0 -0.0014736429087696048 0.3880609913496061 0.3791492407935411 0.38469709384814194 0.3794564309324037 0.385782831711751 0.3775949251169441 0.3829860692968769 0.37807707284902325 0.3852027501700969 0.37377958320992394
89 890 0.007943227136727554 0 -0.0014702730010784245 0.385065407031257 0.3789724547144432 0.3821630927361901 0.3815955790620204 0.3836299494975888 0.38003287228452215 0.3789098626047962 0.38610524065026225 0.38086850492779095 0.37859570856241365
90 900 0.00826158315529516 0 -0.0014645317666506078 0.3886195417476528 0.3825814231200815 0.3818899675467959 0.3801186582285722 0.3855082991294063 0.37819018703872426 0.3784044883104817 0.3790796066280721 0.38663925822579626 0.38037857965748184
91 910 0.008829563008011552 0 -0.0014433973952393299 0.380948987001179 0.38705767496395377 0.3772376232064832 0.3822721145439332 0.3893495523328408 0.3800421257179993 0.38099278216133703 0.3843074169758229 0.3845779938160546 0.37876025398293933
92 920 0.009085422944572893 0 -0.0014447104158207115 0.37857957179765284 0.38622010333990303 0.3841144454347751 0.3853942905978946 0.38199749345177614 0.38495914199009457 0.3840155765461771 0.3827658217823118 0.3811062091084055 0.3789922454119119
93 930 0.009245287519889801 0 -0.0014586830468403258 0.3806877114632668 0.38162767921870683 0.3880677579800011 0.38455708337181826 0.3760494920672013 0.38466215949118326 0.3800404971588898 0.3845278836660733 0.3851197484686308 0.38491592672456026
94 940 0.008655546404145877 0 -0.0014401406949891102 0.3897454481586018 0.3838748619853351 0.38104748602542515 0.3845185169759331 0.37929199386871776 0.3776158861105235 0.375763385669536 0.38258120957913666 0.3798286234124586 0.3902801963693623
95 950 0.008531438672236278 0 -0.0014667153259095144 0.3921483961854129 0.3846295449770177 0.3818267631100672 0.38628700458516857 0.3833253150865224 0.3809836094559593 0.3775145875079579 0.37987822074673755 0.3779728191811496 0.3816490911030671
96 960 0.00868021045024646 0 -0.0014511281493860878 0.38411532134334764 0.38679220288915084 0.37665641181908394 0.389012103006459 0.38878375074733 0.38890650203884586 0.3765314421505913 0.3827831288524439 0.3759904910593525 0.38040291190381065
97 970 0.008646968713920575 0 -0.0014438756408236399 0.3873621585385321 0.386977020315268 0.3727552384873713 0.38677199411661606 0.38670443848820396 0.38307739080671394 0.3806123596844944 0.38054006127862056 0.38369025706179477 0.38827791612507184
98 980 0.007735535538052718 0 -0.0014524326778481349 0.387142417372061 0.38417863608849573 0.37645367955562503 0.38822953570379864 0.3855690707685971 0.3819665031149759 0.37418779659690216 0.3787440265776397 0.3835509248188233 0.3870058479540812
99 990 0.007200658628951784 0 -0.0014480826462570158 0.3842448376503482 0.38435728310207956 0.38200605785720226 0.3850988778562234 0.38271136026477 0.3795616374331868 0.38422686533447814 0.38282168758663154 0.3852185190047133 0.3838158209089744
100 1000 0.006574238124286987 0 -0.0014374873056151112 0.38368319410004703 0.3829566883323917 0.3812385762487506 0.38552369165496914 0.38347649777370496 0.3811678385654245 0.37839075168178926 0.38435455731053303 0.3849732338382198 0.3843229062173268
101 1010 0.006182886924828214 0 -0.0014402426458604645 0.3837718532261622 0.3853033490180577 0.3801131047832972 0.385858594830598 0.3864281316201638 0.3802515610740034 0.37917779214707265 0.386271408319636 0.3827528544778142 0.38255871618291687
102 1020 0.005609552337971524 0 -0.0014413746415339827 0.3841573029885866 0.37931048823769 0.385039945445627 0.3871652270835783 0.382029384783256 0.38188298836022744 0.3816143360080294 0.3849268916588181 0.38325850048197796 0.3825536563546199
103 1030 0.005067940472020106 0 -0.0014273863075748585 0.37968948927157004 0.3817796191822602 0.38066205113276 0.38501031840549693 0.3887597895394786 0.3820928499762078 0.3825098432535643 0.38555944723734803 0.3816798818456625 0.3825441515435367
104 1040 0.0045073778961218945 0 -0.0014407810515194334 0.3854675348047487 0.3836870700297071 0.38112354699795475 0.38561124013880715 0.3850327958187561 0.3822843615767116 0.38110148849413605 0.38462482885094784 0.38237684148853207 0.38265171874671033
105 1050 0.004087484497284502 0 -0.0014348525504910043 0.3819099931014669 0.38278987439736717 0.38216516760515795 0.3856333267001127 0.3851620650044728 0.38160508548463645 0.3826177397824304 0.3867996012257645 0.3837670104574177 0.3813285780230044
106 1060 0.0038709132775399287 0 -0.0014523446562431342 0.38555577225232707 0.38405646659464515 0.3823409877911051 0.38191477937065327 0.3844668377882413 0.38269209065977516 0.38412301461553805 0.385272462428648 0.383514892706391 0.38167508992077814
107 1070 0.003876311704280212 0 -0.0014487850105202099 0.3818838627351192 0.3855923437258816 0.38301612605850377 0.38450397355798 0.38294903882217324 0.38316566902820287 0.3834663487047865 0.38327317441322917 0.38577824612708195 0.38258639903555564
108 1080 0.0033870267559621974 0 -0.0014459155078404733 0.3852050507955825 0.3834512036909152 0.3824556785697903 0.3846536245483009 0.3837783116581293 0.38260627846141687 0.3817166535375939 0.3849603431477322 0.3833060549011642 0.381652831434144
109 1090 0.0032501326077374036 0 -0.0014389189513946703 0.382956902251102 0.3833201673718125 0.3849770900282684 0.3843778029948077 0.38509306637498025 0.38382974345323295 0.3820501627851367 0.3850353702697776 0.38390165579500213 0.3817725763193576
110 1100 0.0032485599028965377 0 -0.0014303083088755707 0.38567607402277726 0.3836023299098454 0.3836581038846205 0.3838871011647583 0.3842172478979419 0.3847373948629001 0.38307100277496137 0.38385533243876574 0.3827689067186549 0.3816022907597463
111 1110 0.003137965126254433 0 -0.0014293065145383904 0.38456446640605024 0.38332890443398876 0.383692137467286 0.38384575615497335 0.38494117965809455 0.3850557098879077 0.38065888755010874 0.38267112133367615 0.38389563002975063 0.3832575841094181
112 1120 0.0031481702751869098 0 -0.0014334847464052708 0.3846748393900687 0.38476710613759363 0.3849882605204931 0.385806630063079 0.38456779861259244 0.383690835632428 0.3819550773118854 0.3812642606332963 0.3837476882010958 0.3829112827359989
113 1130 0.0031185697106799895 0 -0.0014299186391613196 0.38324745987193665 0.3843887976464611 0.3853628178386556 0.38387612374395363 0.38687600428858254 0.3827744723627465 0.3837446977702045 0.381664604134167 0.38378712286677563 0.38199653113781157
114 1140 0.0030031682928389307 0 -0.001423938328624452 0.38363259258876387 0.3848193741986464 0.3850995339191241 0.3855744680289107 0.38563676983182493 0.3823331513590064 0.38393213677028437 0.3826882639587501 0.3830256493532455 0.3830906068518395
115 1150 0.0026829896706144023 0 -0.001423580132990605 0.38378401253139754 0.38502704622910966 0.38458222420463395 0.3851823075005631 0.3838362080426388 0.3835511586799472 0.38345684525456625 0.3815036386244003 0.38309107673214754 0.3826974002551292
116 1160 0.0024529711715596896 0 -0.0014313629205379929 0.38246206205329025 0.3850470164501266 0.38520528941751286 0.38526099385407664 0.3847395852550384 0.38369443650493495 0.38344196719626156 0.3818913774859283 0.38400091330096364 0.3835858278533175
117 1170 0.0025156438733002482 0 -0.0014295556258687007 0.38453575481433433 0.38387894599076505 0.3836288615874782 0.3837995322830896 0.3846792589005229 0.386377401705985 0.3844052430117447 0.3821505024860492 0.38169785035557585 0.38286486893708194
118 1180 0.0023607131779212246 0 -0.0014273624825765184 0.38277861189693174 0.3840857988278663 0.38380656567350807 0.3849559059683375 0.38565560908761776 0.38331976414224045 0.3850731774927976 0.38332603327010495 0.3825536963913941 0.38271630779031146
119 1190 0.002266813019831251 0 -0.001427166553646857 0.3833611251031211 0.38314127348302585 0.3831887552065549 0.3835567611142088 0.385621719338383 0.38327209547375846 0.38507746997532843 0.38385514453943353 0.3831098373253042 0.38356865967513765
