% # columns="iteration, evaluation, min max(neg(.)) min(pos(.)) max correlation, correlation matrix principle axes lengths  (sorted square roots of eigenvalues of correlation matrix)", seed=845919, Mon Mar  9 17:25:48 2020
1 10 -0.039299269916104815 -0.014273882297154832 0.008099919859724213 0.06832483395997993 0.9438295660718456 0.9745386554821133 0.9795490533943009 0.9869253409956066 0.9951539846709818 1.0001351090670232 1.0045768938379545 1.0135233921940316 1.0324393168439117 1.0644177505833936
2 20 -0.039299269916104815 -0.014273882297154832 0.008099919859724213 0.06832483395997993 0.9438295660718456 0.9745386554821133 0.9795490533943009 0.9869253409956066 0.9951539846709818 1.0001351090670232 1.0045768938379545 1.0135233921940316 1.0324393168439117 1.0644177505833936
3 30 -0.039299269916104815 -0.014273882297154832 0.008099919859724213 0.06832483395997993 0.9438295660718456 0.9745386554821133 0.9795490533943009 0.9869253409956066 0.9951539846709818 1.0001351090670232 1.0045768938379545 1.0135233921940316 1.0324393168439117 1.0644177505833936
4 40 -0.039299269916104815 -0.014273882297154832 0.008099919859724213 0.06832483395997993 0.9438295660718456 0.9745386554821133 0.9795490533943009 0.9869253409956066 0.9951539846709818 1.0001351090670232 1.0045768938379545 1.0135233921940316 1.0324393168439117 1.0644177505833936
5 50 -0.039299269916104815 -0.014273882297154832 0.008099919859724213 0.06832483395997993 0.9438295660718456 0.9745386554821133 0.9795490533943009 0.9869253409956066 0.9951539846709818 1.0001351090670232 1.0045768938379545 1.0135233921940316 1.0324393168439117 1.0644177505833936
6 60 -0.039299269916104815 -0.014273882297154832 0.008099919859724213 0.06832483395997993 0.9438295660718456 0.9745386554821133 0.9795490533943009 0.9869253409956066 0.9951539846709818 1.0001351090670232 1.0045768938379545 1.0135233921940316 1.0324393168439117 1.0644177505833936
7 70 -0.039299269916104815 -0.014273882297154832 0.008099919859724213 0.06832483395997993 0.9438295660718456 0.9745386554821133 0.9795490533943009 0.9869253409956066 0.9951539846709818 1.0001351090670232 1.0045768938379545 1.0135233921940316 1.0324393168439117 1.0644177505833936
8 80 -0.039299269916104815 -0.014273882297154832 0.008099919859724213 0.06832483395997993 0.9438295660718456 0.9745386554821133 0.9795490533943009 0.9869253409956066 0.9951539846709818 1.0001351090670232 1.0045768938379545 1.0135233921940316 1.0324393168439117 1.0644177505833936
9 90 -0.039299269916104815 -0.014273882297154832 0.008099919859724213 0.06832483395997993 0.9438295660718456 0.9745386554821133 0.9795490533943009 0.9869253409956066 0.9951539846709818 1.0001351090670232 1.0045768938379545 1.0135233921940316 1.0324393168439117 1.0644177505833936
10 100 -0.039299269916104815 -0.014273882297154832 0.008099919859724213 0.06832483395997993 0.9438295660718456 0.9745386554821133 0.9795490533943009 0.9869253409956066 0.9951539846709818 1.0001351090670232 1.0045768938379545 1.0135233921940316 1.0324393168439117 1.0644177505833936
11 110 -0.2459386017509832 -0.09398512890496175 0.038112359601144924 0.25545136467541485 0.6406319171534189 0.8297802393472017 0.9197004900941589 0.9280707171606783 0.9944471601274874 1.0104056911501602 1.0714334166956048 1.1261240825384502 1.1495734203397359 1.2026646973083266
12 120 -0.2459386017509832 -0.09398512890496175 0.038112359601144924 0.25545136467541485 0.6406319171534189 0.8297802393472017 0.9197004900941589 0.9280707171606783 0.9944471601274874 1.0104056911501602 1.0714334166956048 1.1261240825384502 1.1495734203397359 1.2026646973083266
13 130 -0.2459386017509832 -0.09398512890496175 0.038112359601144924 0.25545136467541485 0.6406319171534189 0.8297802393472017 0.9197004900941589 0.9280707171606783 0.9944471601274874 1.0104056911501602 1.0714334166956048 1.1261240825384502 1.1495734203397359 1.2026646973083266
14 140 -0.2459386017509832 -0.09398512890496175 0.038112359601144924 0.25545136467541485 0.6406319171534189 0.8297802393472017 0.9197004900941589 0.9280707171606783 0.9944471601274874 1.0104056911501602 1.0714334166956048 1.1261240825384502 1.1495734203397359 1.2026646973083266
15 150 -0.2459386017509832 -0.09398512890496175 0.038112359601144924 0.25545136467541485 0.6406319171534189 0.8297802393472017 0.9197004900941589 0.9280707171606783 0.9944471601274874 1.0104056911501602 1.0714334166956048 1.1261240825384502 1.1495734203397359 1.2026646973083266
16 160 -0.2459386017509832 -0.09398512890496175 0.038112359601144924 0.25545136467541485 0.6406319171534189 0.8297802393472017 0.9197004900941589 0.9280707171606783 0.9944471601274874 1.0104056911501602 1.0714334166956048 1.1261240825384502 1.1495734203397359 1.2026646973083266
17 170 -0.2459386017509832 -0.09398512890496175 0.038112359601144924 0.25545136467541485 0.6406319171534189 0.8297802393472017 0.9197004900941589 0.9280707171606783 0.9944471601274874 1.0104056911501602 1.0714334166956048 1.1261240825384502 1.1495734203397359 1.2026646973083266
18 180 -0.2459386017509832 -0.09398512890496175 0.038112359601144924 0.25545136467541485 0.6406319171534189 0.8297802393472017 0.9197004900941589 0.9280707171606783 0.9944471601274874 1.0104056911501602 1.0714334166956048 1.1261240825384502 1.1495734203397359 1.2026646973083266
19 190 -0.2459386017509832 -0.09398512890496175 0.038112359601144924 0.25545136467541485 0.6406319171534189 0.8297802393472017 0.9197004900941589 0.9280707171606783 0.9944471601274874 1.0104056911501602 1.0714334166956048 1.1261240825384502 1.1495734203397359 1.2026646973083266
20 200 -0.2459386017509832 -0.09398512890496175 0.038112359601144924 0.25545136467541485 0.6406319171534189 0.8297802393472017 0.9197004900941589 0.9280707171606783 0.9944471601274874 1.0104056911501602 1.0714334166956048 1.1261240825384502 1.1495734203397359 1.2026646973083266
21 210 -0.23674796733349884 -0.11423854165568204 0.01939567386155979 0.1087904235472213 0.6966589404802299 0.8373940039177467 0.8927554221592326 0.9347418946529618 0.9873150923671529 0.9940864314765949 1.0557725368734725 1.1021795436192876 1.1897797348208863 1.1977699324979276
22 220 -0.23674796733349884 -0.11423854165568204 0.01939567386155979 0.1087904235472213 0.6966589404802299 0.8373940039177467 0.8927554221592326 0.9347418946529618 0.9873150923671529 0.9940864314765949 1.0557725368734725 1.1021795436192876 1.1897797348208863 1.1977699324979276
23 230 -0.23674796733349884 -0.11423854165568204 0.01939567386155979 0.1087904235472213 0.6966589404802299 0.8373940039177467 0.8927554221592326 0.9347418946529618 0.9873150923671529 0.9940864314765949 1.0557725368734725 1.1021795436192876 1.1897797348208863 1.1977699324979276
24 240 -0.23674796733349884 -0.11423854165568204 0.01939567386155979 0.1087904235472213 0.6966589404802299 0.8373940039177467 0.8927554221592326 0.9347418946529618 0.9873150923671529 0.9940864314765949 1.0557725368734725 1.1021795436192876 1.1897797348208863 1.1977699324979276
25 250 -0.23674796733349884 -0.11423854165568204 0.01939567386155979 0.1087904235472213 0.6966589404802299 0.8373940039177467 0.8927554221592326 0.9347418946529618 0.9873150923671529 0.9940864314765949 1.0557725368734725 1.1021795436192876 1.1897797348208863 1.1977699324979276
26 260 -0.23674796733349884 -0.11423854165568204 0.01939567386155979 0.1087904235472213 0.6966589404802299 0.8373940039177467 0.8927554221592326 0.9347418946529618 0.9873150923671529 0.9940864314765949 1.0557725368734725 1.1021795436192876 1.1897797348208863 1.1977699324979276
27 270 -0.23674796733349884 -0.11423854165568204 0.01939567386155979 0.1087904235472213 0.6966589404802299 0.8373940039177467 0.8927554221592326 0.9347418946529618 0.9873150923671529 0.9940864314765949 1.0557725368734725 1.1021795436192876 1.1897797348208863 1.1977699324979276
28 280 -0.23674796733349884 -0.11423854165568204 0.01939567386155979 0.1087904235472213 0.6966589404802299 0.8373940039177467 0.8927554221592326 0.9347418946529618 0.9873150923671529 0.9940864314765949 1.0557725368734725 1.1021795436192876 1.1897797348208863 1.1977699324979276
29 290 -0.23674796733349884 -0.11423854165568204 0.01939567386155979 0.1087904235472213 0.6966589404802299 0.8373940039177467 0.8927554221592326 0.9347418946529618 0.9873150923671529 0.9940864314765949 1.0557725368734725 1.1021795436192876 1.1897797348208863 1.1977699324979276
30 300 -0.23674796733349884 -0.11423854165568204 0.01939567386155979 0.1087904235472213 0.6966589404802299 0.8373940039177467 0.8927554221592326 0.9347418946529618 0.9873150923671529 0.9940864314765949 1.0557725368734725 1.1021795436192876 1.1897797348208863 1.1977699324979276
31 310 -0.3161816238900284 -0.11852863440398889 0.002836566890595076 0.20343320397682554 0.648000530560724 0.7784214836891934 0.8937451264628193 0.9200699773196352 0.9352601545397574 0.9851584359294463 1.0315942010835335 1.141554087385525 1.2324609177485375 1.263845420697134
32 320 -0.3161816238900284 -0.11852863440398889 0.002836566890595076 0.20343320397682554 0.648000530560724 0.7784214836891934 0.8937451264628193 0.9200699773196352 0.9352601545397574 0.9851584359294463 1.0315942010835335 1.141554087385525 1.2324609177485375 1.263845420697134
33 330 -0.3161816238900284 -0.11852863440398889 0.002836566890595076 0.20343320397682554 0.648000530560724 0.7784214836891934 0.8937451264628193 0.9200699773196352 0.9352601545397574 0.9851584359294463 1.0315942010835335 1.141554087385525 1.2324609177485375 1.263845420697134
34 340 -0.3161816238900284 -0.11852863440398889 0.002836566890595076 0.20343320397682554 0.648000530560724 0.7784214836891934 0.8937451264628193 0.9200699773196352 0.9352601545397574 0.9851584359294463 1.0315942010835335 1.141554087385525 1.2324609177485375 1.263845420697134
35 350 -0.3161816238900284 -0.11852863440398889 0.002836566890595076 0.20343320397682554 0.648000530560724 0.7784214836891934 0.8937451264628193 0.9200699773196352 0.9352601545397574 0.9851584359294463 1.0315942010835335 1.141554087385525 1.2324609177485375 1.263845420697134
36 360 -0.3161816238900284 -0.11852863440398889 0.002836566890595076 0.20343320397682554 0.648000530560724 0.7784214836891934 0.8937451264628193 0.9200699773196352 0.9352601545397574 0.9851584359294463 1.0315942010835335 1.141554087385525 1.2324609177485375 1.263845420697134
37 370 -0.3161816238900284 -0.11852863440398889 0.002836566890595076 0.20343320397682554 0.648000530560724 0.7784214836891934 0.8937451264628193 0.9200699773196352 0.9352601545397574 0.9851584359294463 1.0315942010835335 1.141554087385525 1.2324609177485375 1.263845420697134
38 380 -0.3161816238900284 -0.11852863440398889 0.002836566890595076 0.20343320397682554 0.648000530560724 0.7784214836891934 0.8937451264628193 0.9200699773196352 0.9352601545397574 0.9851584359294463 1.0315942010835335 1.141554087385525 1.2324609177485375 1.263845420697134
39 390 -0.3161816238900284 -0.11852863440398889 0.002836566890595076 0.20343320397682554 0.648000530560724 0.7784214836891934 0.8937451264628193 0.9200699773196352 0.9352601545397574 0.9851584359294463 1.0315942010835335 1.141554087385525 1.2324609177485375 1.263845420697134
40 400 -0.3161816238900284 -0.11852863440398889 0.002836566890595076 0.20343320397682554 0.648000530560724 0.7784214836891934 0.8937451264628193 0.9200699773196352 0.9352601545397574 0.9851584359294463 1.0315942010835335 1.141554087385525 1.2324609177485375 1.263845420697134
41 410 -0.409171374124108 -0.12423716768931978 0.021904791930104868 0.15783715071135065 0.57173067351331 0.7114022610842735 0.8240051355588347 0.9191445018072603 0.9509116428554626 1.0197830267439423 1.0345506905957773 1.14043158237301 1.2511211446385277 1.3277220955672961
42 420 -0.409171374124108 -0.12423716768931978 0.021904791930104868 0.15783715071135065 0.57173067351331 0.7114022610842735 0.8240051355588347 0.9191445018072603 0.9509116428554626 1.0197830267439423 1.0345506905957773 1.14043158237301 1.2511211446385277 1.3277220955672961
43 430 -0.409171374124108 -0.12423716768931978 0.021904791930104868 0.15783715071135065 0.57173067351331 0.7114022610842735 0.8240051355588347 0.9191445018072603 0.9509116428554626 1.0197830267439423 1.0345506905957773 1.14043158237301 1.2511211446385277 1.3277220955672961
44 440 -0.409171374124108 -0.12423716768931978 0.021904791930104868 0.15783715071135065 0.57173067351331 0.7114022610842735 0.8240051355588347 0.9191445018072603 0.9509116428554626 1.0197830267439423 1.0345506905957773 1.14043158237301 1.2511211446385277 1.3277220955672961
45 450 -0.409171374124108 -0.12423716768931978 0.021904791930104868 0.15783715071135065 0.57173067351331 0.7114022610842735 0.8240051355588347 0.9191445018072603 0.9509116428554626 1.0197830267439423 1.0345506905957773 1.14043158237301 1.2511211446385277 1.3277220955672961
46 460 -0.409171374124108 -0.12423716768931978 0.021904791930104868 0.15783715071135065 0.57173067351331 0.7114022610842735 0.8240051355588347 0.9191445018072603 0.9509116428554626 1.0197830267439423 1.0345506905957773 1.14043158237301 1.2511211446385277 1.3277220955672961
47 470 -0.409171374124108 -0.12423716768931978 0.021904791930104868 0.15783715071135065 0.57173067351331 0.7114022610842735 0.8240051355588347 0.9191445018072603 0.9509116428554626 1.0197830267439423 1.0345506905957773 1.14043158237301 1.2511211446385277 1.3277220955672961
48 480 -0.409171374124108 -0.12423716768931978 0.021904791930104868 0.15783715071135065 0.57173067351331 0.7114022610842735 0.8240051355588347 0.9191445018072603 0.9509116428554626 1.0197830267439423 1.0345506905957773 1.14043158237301 1.2511211446385277 1.3277220955672961
49 490 -0.409171374124108 -0.12423716768931978 0.021904791930104868 0.15783715071135065 0.57173067351331 0.7114022610842735 0.8240051355588347 0.9191445018072603 0.9509116428554626 1.0197830267439423 1.0345506905957773 1.14043158237301 1.2511211446385277 1.3277220955672961
50 500 -0.409171374124108 -0.12423716768931978 0.021904791930104868 0.15783715071135065 0.57173067351331 0.7114022610842735 0.8240051355588347 0.9191445018072603 0.9509116428554626 1.0197830267439423 1.0345506905957773 1.14043158237301 1.2511211446385277 1.3277220955672961
51 510 -0.40442497226928525 -0.15265953045333572 0.037563863483173046 0.1780170003205967 0.5222443189542827 0.6720404396681172 0.8460478320233528 0.8760294040829941 0.9734880368785572 0.9987833161691805 1.0679350948191881 1.1839310605415656 1.24152729362079 1.3279995683774752
52 520 -0.40442497226928525 -0.15265953045333572 0.037563863483173046 0.1780170003205967 0.5222443189542827 0.6720404396681172 0.8460478320233528 0.8760294040829941 0.9734880368785572 0.9987833161691805 1.0679350948191881 1.1839310605415656 1.24152729362079 1.3279995683774752
53 530 -0.40442497226928525 -0.15265953045333572 0.037563863483173046 0.1780170003205967 0.5222443189542827 0.6720404396681172 0.8460478320233528 0.8760294040829941 0.9734880368785572 0.9987833161691805 1.0679350948191881 1.1839310605415656 1.24152729362079 1.3279995683774752
54 540 -0.40442497226928525 -0.15265953045333572 0.037563863483173046 0.1780170003205967 0.5222443189542827 0.6720404396681172 0.8460478320233528 0.8760294040829941 0.9734880368785572 0.9987833161691805 1.0679350948191881 1.1839310605415656 1.24152729362079 1.3279995683774752
55 550 -0.40442497226928525 -0.15265953045333572 0.037563863483173046 0.1780170003205967 0.5222443189542827 0.6720404396681172 0.8460478320233528 0.8760294040829941 0.9734880368785572 0.9987833161691805 1.0679350948191881 1.1839310605415656 1.24152729362079 1.3279995683774752
56 560 -0.40442497226928525 -0.15265953045333572 0.037563863483173046 0.1780170003205967 0.5222443189542827 0.6720404396681172 0.8460478320233528 0.8760294040829941 0.9734880368785572 0.9987833161691805 1.0679350948191881 1.1839310605415656 1.24152729362079 1.3279995683774752
57 570 -0.40442497226928525 -0.15265953045333572 0.037563863483173046 0.1780170003205967 0.5222443189542827 0.6720404396681172 0.8460478320233528 0.8760294040829941 0.9734880368785572 0.9987833161691805 1.0679350948191881 1.1839310605415656 1.24152729362079 1.3279995683774752
58 580 -0.40442497226928525 -0.15265953045333572 0.037563863483173046 0.1780170003205967 0.5222443189542827 0.6720404396681172 0.8460478320233528 0.8760294040829941 0.9734880368785572 0.9987833161691805 1.0679350948191881 1.1839310605415656 1.24152729362079 1.3279995683774752
59 590 -0.40442497226928525 -0.15265953045333572 0.037563863483173046 0.1780170003205967 0.5222443189542827 0.6720404396681172 0.8460478320233528 0.8760294040829941 0.9734880368785572 0.9987833161691805 1.0679350948191881 1.1839310605415656 1.24152729362079 1.3279995683774752
60 600 -0.40442497226928525 -0.15265953045333572 0.037563863483173046 0.1780170003205967 0.5222443189542827 0.6720404396681172 0.8460478320233528 0.8760294040829941 0.9734880368785572 0.9987833161691805 1.0679350948191881 1.1839310605415656 1.24152729362079 1.3279995683774752
61 610 -0.4114697425018346 -0.15822612469438851 0.04254944702678802 0.3089884031167289 0.5958357852164046 0.6485344500808276 0.8230712936014375 0.8542416566598493 0.9006365665171224 0.9528410453793967 1.0632920470989324 1.1884281188498997 1.295277399919376 1.3702045194947718
62 620 -0.4114697425018346 -0.15822612469438851 0.04254944702678802 0.3089884031167289 0.5958357852164046 0.6485344500808276 0.8230712936014375 0.8542416566598493 0.9006365665171224 0.9528410453793967 1.0632920470989324 1.1884281188498997 1.295277399919376 1.3702045194947718
63 630 -0.4114697425018346 -0.15822612469438851 0.04254944702678802 0.3089884031167289 0.5958357852164046 0.6485344500808276 0.8230712936014375 0.8542416566598493 0.9006365665171224 0.9528410453793967 1.0632920470989324 1.1884281188498997 1.295277399919376 1.3702045194947718
64 640 -0.4114697425018346 -0.15822612469438851 0.04254944702678802 0.3089884031167289 0.5958357852164046 0.6485344500808276 0.8230712936014375 0.8542416566598493 0.9006365665171224 0.9528410453793967 1.0632920470989324 1.1884281188498997 1.295277399919376 1.3702045194947718
65 650 -0.4114697425018346 -0.15822612469438851 0.04254944702678802 0.3089884031167289 0.5958357852164046 0.6485344500808276 0.8230712936014375 0.8542416566598493 0.9006365665171224 0.9528410453793967 1.0632920470989324 1.1884281188498997 1.295277399919376 1.3702045194947718
66 660 -0.4114697425018346 -0.15822612469438851 0.04254944702678802 0.3089884031167289 0.5958357852164046 0.6485344500808276 0.8230712936014375 0.8542416566598493 0.9006365665171224 0.9528410453793967 1.0632920470989324 1.1884281188498997 1.295277399919376 1.3702045194947718
67 670 -0.4114697425018346 -0.15822612469438851 0.04254944702678802 0.3089884031167289 0.5958357852164046 0.6485344500808276 0.8230712936014375 0.8542416566598493 0.9006365665171224 0.9528410453793967 1.0632920470989324 1.1884281188498997 1.295277399919376 1.3702045194947718
68 680 -0.4114697425018346 -0.15822612469438851 0.04254944702678802 0.3089884031167289 0.5958357852164046 0.6485344500808276 0.8230712936014375 0.8542416566598493 0.9006365665171224 0.9528410453793967 1.0632920470989324 1.1884281188498997 1.295277399919376 1.3702045194947718
69 690 -0.4114697425018346 -0.15822612469438851 0.04254944702678802 0.3089884031167289 0.5958357852164046 0.6485344500808276 0.8230712936014375 0.8542416566598493 0.9006365665171224 0.9528410453793967 1.0632920470989324 1.1884281188498997 1.295277399919376 1.3702045194947718
70 700 -0.4114697425018346 -0.15822612469438851 0.04254944702678802 0.3089884031167289 0.5958357852164046 0.6485344500808276 0.8230712936014375 0.8542416566598493 0.9006365665171224 0.9528410453793967 1.0632920470989324 1.1884281188498997 1.295277399919376 1.3702045194947718
71 710 -0.37622232854554893 -0.1357762480613992 0.1238438095445647 0.38210814775300184 0.6407016792141724 0.6795134459907628 0.7613509867153443 0.8712551146690257 0.8962661444281508 0.9138785817945408 1.0729770613736107 1.1788863196907033 1.2770373488087738 1.4066548446613503
72 720 -0.37622232854554893 -0.1357762480613992 0.1238438095445647 0.38210814775300184 0.6407016792141724 0.6795134459907628 0.7613509867153443 0.8712551146690257 0.8962661444281508 0.9138785817945408 1.0729770613736107 1.1788863196907033 1.2770373488087738 1.4066548446613503
73 730 -0.37622232854554893 -0.1357762480613992 0.1238438095445647 0.38210814775300184 0.6407016792141724 0.6795134459907628 0.7613509867153443 0.8712551146690257 0.8962661444281508 0.9138785817945408 1.0729770613736107 1.1788863196907033 1.2770373488087738 1.4066548446613503
74 740 -0.37622232854554893 -0.1357762480613992 0.1238438095445647 0.38210814775300184 0.6407016792141724 0.6795134459907628 0.7613509867153443 0.8712551146690257 0.8962661444281508 0.9138785817945408 1.0729770613736107 1.1788863196907033 1.2770373488087738 1.4066548446613503
75 750 -0.37622232854554893 -0.1357762480613992 0.1238438095445647 0.38210814775300184 0.6407016792141724 0.6795134459907628 0.7613509867153443 0.8712551146690257 0.8962661444281508 0.9138785817945408 1.0729770613736107 1.1788863196907033 1.2770373488087738 1.4066548446613503
76 760 -0.37622232854554893 -0.1357762480613992 0.1238438095445647 0.38210814775300184 0.6407016792141724 0.6795134459907628 0.7613509867153443 0.8712551146690257 0.8962661444281508 0.9138785817945408 1.0729770613736107 1.1788863196907033 1.2770373488087738 1.4066548446613503
77 770 -0.37622232854554893 -0.1357762480613992 0.1238438095445647 0.38210814775300184 0.6407016792141724 0.6795134459907628 0.7613509867153443 0.8712551146690257 0.8962661444281508 0.9138785817945408 1.0729770613736107 1.1788863196907033 1.2770373488087738 1.4066548446613503
78 780 -0.37622232854554893 -0.1357762480613992 0.1238438095445647 0.38210814775300184 0.6407016792141724 0.6795134459907628 0.7613509867153443 0.8712551146690257 0.8962661444281508 0.9138785817945408 1.0729770613736107 1.1788863196907033 1.2770373488087738 1.4066548446613503
79 790 -0.37622232854554893 -0.1357762480613992 0.1238438095445647 0.38210814775300184 0.6407016792141724 0.6795134459907628 0.7613509867153443 0.8712551146690257 0.8962661444281508 0.9138785817945408 1.0729770613736107 1.1788863196907033 1.2770373488087738 1.4066548446613503
80 800 -0.37622232854554893 -0.1357762480613992 0.1238438095445647 0.38210814775300184 0.6407016792141724 0.6795134459907628 0.7613509867153443 0.8712551146690257 0.8962661444281508 0.9138785817945408 1.0729770613736107 1.1788863196907033 1.2770373488087738 1.4066548446613503
81 810 -0.31160309696353206 -0.07905718741024045 0.18436351188795197 0.41210382187175537 0.5854666121531641 0.6276784218785836 0.7312985566013419 0.868613506177095 0.9220947332348517 0.9864544922273222 1.0414604511036571 1.1783437670788113 1.241287555335072 1.4617392998788417
82 820 -0.31160309696353206 -0.07905718741024045 0.18436351188795197 0.41210382187175537 0.5854666121531641 0.6276784218785836 0.7312985566013419 0.868613506177095 0.9220947332348517 0.9864544922273222 1.0414604511036571 1.1783437670788113 1.241287555335072 1.4617392998788417
83 830 -0.31160309696353206 -0.07905718741024045 0.18436351188795197 0.41210382187175537 0.5854666121531641 0.6276784218785836 0.7312985566013419 0.868613506177095 0.9220947332348517 0.9864544922273222 1.0414604511036571 1.1783437670788113 1.241287555335072 1.4617392998788417
84 840 -0.31160309696353206 -0.07905718741024045 0.18436351188795197 0.41210382187175537 0.5854666121531641 0.6276784218785836 0.7312985566013419 0.868613506177095 0.9220947332348517 0.9864544922273222 1.0414604511036571 1.1783437670788113 1.241287555335072 1.4617392998788417
85 850 -0.31160309696353206 -0.07905718741024045 0.18436351188795197 0.41210382187175537 0.5854666121531641 0.6276784218785836 0.7312985566013419 0.868613506177095 0.9220947332348517 0.9864544922273222 1.0414604511036571 1.1783437670788113 1.241287555335072 1.4617392998788417
86 860 -0.31160309696353206 -0.07905718741024045 0.18436351188795197 0.41210382187175537 0.5854666121531641 0.6276784218785836 0.7312985566013419 0.868613506177095 0.9220947332348517 0.9864544922273222 1.0414604511036571 1.1783437670788113 1.241287555335072 1.4617392998788417
87 870 -0.31160309696353206 -0.07905718741024045 0.18436351188795197 0.41210382187175537 0.5854666121531641 0.6276784218785836 0.7312985566013419 0.868613506177095 0.9220947332348517 0.9864544922273222 1.0414604511036571 1.1783437670788113 1.241287555335072 1.4617392998788417
88 880 -0.31160309696353206 -0.07905718741024045 0.18436351188795197 0.41210382187175537 0.5854666121531641 0.6276784218785836 0.7312985566013419 0.868613506177095 0.9220947332348517 0.9864544922273222 1.0414604511036571 1.1783437670788113 1.241287555335072 1.4617392998788417
89 890 -0.31160309696353206 -0.07905718741024045 0.18436351188795197 0.41210382187175537 0.5854666121531641 0.6276784218785836 0.7312985566013419 0.868613506177095 0.9220947332348517 0.9864544922273222 1.0414604511036571 1.1783437670788113 1.241287555335072 1.4617392998788417
90 900 -0.31160309696353206 -0.07905718741024045 0.18436351188795197 0.41210382187175537 0.5854666121531641 0.6276784218785836 0.7312985566013419 0.868613506177095 0.9220947332348517 0.9864544922273222 1.0414604511036571 1.1783437670788113 1.241287555335072 1.4617392998788417
91 910 -0.2604738220782453 -0.02592790206900582 0.2126364143801317 0.3308572557411642 0.6222751627991384 0.7053188469393131 0.7351275003483719 0.8127294180327966 0.90895286131476 0.9878060472348961 1.1167341638686978 1.1271906817148076 1.2681978771963456 1.4094046348524194
92 920 -0.2604738220782453 -0.02592790206900582 0.2126364143801317 0.3308572557411642 0.6222751627991384 0.7053188469393131 0.7351275003483719 0.8127294180327966 0.90895286131476 0.9878060472348961 1.1167341638686978 1.1271906817148076 1.2681978771963456 1.4094046348524194
93 930 -0.2604738220782453 -0.02592790206900582 0.2126364143801317 0.3308572557411642 0.6222751627991384 0.7053188469393131 0.7351275003483719 0.8127294180327966 0.90895286131476 0.9878060472348961 1.1167341638686978 1.1271906817148076 1.2681978771963456 1.4094046348524194
94 940 -0.2604738220782453 -0.02592790206900582 0.2126364143801317 0.3308572557411642 0.6222751627991384 0.7053188469393131 0.7351275003483719 0.8127294180327966 0.90895286131476 0.9878060472348961 1.1167341638686978 1.1271906817148076 1.2681978771963456 1.4094046348524194
95 950 -0.2604738220782453 -0.02592790206900582 0.2126364143801317 0.3308572557411642 0.6222751627991384 0.7053188469393131 0.7351275003483719 0.8127294180327966 0.90895286131476 0.9878060472348961 1.1167341638686978 1.1271906817148076 1.2681978771963456 1.4094046348524194
96 960 -0.2604738220782453 -0.02592790206900582 0.2126364143801317 0.3308572557411642 0.6222751627991384 0.7053188469393131 0.7351275003483719 0.8127294180327966 0.90895286131476 0.9878060472348961 1.1167341638686978 1.1271906817148076 1.2681978771963456 1.4094046348524194
97 970 -0.2604738220782453 -0.02592790206900582 0.2126364143801317 0.3308572557411642 0.6222751627991384 0.7053188469393131 0.7351275003483719 0.8127294180327966 0.90895286131476 0.9878060472348961 1.1167341638686978 1.1271906817148076 1.2681978771963456 1.4094046348524194
98 980 -0.2604738220782453 -0.02592790206900582 0.2126364143801317 0.3308572557411642 0.6222751627991384 0.7053188469393131 0.7351275003483719 0.8127294180327966 0.90895286131476 0.9878060472348961 1.1167341638686978 1.1271906817148076 1.2681978771963456 1.4094046348524194
99 990 -0.2604738220782453 -0.02592790206900582 0.2126364143801317 0.3308572557411642 0.6222751627991384 0.7053188469393131 0.7351275003483719 0.8127294180327966 0.90895286131476 0.9878060472348961 1.1167341638686978 1.1271906817148076 1.2681978771963456 1.4094046348524194
100 1000 -0.2604738220782453 -0.02592790206900582 0.2126364143801317 0.3308572557411642 0.6222751627991384 0.7053188469393131 0.7351275003483719 0.8127294180327966 0.90895286131476 0.9878060472348961 1.1167341638686978 1.1271906817148076 1.2681978771963456 1.4094046348524194
101 1010 -0.1312853301582042 0.07082883541935933 0.24469704234696923 0.3877134510484741 0.6137776401837042 0.6905137760233132 0.7152797861158686 0.7943267608651564 0.8880924315889367 0.9417363132549892 0.9977524182153594 1.085379157244906 1.2872105770788898 1.5804566538033793
102 1020 -0.1312853301582042 0.07082883541935933 0.24469704234696923 0.3877134510484741 0.6137776401837042 0.6905137760233132 0.7152797861158686 0.7943267608651564 0.8880924315889367 0.9417363132549892 0.9977524182153594 1.085379157244906 1.2872105770788898 1.5804566538033793
103 1030 -0.1312853301582042 0.07082883541935933 0.24469704234696923 0.3877134510484741 0.6137776401837042 0.6905137760233132 0.7152797861158686 0.7943267608651564 0.8880924315889367 0.9417363132549892 0.9977524182153594 1.085379157244906 1.2872105770788898 1.5804566538033793
104 1040 -0.1312853301582042 0.07082883541935933 0.24469704234696923 0.3877134510484741 0.6137776401837042 0.6905137760233132 0.7152797861158686 0.7943267608651564 0.8880924315889367 0.9417363132549892 0.9977524182153594 1.085379157244906 1.2872105770788898 1.5804566538033793
105 1050 -0.1312853301582042 0.07082883541935933 0.24469704234696923 0.3877134510484741 0.6137776401837042 0.6905137760233132 0.7152797861158686 0.7943267608651564 0.8880924315889367 0.9417363132549892 0.9977524182153594 1.085379157244906 1.2872105770788898 1.5804566538033793
106 1060 -0.1312853301582042 0.07082883541935933 0.24469704234696923 0.3877134510484741 0.6137776401837042 0.6905137760233132 0.7152797861158686 0.7943267608651564 0.8880924315889367 0.9417363132549892 0.9977524182153594 1.085379157244906 1.2872105770788898 1.5804566538033793
107 1070 -0.1312853301582042 0.07082883541935933 0.24469704234696923 0.3877134510484741 0.6137776401837042 0.6905137760233132 0.7152797861158686 0.7943267608651564 0.8880924315889367 0.9417363132549892 0.9977524182153594 1.085379157244906 1.2872105770788898 1.5804566538033793
108 1080 -0.1312853301582042 0.07082883541935933 0.24469704234696923 0.3877134510484741 0.6137776401837042 0.6905137760233132 0.7152797861158686 0.7943267608651564 0.8880924315889367 0.9417363132549892 0.9977524182153594 1.085379157244906 1.2872105770788898 1.5804566538033793
109 1090 -0.1312853301582042 0.07082883541935933 0.24469704234696923 0.3877134510484741 0.6137776401837042 0.6905137760233132 0.7152797861158686 0.7943267608651564 0.8880924315889367 0.9417363132549892 0.9977524182153594 1.085379157244906 1.2872105770788898 1.5804566538033793
110 1100 -0.1312853301582042 0.07082883541935933 0.24469704234696923 0.3877134510484741 0.6137776401837042 0.6905137760233132 0.7152797861158686 0.7943267608651564 0.8880924315889367 0.9417363132549892 0.9977524182153594 1.085379157244906 1.2872105770788898 1.5804566538033793
111 1110 0.01898132443008463 0.13995376726289838 0.2891237034384637 0.42466367588114445 0.5533566455990241 0.6626570133746573 0.7210484463696261 0.7815497069899711 0.8874553456520182 0.9577318698460855 0.9788900288806383 1.0699838545589666 1.1459376842829885 1.732876123652448
112 1120 0.01898132443008463 0.13995376726289838 0.2891237034384637 0.42466367588114445 0.5533566455990241 0.6626570133746573 0.7210484463696261 0.7815497069899711 0.8874553456520182 0.9577318698460855 0.9788900288806383 1.0699838545589666 1.1459376842829885 1.732876123652448
113 1130 0.01898132443008463 0.13995376726289838 0.2891237034384637 0.42466367588114445 0.5533566455990241 0.6626570133746573 0.7210484463696261 0.7815497069899711 0.8874553456520182 0.9577318698460855 0.9788900288806383 1.0699838545589666 1.1459376842829885 1.732876123652448
114 1140 0.01898132443008463 0.13995376726289838 0.2891237034384637 0.42466367588114445 0.5533566455990241 0.6626570133746573 0.7210484463696261 0.7815497069899711 0.8874553456520182 0.9577318698460855 0.9788900288806383 1.0699838545589666 1.1459376842829885 1.732876123652448
