% # columns="iteration, evaluation, sigma, max axis length,  min axis length, all principle axes lengths  (sorted square roots of eigenvalues of C)", seed=1037312, Wed Mar 11 16:01:14 2020
1 10 0.1909601558425008 1.0000450010125153 1.0 1.0 1.0000050000125 1.00001000005 1.0000150001125006 1.0000200002000015 1.0000250003125026 1.0000300004500045 1.0000350006125072 1.0000400008000108 1.0000450010125153
2 20 0.19191855303923064 1.0811511690483915 0.8983794709205082 0.8983794709205082 0.9576172307899466 0.9801922358779205 0.9862221909415622 0.9987664770918776 1.0003042143693084 1.0018735688624458 1.0065299097519256 1.0249694425635463 1.0811511690483915
3 30 0.20631814398760467 1.1352132671700357 0.8924708883406743 0.8924708883406743 0.9059877160625036 0.9459794906310016 0.974811472233041 0.9877154357633648 0.9992225088002442 1.0023211038273119 1.0257845652506004 1.0345387133442407 1.1352132671700357
4 40 0.22875946346083378 1.2383697839520715 0.8799787410775332 0.8799787410775332 0.8996423535509736 0.9091134241723988 0.9570464743944394 0.9818529463586676 0.9951750762427036 1.0048832548777251 1.0095275580595167 1.051001753184707 1.2383697839520715
5 50 0.24492610559756284 1.3756574973532616 0.8806834543219447 0.8806834543219447 0.884710310798321 0.9035239934361697 0.9323174290129337 0.9554158996414871 0.970767983893202 0.9870038118733859 1.0058609795018183 1.042843143251721 1.3756574973532616
6 60 0.24759091832786134 1.4244701859336721 0.8362565028622391 0.8362565028622391 0.8918658624377553 0.8976094838334426 0.9210973598347197 0.9403852536899263 0.9697050315006165 0.9893901624594832 1.0067338656452365 1.0842960570924969 1.4244701859336721
7 70 0.2693022829671093 1.4532991861119964 0.8095110554661589 0.8095110554661589 0.8548991563775409 0.8920856139770198 0.9157203414375028 0.9476955188466187 0.9558851439350544 0.9981142433608172 1.014743669260424 1.0813399974057587 1.4532991861119964
8 80 0.28472068921223753 1.4732314600148235 0.8150445374189624 0.8150445374189624 0.8532619942269382 0.8886695563841778 0.9171087717946579 0.9302294217917018 0.9443715742472136 0.9809903848767015 1.0165957288611338 1.1207432171273382 1.4732314600148235
9 90 0.3192707632125003 1.5217275920041768 0.8135134165761997 0.8135134165761997 0.835259069045686 0.8766588040461122 0.9086113103630072 0.9137213491852928 0.9373629911529905 0.9753389362935411 1.0246419186465268 1.123825713272623 1.5217275920041768
10 100 0.36941149158762415 1.52654701801835 0.7897184532827669 0.7897184532827669 0.835237881067096 0.8513713991547807 0.9065692841846817 0.9111424462965757 0.9309099606596386 0.9788556091783149 1.0921138997225466 1.1637678300244492 1.52654701801835
11 110 0.42736603555231223 1.5424542590928605 0.7934052693423457 0.7934052693423457 0.8170069294616269 0.8420345573224516 0.863974371773678 0.9058417873437021 0.9290378855400228 0.9877805903788447 1.1030891869961916 1.176320576920579 1.5424542590928605
12 120 0.5069380210411972 1.522520104285092 0.7865186916074378 0.7865186916074378 0.8096821233395688 0.8378094643304873 0.8610482014237341 0.8794813535937032 0.949847513235923 1.007892392111966 1.1104440635289956 1.1806298166093734 1.522520104285092
13 130 0.5563094120896365 1.526245120248321 0.7492952143500974 0.7492952143500974 0.8162454877706836 0.8411786594707683 0.8428059789405563 0.8719439574053237 0.9545114827985702 1.005503695458311 1.115546006309488 1.1797083405613877 1.526245120248321
14 140 0.6106473884476549 1.5254019900503089 0.7201419481734688 0.7201419481734688 0.81993048907784 0.8366705507879159 0.8503356992425556 0.8799596950890317 0.9499713241840649 0.9862221929756979 1.1023861651091709 1.148452030711422 1.5254019900503089
15 150 0.6200269236174382 1.4925178899200318 0.7104827577792848 0.7104827577792848 0.8058151205576967 0.8353246820213869 0.8380826297808406 0.8771280422921697 0.9305983847933413 0.9965283596518516 1.090089148441105 1.1434851368576278 1.4925178899200318
16 160 0.5859470707677971 1.4726790888786563 0.6876830310477503 0.6876830310477503 0.7996786401426164 0.8086254452074808 0.8393076780691405 0.8853341243654517 0.9291109881772586 0.9911145811436295 1.0695429676958716 1.1493045156480532 1.4726790888786563
17 170 0.5274837431086816 1.4098172716992974 0.6750732524853335 0.6750732524853335 0.78626722494845 0.7943176109743723 0.8457512033092938 0.8867942899669905 0.9225499607269219 1.0043664397920435 1.0574022500173894 1.1474865163150068 1.4098172716992974
18 180 0.47188153035165764 1.4055430799112019 0.6835730518741574 0.6835730518741574 0.7659824816690185 0.7781840297763797 0.8220825684855181 0.8872848415185338 0.9081768281740694 0.9978189485611941 1.05047861277927 1.1133647748762987 1.4055430799112019
19 190 0.40185102226863817 1.4183586254403449 0.6561491380572229 0.6561491380572229 0.7596057361519596 0.7837692817641277 0.819230280407795 0.885366934290952 0.8862885334405659 0.9707097022254202 1.0448994198048724 1.0847500962375103 1.4183586254403449
20 200 0.3755119554327667 1.4161317689766877 0.6320810627695955 0.6320810627695955 0.7366365922651047 0.7775949907025888 0.8132027289989885 0.8733038804186487 0.891249596402628 0.9549393254998109 1.0358666212175367 1.0776854398814528 1.4161317689766877
21 210 0.34291045932290254 1.4453653264435695 0.6284033667963762 0.6284033667963762 0.7136358423380549 0.7679425398611354 0.7930827412464889 0.8611486718873941 0.8895361673777946 0.939460122905223 1.0425090341433012 1.0619979391765493 1.4453653264435695
22 220 0.3235001412835472 1.3787899862050854 0.6333730769119651 0.6333730769119651 0.7116433172248591 0.7676642171012459 0.7743994134862436 0.8529345949311745 0.8801958036984936 0.9357267296096107 1.023846807749494 1.0661055610866004 1.3787899862050854
23 230 0.331752066916299 1.3682373818887064 0.6207970152126623 0.6207970152126623 0.6983925138119719 0.7600530638564614 0.7655257010521087 0.8329059644165722 0.8787490123447312 0.9314918096537514 1.022714369780614 1.0685735555045957 1.3682373818887064
24 240 0.32204479192953356 1.3766440087573237 0.6132455002192183 0.6132455002192183 0.7322723074235209 0.7456257972908498 0.7719690485318024 0.8259427217624216 0.9007054528097708 0.9162009590991831 0.9972061748917761 1.0671172358007799 1.3766440087573237
25 250 0.2917847903073055 1.3852269050714399 0.6134161937772526 0.6134161937772526 0.7208586768148596 0.730315030297172 0.7623753952578404 0.8246652499831858 0.8857113199721863 0.9302588202831343 0.9576657402666983 1.0707837411415813 1.3852269050714399
26 260 0.27467422783133477 1.3921548820956127 0.5942055709643538 0.5942055709643538 0.7147865101701385 0.7209767680939667 0.7521923229171835 0.8263431454923894 0.8915312897335572 0.9359072230549911 0.9673720699315059 1.0054932077066425 1.3921548820956127
27 270 0.25033897559842255 1.3747928594986014 0.5884859500807298 0.5884859500807298 0.6983147588355462 0.7156262157712472 0.7453348206533951 0.8282177205923437 0.88506470985257 0.9131185436657981 0.9601749840282746 1.003337672837286 1.3747928594986014
28 280 0.23424752223285203 1.3668006577457559 0.5946319364120642 0.5946319364120642 0.6871625674259436 0.7138556005021002 0.7495603974996504 0.8183005404967725 0.8671703349648237 0.886868034631806 0.9588348017641467 1.0128897643760415 1.3668006577457559
29 290 0.22182269989099537 1.3645717514320914 0.588874545394808 0.588874545394808 0.6941240735578387 0.7030163433299909 0.7365115583150538 0.819304354740378 0.8260694928811317 0.8846171884163087 0.9531985387632758 0.9982818192850992 1.3645717514320914
30 300 0.19285485038284472 1.3405432695889934 0.5862713943321601 0.5862713943321601 0.6878438693320711 0.7043846835145291 0.7583246957490033 0.8109096705896022 0.8171733491807998 0.8617631300297565 0.9201803115095913 0.9813518840540596 1.3405432695889934
31 310 0.16956634875611074 1.3298290327236295 0.579596810533396 0.579596810533396 0.6926670817848749 0.6984910517238724 0.7505300927395081 0.7911815403005111 0.8272189309998987 0.8466886785803615 0.8924787336186194 0.9581963520288227 1.3298290327236295
32 320 0.16384267438750655 1.3068224689770997 0.5823690366375334 0.5823690366375334 0.6737078276794555 0.6960074019640383 0.7500927533636124 0.7681472729537614 0.8134801803176065 0.8405006183989331 0.8942823858969132 0.942455853341895 1.3068224689770997
33 330 0.16140293318309332 1.308904505539611 0.5829795335875011 0.5829795335875011 0.6634722597514982 0.706032371200324 0.7191740806448458 0.786086176714349 0.8068712645779439 0.8301462178474008 0.9096869913686638 0.9411962597534729 1.308904505539611
34 340 0.15538551859485042 1.3352097428412024 0.5867220535697071 0.5867220535697071 0.6483631252700909 0.7004979919040772 0.7210445400334932 0.7872901744143618 0.8041560192540794 0.8249820304600616 0.885345146814273 0.9370737550166094 1.3352097428412024
35 350 0.1393789372476413 1.3159813930719202 0.5771167577140045 0.5771167577140045 0.6567908413517995 0.7001283897921908 0.7040639174236759 0.7604297793928557 0.8040013902864923 0.8152870255201373 0.8802486560932015 0.9492128937371643 1.3159813930719202
36 360 0.1317383796645079 1.2988949886182857 0.5695763779267412 0.5695763779267412 0.6393639357145797 0.6983451094501398 0.7160721455289695 0.7532518301190886 0.7944801581176175 0.8183278148143531 0.8749770686841699 0.9338113511447643 1.2988949886182857
37 370 0.12039245675750275 1.300560786638876 0.57810906169571 0.57810906169571 0.6421972462625017 0.6970230978326396 0.7006332234266968 0.750239698408865 0.763922711872882 0.7989102624230471 0.8496096044593514 0.9312411582797282 1.300560786638876
38 380 0.11567502996111399 1.27203524930945 0.5575555662641893 0.5575555662641893 0.6396642184984758 0.6836077485809092 0.693510880548553 0.7446885344817546 0.7528415869614009 0.7988852115928581 0.841480868341471 0.9288095655353348 1.27203524930945
39 390 0.1180782729577053 1.2520190445368848 0.5596916768572328 0.5596916768572328 0.6374529069848097 0.6610909348475741 0.6790771078528537 0.7379947786198895 0.7664645531367588 0.7947364804439686 0.8430399958117883 0.9446671295353801 1.2520190445368848
40 400 0.11938838095544588 1.227571694682972 0.5538774815276688 0.5538774815276688 0.624087749347768 0.6505719959210318 0.6868132279749101 0.7473127649012666 0.767990886093039 0.7771726404536009 0.9079781645696327 0.9408692580800843 1.227571694682972
41 410 0.1327432835412424 1.2656549785642557 0.5445787055157908 0.5445787055157908 0.6033371930657264 0.6282455544346104 0.6808462466389794 0.7388671311736246 0.7654994874416132 0.799148396493943 0.9085009339958985 0.9579619811289645 1.2656549785642557
42 420 0.1348969101999552 1.3713916727730642 0.5290156829814409 0.5290156829814409 0.6058652115598521 0.6242262724555756 0.6880245522534102 0.7337394016258048 0.7591457281477947 0.7936824041479723 0.9150496891693473 0.9542140721855985 1.3713916727730642
43 430 0.12898486307869414 1.4114395923366743 0.5209028736194908 0.5209028736194908 0.6035833029059049 0.6129221156023611 0.6694625700442349 0.7379245589200353 0.7526707623013603 0.7932993700707689 0.9252522187738808 0.9479808699565052 1.4114395923366743
44 440 0.12110562159752639 1.3961761984577674 0.5127039755479365 0.5127039755479365 0.601889923276486 0.6069362379349166 0.6532625338932874 0.7141125627458924 0.7544040991177223 0.7937005548965614 0.9216151242132238 0.9415678207559298 1.3961761984577674
45 450 0.11854358648218191 1.352130951735601 0.49890103304694616 0.49890103304694616 0.6005536518104094 0.6063036055680415 0.645321243960124 0.6966476897609949 0.7526928432857816 0.8028952989537957 0.9090403324298089 0.9334902564112569 1.352130951735601
46 460 0.12160025998234313 1.3545954272520975 0.48939360690196415 0.48939360690196415 0.594170974382161 0.5991051993031175 0.6391503051604266 0.6955993126970805 0.7728162254223896 0.7860053539812835 0.8808105727663997 0.9311698124632943 1.3545954272520975
47 470 0.1159904969983005 1.3498966950773552 0.512745821335301 0.512745821335301 0.5820281219688241 0.5923022886717222 0.630724480631852 0.6943054151242914 0.7701041669675307 0.7851498521759185 0.8707022127929653 0.9251893525477694 1.3498966950773552
48 480 0.10831856108707556 1.3366381082884826 0.5158233442025673 0.5158233442025673 0.5833489907144812 0.5974754008493841 0.6354244335185668 0.6901098208833737 0.7696524984599661 0.789007578535259 0.8567962618886092 0.8947318463471142 1.3366381082884826
49 490 0.10235516120814747 1.3078323793461004 0.519272591754258 0.519272591754258 0.5759983236743185 0.6052941032273484 0.6270906552671421 0.6812276216012985 0.7624907688048775 0.8022167118127448 0.8373573285400461 0.8943987415664828 1.3078323793461004
