% # columns="iteration, evaluation, sigma, void, void,  stds==sigma*sqrt(diag(C))", seed=845919, Mon Mar  9 17:25:48 2020, <python>{}</python>
1 10 0.18357535552905524 0 0 0.18035712776663798 0.18304559743231627 0.18563513743541454 0.18042352124535746 0.182808948431252 0.17694609046936027 0.17993073746038857 0.18528898933736074 0.18347636379233104 0.1843935120959566
2 20 0.18599633955581427 0 0 0.18308038435082125 0.18466428831566709 0.1905539403225008 0.18078061808275364 0.18403362728072406 0.1775503051131534 0.17590427948635146 0.2016654111206814 0.18709328003098794 0.18622240494472847
3 30 0.19886002337445838 0 0 0.19076540586997393 0.19448329079224824 0.21259256029275583 0.19119860696557753 0.19682292482887156 0.1890483282273687 0.1877658610152539 0.2207300588939982 0.20115777025262097 0.2010701063392495
4 40 0.202338566797122 0 0 0.1930647059130137 0.19495057343885988 0.215940562956032 0.19021432404513747 0.19955791948803364 0.1862863652023788 0.1994003914442829 0.22318715834369973 0.2068425895692325 0.21063884744357936
5 50 0.21178816009840337 0 0 0.20075419171070671 0.2053031869127571 0.22907622488439122 0.2011299134584447 0.2067423195966767 0.196382428895175 0.21081497963749937 0.23531580962887644 0.2159622648049144 0.2193043897020933
6 60 0.20851073335185996 0 0 0.20536220446707942 0.19905299798672013 0.227556275660679 0.19545362092338006 0.20289950379787278 0.1937916955760608 0.1956437115785968 0.23122038582872184 0.2092769629864671 0.21644261660699074
7 70 0.2210151061382167 0 0 0.21953309227257053 0.2154230411649731 0.23797366586393123 0.20844888477408494 0.21683522512632256 0.20382775841073753 0.20285512742961012 0.2573755309127836 0.21985846412456936 0.2318573359976586
8 80 0.25618181398580486 0 0 0.2564627326678097 0.2594411139898769 0.2825149480955036 0.23289033162578004 0.25343124336709755 0.23659290179435483 0.23211414395408486 0.298930062671073 0.26760596683537174 0.2728440897964066
9 90 0.29446776026911464 0 0 0.3011130545207903 0.29558557851228634 0.32747654281977756 0.26283596681269694 0.29512027742517555 0.27137247829853733 0.27668688216652837 0.34335817443407013 0.29750674296685364 0.3119219882123593
10 100 0.36534802623727053 0 0 0.37704107037405626 0.36961409612703455 0.40644736802915965 0.32025980817653754 0.3664913212217043 0.3397031137971034 0.3630909166943269 0.436948425439101 0.3692632187962769 0.38975930465547776
11 110 0.4590153533132211 0 0 0.4918406685022342 0.45404150094888684 0.5074459557142296 0.3944704252385525 0.4616085515956773 0.42020807822879863 0.4598931842054599 0.5415732117163216 0.4643153465148177 0.48800709700694095
12 120 0.5311592180606513 0 0 0.5685616261147561 0.5119846801391922 0.5833209825765698 0.455663782276513 0.525593892518995 0.49126989368667984 0.5140909006685848 0.6058151030106332 0.5413974387177121 0.5685493164792941
13 130 0.5877125471951086 0 0 0.6258587643638174 0.5557322243505415 0.6152779251483887 0.5063754599043809 0.5747120016277427 0.5418454020826535 0.5630394384379994 0.6687947334895852 0.593718552833493 0.6294198855344023
14 140 0.6004649901170974 0 0 0.6241243230385117 0.566696617225635 0.6224794022912433 0.5213999604505133 0.572802024202512 0.5475213314626937 0.5757394764803003 0.6565835172093971 0.6018221306529034 0.6154615901153843
15 150 0.6226576583335445 0 0 0.6334351032809579 0.5822276576031287 0.6337464062835416 0.5663466180945609 0.5851045034351248 0.5706126761601344 0.5986650789329679 0.6621260669017947 0.6258189635785231 0.6159738227589293
16 160 0.6486234927433054 0 0 0.6469685253543446 0.597225370964316 0.6432038639189795 0.6050790319264114 0.614758616562872 0.5932676752075093 0.6162310496706489 0.6880457504862967 0.6289016617119348 0.6318581419511394
17 170 0.6412451079138678 0 0 0.627078357349968 0.5880534040501005 0.630083384553231 0.599366795168848 0.6169278409950363 0.5765847938424046 0.6043027448989238 0.6575601181300252 0.6169819163082201 0.6260607210714263
18 180 0.633746564145561 0 0 0.6062504966263842 0.5742162115703696 0.6428691593433358 0.5659202689341529 0.6125332292022293 0.5705065114877755 0.5919365602650338 0.6415688897225864 0.6053079638420289 0.6114173493091127
19 190 0.5782273956007778 0 0 0.5548703515088432 0.5175385724978712 0.5917877033983552 0.5129526739725397 0.5556335503002938 0.5176220365913082 0.5224962686410405 0.5684236866706586 0.5494595136834255 0.5491307850060587
20 200 0.5395704519639469 0 0 0.5238535663181489 0.4835551872855976 0.543199315527101 0.4701129019432899 0.5018046744549133 0.4801128137369807 0.4794175029582829 0.5307610590007689 0.5144618116035731 0.513944762172902
21 210 0.4639162659460203 0 0 0.4459508762679711 0.408004948947649 0.45682823164058867 0.4027164771301273 0.41188555564914614 0.40965583507730396 0.407787101246948 0.4510053897870673 0.4436937414115465 0.4461554926302623
22 220 0.4097627079568038 0 0 0.39294858799033894 0.3584379033943957 0.3976244971128825 0.3507285577990727 0.3565169841258973 0.35507667786585934 0.36252767407131803 0.4000549777136901 0.3882465729751071 0.39022624877995477
23 230 0.40085238035629506 0 0 0.37858247377845206 0.34997520103957447 0.3788517969742757 0.34196760341321325 0.3473015520788999 0.3517902580127444 0.3449096536519841 0.3918344042941051 0.3794263927393747 0.37980097352884845
24 240 0.37172609186411026 0 0 0.3476421161108776 0.32382805844561097 0.35740437632923616 0.31750910356551987 0.3184087073407836 0.32577790649106025 0.3124396418666862 0.35558888842709513 0.3573507773814051 0.3435605890490194
25 250 0.3286589895084149 0 0 0.29945395660696655 0.29035240059057144 0.31548930801628267 0.27673106693042543 0.27646918790932207 0.28483841859829245 0.2711042929792582 0.3062410179786584 0.30942231002997045 0.30465392824798804
26 260 0.3071122145559021 0 0 0.28507132469218494 0.28584229914307197 0.28954394019900337 0.2605927019171846 0.2581014397392596 0.2578549569808108 0.24474412500009307 0.2842157300431467 0.28889357865269566 0.27277515887799325
27 270 0.29588503299694 0 0 0.272668677771305 0.2733679462075068 0.2758236096480607 0.25002672003710014 0.24392120388648075 0.24399164606538193 0.24138761235599154 0.2753586747382159 0.2810623519087816 0.2610792347738245
28 280 0.26812241222703614 0 0 0.24663259815029648 0.24445953696976297 0.24863115928340404 0.22864812480618524 0.2146377807078422 0.2175476804430192 0.22150282785809774 0.24327236016084344 0.25340894094818855 0.22835403469018065
29 290 0.23461799944270867 0 0 0.20566031668576243 0.21187503763633256 0.21578590065676598 0.20173608919170577 0.18460370712745283 0.18790253764991746 0.1967699521317659 0.21367012224612422 0.22294863383060115 0.19973923977698882
30 300 0.2122110157840588 0 0 0.18356292256799303 0.19085616499654778 0.1936160919710215 0.1768184860573048 0.16901957147536362 0.16804074735624466 0.1716512145034633 0.19283825505168728 0.19851633254363113 0.1791863586513551
31 310 0.19307272673701897 0 0 0.16819903143503964 0.17271306698362798 0.1730241551414183 0.1609158684043077 0.15349931511336204 0.15209156113512826 0.1564207345130644 0.17110888541756614 0.18101739651634138 0.1646466642412873
32 320 0.18996274134118166 0 0 0.1649636378833542 0.16716520574186663 0.17373594547661858 0.16077653529522848 0.14994439160205966 0.14892432205970685 0.14740554649132204 0.16636485206099513 0.1772323138714531 0.1681025515658365
33 330 0.17834426877516676 0 0 0.150600374392739 0.15380179096385216 0.1614308335690764 0.15073806264982195 0.1403450307119739 0.13960149489420118 0.1383834388554278 0.15705249861223325 0.16596255589251838 0.15452539519157335
34 340 0.16039014065363627 0 0 0.1352854285295101 0.13542189172838276 0.1440475380997515 0.13119435337325927 0.12794540349806818 0.12421831532598791 0.11822401653611236 0.13635771803480068 0.1514864496818651 0.13726393639296422
35 350 0.14721413052737894 0 0 0.123156540083203 0.11707121237986197 0.13391934796956032 0.11938580477045313 0.11701588723514207 0.11367653487260912 0.10773758897801657 0.12407598529479484 0.13855581906938477 0.12737626820592757
36 360 0.13668950533924967 0 0 0.11777350707450451 0.10464845618762762 0.12508537006496337 0.10984083051927306 0.10847150184292703 0.10500389966676434 0.09995304135379235 0.1153677875964013 0.12748262274015162 0.11876885116358975
37 370 0.13189579511740662 0 0 0.1184022288832862 0.1000659678719581 0.12022667758547691 0.10452263924468452 0.10406322853716478 0.10150451644126095 0.09599585040775237 0.11144436855735626 0.12107534121835574 0.11324164306095187
38 380 0.12709326570911492 0 0 0.11496072157172482 0.0976488887619676 0.11406041512860236 0.102108514112529 0.09764986329738122 0.09761101653977494 0.09291348411942511 0.10833743471510844 0.1146423236972074 0.10801660541122339
39 390 0.12335443265868001 0 0 0.1110885781870662 0.09370119171480487 0.10890665673658476 0.09880074755624031 0.0946542134441023 0.09280897186539717 0.08989696208917293 0.10521374388177444 0.11108732641874242 0.10367453662324705
40 400 0.12190386513567056 0 0 0.1094153792991365 0.0923237417292642 0.10985311805712639 0.09729462404265272 0.0934702548417217 0.09177770705020093 0.08791923133441273 0.10391763749265108 0.10806572909986392 0.1011450694358898
41 410 0.11531209514370751 0 0 0.10394184364004955 0.08760995278972851 0.10550732511891242 0.09137583125716889 0.08728620454258146 0.08537845125829299 0.08146980677605146 0.09799522734100845 0.10006885031828217 0.09569000912080995
42 420 0.1128790990962949 0 0 0.1007603302996992 0.08605488474941872 0.1044120279724225 0.08573196283524362 0.08604727418083966 0.08254864984731676 0.07778413287544868 0.0948978383909189 0.09892313874240655 0.09668502667999035
43 430 0.11236307524083775 0 0 0.09947110170468344 0.08719531076226243 0.10374046421055563 0.08471592555289509 0.08394341955459088 0.08265937508707959 0.07689008334891555 0.09465594198186429 0.09347720298830649 0.0976024403925075
44 440 0.10522340990263032 0 0 0.09150550491198849 0.08236233469000798 0.09403448130966534 0.07868899226670704 0.07879404182513723 0.07816000507308823 0.07332933621070717 0.08756227190851669 0.08594535872879717 0.08954958600088685
45 450 0.09776993098180421 0 0 0.08327324334989195 0.07476132715708775 0.08470602446002329 0.07162467386308011 0.07357039372595633 0.07318291631851255 0.06710315405802063 0.08194255192996679 0.08016311142849958 0.08345170095999997
46 460 0.09206848199918967 0 0 0.07844985386977735 0.07036195267166766 0.07885493819382784 0.06850262648440884 0.0702760199808293 0.06757912291910319 0.06309509770877977 0.07588480000413832 0.07323484138917975 0.07773426346822113
47 470 0.08145857568888847 0 0 0.06901791482198534 0.06146272235315018 0.06894979780677837 0.05850076640900447 0.06312233331717176 0.056781924048030036 0.05500959699316844 0.06684965240644099 0.06368364757041678 0.06858951973736552
48 480 0.07980288425800855 0 0 0.06799236454567638 0.06213075316312953 0.06567612434565309 0.060752546174268424 0.06166671961857358 0.05457587555476593 0.05530754371133957 0.06645548359249547 0.061336205902083274 0.06628689752764572
49 490 0.07477730257785056 0 0 0.06453702947820937 0.059185087236185985 0.058982400564592245 0.05820265900192518 0.05771936801201551 0.05123177237901851 0.05171423272851876 0.062365748676942195 0.05670347411971445 0.061009851688385214
50 500 0.07001041195218773 0 0 0.06060740822124266 0.05695352446906829 0.055048939365545224 0.053629704994822266 0.053340959507218344 0.04792899333793332 0.048723339522154636 0.058244672881731734 0.05314679919992505 0.0564225694829838
51 510 0.06511780267855717 0 0 0.05594184254207544 0.051878447784377925 0.05049536834422365 0.05081313831836859 0.04942585659807396 0.04563448222422539 0.04569723384114037 0.05346691920761694 0.04875018774525288 0.05234841550592542
52 520 0.06317227562364812 0 0 0.05338329993037249 0.0503278658847394 0.04811098846925251 0.04848296067982571 0.04723899539362453 0.04436079875589287 0.04520018071498645 0.051043579892450994 0.04781890467702106 0.050875212993445405
53 530 0.061206983779789094 0 0 0.05102972686058921 0.04690158934996018 0.045942982570453005 0.04788527450084377 0.045642788563032895 0.042808710054160926 0.04359644800056484 0.04907841612033888 0.04593460668223277 0.0488972437507233
54 540 0.06031822699106294 0 0 0.04965141443227732 0.04631769988584873 0.045363120220455 0.04838330431367773 0.04449219239393974 0.042172269560596956 0.042754418135899114 0.047134721648278526 0.04437120918804633 0.04799143283879314
55 550 0.05890964221774255 0 0 0.047855749340391864 0.04461436264024409 0.04386340009895602 0.04773531267561556 0.04276212107649419 0.04150945518470731 0.04140515974100886 0.046626689342766724 0.04225417954886279 0.04462064847279415
56 560 0.05704449364057963 0 0 0.046001877129190065 0.04322912316859749 0.042618148703707635 0.04539602308087818 0.03992938979358708 0.03875651049583574 0.040716799174424625 0.04371636591457952 0.04102916605816329 0.04296218849628898
57 570 0.05211184946381075 0 0 0.04129698202434592 0.03871795849853343 0.037978692375759404 0.041396191583010895 0.036283034738660735 0.035359988423344174 0.03553331746084107 0.039688724542726435 0.03711180369706973 0.039032980282975256
58 580 0.05326951162360155 0 0 0.04091494048142266 0.03951124088609531 0.039474564387933245 0.041451977128601956 0.03787710512665897 0.0363175418800156 0.03608349555250969 0.04011950198807813 0.038886455466400204 0.03978066589466845
59 590 0.05135307302306678 0 0 0.03876198334169201 0.038211974614709536 0.03782369272790598 0.03958131265638186 0.035070954665079146 0.03420081361415971 0.03418303228329947 0.03707459688694247 0.03726872962336411 0.03794813502326977
60 600 0.05239658643915478 0 0 0.03936427394796737 0.038732634022788016 0.03917152633375995 0.04014740040903346 0.03584001463317677 0.034756138470447666 0.034860472421266685 0.03656850738884303 0.039017930392109414 0.03871192073147648
61 610 0.05341156260160238 0 0 0.03854650616255481 0.038905598690463776 0.0395844144066283 0.04102701714139796 0.03681042330956733 0.035194226232162944 0.0353870770812884 0.03683321820424955 0.03996143560258946 0.03887550627493576
62 620 0.053147360114766666 0 0 0.0375895817938394 0.03882855865013598 0.03950458442657241 0.04003172184755134 0.03618546466481124 0.03549832118036402 0.03535265796038895 0.036142891542491215 0.038807441059163256 0.038710627013276454
63 630 0.05276631452047862 0 0 0.03690726709262793 0.03824571010423891 0.03768721545709533 0.03930974331463271 0.03557939302851138 0.035785579225130607 0.0347335941877905 0.03591274577588525 0.038365706769482796 0.03778527183353091
64 640 0.053521959804851874 0 0 0.037366309289818794 0.03867593857600031 0.03689022347334823 0.03958176227900486 0.035627373813641734 0.03576069470297066 0.03641195262628694 0.037146222145909166 0.03899254666480494 0.037885472395677654
65 650 0.05029494263205866 0 0 0.034446792311977344 0.035910471984183456 0.03466369827733092 0.037174249500367976 0.03348821280429282 0.033601923496932556 0.033748695675401605 0.03379441521714731 0.03651189415635703 0.03531162410503543
66 660 0.04959512278424897 0 0 0.03316471277714633 0.03526591017944452 0.03409373113538819 0.03666872160508582 0.03271535879472294 0.03373589736249695 0.033483890400247816 0.0332867615457963 0.03567511356183273 0.03403220884380617
67 670 0.05105296983651606 0 0 0.03411495836823528 0.03623710367653047 0.035044424671137143 0.038027335675356586 0.03311399002968301 0.0350025904206357 0.03472229205677745 0.03415903390871364 0.03654170884619459 0.035010303091058764
68 680 0.052892987652275625 0 0 0.03479733498593204 0.03755811191190879 0.03679078679342442 0.038694654021841614 0.034141554932180976 0.03742105529100911 0.03645350441609629 0.03473474506180072 0.03782109600229048 0.0359956006874598
69 690 0.05125881127866416 0 0 0.03262146463050197 0.03647902885207141 0.03513818632410452 0.036407707644666505 0.032814423709593775 0.03630578662635185 0.0359636131229407 0.03279780961846653 0.036295995917734726 0.03460009819329353
70 700 0.04979085118648261 0 0 0.031705239097184444 0.03544037491196121 0.03403332266426932 0.034734180031117175 0.03103408203225664 0.03528721378918466 0.03487785122833651 0.03166081833933649 0.035451431031185615 0.03352952066983495
71 710 0.048423743367105504 0 0 0.030102029855958362 0.03366181403705836 0.03266846420269934 0.03330039794838582 0.03017341941900019 0.03407961129305245 0.03394871792262061 0.03066105350254702 0.03492512006759422 0.03247268424668068
72 720 0.044959279996659135 0 0 0.02782576229236883 0.030684130932762264 0.029963266612385915 0.03026367902838591 0.028071482165447574 0.03038733776586615 0.031428488632403384 0.028093345887478766 0.03170318193603127 0.03025980726182848
73 730 0.04365140523951441 0 0 0.02815664222569297 0.029695001040758433 0.02930798249363422 0.02861777906529047 0.026541967236163803 0.02924482230316845 0.029391863592883576 0.027688745843855594 0.03191148653890011 0.029383064188005962
74 740 0.041772204001013086 0 0 0.02781046167417423 0.028432362176436084 0.027875437900830233 0.026723753528175485 0.02472682411636938 0.027238797246352513 0.027779574693818882 0.026480429094120638 0.029725164555751 0.027667274927104947
75 750 0.03877207835342802 0 0 0.025564315359000306 0.0266220377940298 0.025918713705960827 0.0239490585809306 0.02273768479608733 0.024721462122726474 0.025746577774036 0.024450305967215667 0.026903228294717748 0.02592416499977246
76 760 0.038177892024194394 0 0 0.02423543165237517 0.02582126967609211 0.025529243304206344 0.02316120202145774 0.023521834804285206 0.025449602289408103 0.02663653045352659 0.024577748423270974 0.0256257147151677 0.02524436884078878
77 770 0.03785019665962135 0 0 0.0232112049867888 0.025979544615834696 0.02409089435992474 0.023177190555412692 0.0233377045623718 0.025868405325933083 0.026287418911913923 0.02331212882055167 0.025678235197975203 0.024936408713182315
78 780 0.03692646380012809 0 0 0.022381487867769348 0.02538706421332845 0.024453123984173812 0.022098839117495106 0.022590635451313283 0.02532660597973533 0.02514605204593859 0.023267293095711166 0.024933801140168504 0.02420047593404135
79 790 0.03503346296039733 0 0 0.021054824819732733 0.023125900793786375 0.0232418085980484 0.020468858329928463 0.021452143713286114 0.023766140665813566 0.02367722120264972 0.021792129474913696 0.023338583866355303 0.022361843569732486
80 800 0.03199930625694968 0 0 0.018784780244153396 0.020817375693547472 0.021177328202910732 0.018659640839693944 0.019500587776263196 0.021290076248194383 0.02103378053105923 0.019974505078869213 0.021220201450406286 0.020469556720244062
81 810 0.03126676682236189 0 0 0.017995102934310184 0.020455322492774777 0.02083671194499185 0.017943686955331987 0.01930571676078224 0.020712702627605262 0.020585340263792426 0.019725384093448425 0.020689289845855188 0.01955952322273583
82 820 0.0305853663982851 0 0 0.017499600928099192 0.02029511024329516 0.019851562731695485 0.01720972102761265 0.01846570872803129 0.02014720049069126 0.02015151869513035 0.018866645490842042 0.02022024386355934 0.019107140709109644
83 830 0.028828716826360082 0 0 0.016274425743106398 0.018698358981421317 0.01874982940902135 0.016305564079326693 0.0173514305480255 0.018940696558166516 0.018874207632747022 0.01781823469216201 0.018962747668773518 0.017587460973732223
84 840 0.026453116023667865 0 0 0.014606549994515392 0.017231035752687245 0.017153410007796452 0.014791528496627857 0.01583177761322713 0.017108503888867792 0.017277118607825426 0.01618849336285131 0.01689451921382422 0.015919545075606226
85 850 0.02551958166108043 0 0 0.013630261584695474 0.016817494127286527 0.016406525544476504 0.013992819924898524 0.01475918811654415 0.016466933066858706 0.016678530484272678 0.015292742472320224 0.016290694789036796 0.0156028296404603
86 860 0.024714145683542684 0 0 0.013303874115970728 0.016150314025172325 0.0158116406486239 0.013405259714147591 0.014307395167890676 0.015809087966041968 0.01613576759293723 0.014176649542864081 0.015402822114072954 0.015142645971660516
87 870 0.02330413312924687 0 0 0.01228728697081877 0.015184456709649581 0.015097172478490678 0.012557378476897437 0.013340916298121522 0.01467932439805212 0.015165012460721794 0.01330607475856844 0.013888210588133632 0.014178419067248546
88 880 0.02088688021922427 0 0 0.010723780254897359 0.013578178959649193 0.013352230893790994 0.011320727981845483 0.011773376698090516 0.013107797868139658 0.013006271915496179 0.011869066923490537 0.012293213298854097 0.01254769732698905
89 890 0.019557260253381364 0 0 0.010021467042139394 0.01276881031707549 0.011731554987748067 0.01056017168402463 0.01082440033130937 0.01220058614416898 0.011894806507394587 0.011403617007239783 0.011453291173727053 0.011749979473877303
90 900 0.019211761258388714 0 0 0.010086197106309563 0.012621493466980094 0.011532723962064846 0.010156396014919808 0.010543729774228123 0.01211260801343906 0.01141161708737382 0.011098653080530015 0.010984388528294515 0.011533231962358547
91 910 0.019758401178856605 0 0 0.010414382784939702 0.01290631510062604 0.011554818452671466 0.010395527989323607 0.010625609684360035 0.012604446933430434 0.01186146241845516 0.011458961539872518 0.011288727400105622 0.011817294103699059
92 920 0.019140218354056826 0 0 0.010120306176941872 0.012453074403499489 0.01103994009440915 0.009940659326128738 0.010364570454284095 0.012278428297209818 0.011411551027216991 0.011102873539026403 0.010778012446189924 0.011278560701699001
93 930 0.01911291397980948 0 0 0.01009384244188032 0.012084387491752401 0.010952679482820063 0.010017949729437191 0.010336598490422835 0.012261690229465839 0.011376155714733788 0.01080809419485221 0.010855851861187649 0.01123221255511138
94 940 0.018756446412335728 0 0 0.009536298257594328 0.0118397405367756 0.010716002760454972 0.010143872991151411 0.010090744645996422 0.012057099220244493 0.011128622611740724 0.010429987212100233 0.010510006392918306 0.010993704998866063
95 950 0.018389170023802737 0 0 0.009308549655307299 0.011391600990227483 0.010406002179527293 0.009920666904120062 0.009951481949932157 0.01185086059613287 0.010881826858700051 0.010043478348927857 0.010419455371537899 0.010564750541442585
96 960 0.016764126901362256 0 0 0.008420284131635855 0.009925083931224871 0.00948886250476375 0.009054518954872106 0.009009262204153686 0.010694437863647757 0.009823263722904915 0.008914138170111871 0.00935642483797564 0.009698721994991453
97 970 0.015762904019851705 0 0 0.007734854019081489 0.009287156387435174 0.00900350716576869 0.008507603993505248 0.008329219052635206 0.009947985724710343 0.009314022042518095 0.00817689488813209 0.008493650230510113 0.00903816820409402
98 980 0.01354763039423218 0 0 0.0066598111125138965 0.00806527777197903 0.0075170931622576135 0.007114599091052005 0.00703059672010532 0.008574054063098148 0.007863710773122751 0.006920201051243461 0.007233367218676916 0.007668275187777052
99 990 0.012018126370159636 0 0 0.005926046013052159 0.007039333266056447 0.006505401238123294 0.006144767131483882 0.006184438003065684 0.0074814874038816835 0.006958267193160536 0.006040782427080154 0.006384911757978675 0.006763145917525187
100 1000 0.010957462070847156 0 0 0.005367053459814809 0.0063390213926069255 0.005907087626832595 0.005490111013080026 0.005608304165966258 0.00667716723238864 0.00631484940187148 0.005481653396264916 0.005632995536426415 0.0062402271119269
101 1010 0.009875201370803036 0 0 0.00487350205820061 0.0056479920512548095 0.005347118760040705 0.004925882807403947 0.005105473292823318 0.005941804229934168 0.005690286108596168 0.004892018939450987 0.004968790006751907 0.005517443672060676
102 1020 0.009018641945465833 0 0 0.004332284282304205 0.004910793590307306 0.004901373986797711 0.004563720777860114 0.004754418017353951 0.005477086009834043 0.005315088304309596 0.004449569724391152 0.004518518494023914 0.005009759704447653
103 1030 0.009006704789366583 0 0 0.004542023391835579 0.004907640757000697 0.004773633129422661 0.004556159668123033 0.004729324882857313 0.005351803920414898 0.005233703092128063 0.00447095430485099 0.004485160759092625 0.005053469681142563
104 1040 0.008367637030136724 0 0 0.0042407367992142175 0.0044588482912271505 0.0044649140313036875 0.004254831912988162 0.004199791527269738 0.004972311252284769 0.0048638761975625215 0.004160646092050402 0.004153188088193931 0.004692376102631781
105 1050 0.007582295602726515 0 0 0.00382461518358963 0.0039980206194128575 0.004011074788033003 0.003773100332349707 0.0037775852376900104 0.004469639398247936 0.004318513637771081 0.003800985141462211 0.003643941540473176 0.0042485371607621294
106 1060 0.0073790330595504125 0 0 0.0036250616053319323 0.003888371003127057 0.003821103842006022 0.0037807969475984037 0.003517142297469412 0.004317928931387396 0.004157166417272517 0.003734645688966486 0.0034853030767641483 0.0041337993093536795
107 1070 0.006975058493544354 0 0 0.003405829480403097 0.0036153964659887015 0.003550061699932735 0.0035241213169495507 0.0033113214905817904 0.004066873944319974 0.0038932633619154595 0.0036104868578649535 0.0032877108837998112 0.0038658175955975263
108 1080 0.006768741738209261 0 0 0.0032505875058434336 0.003403417732814286 0.003332354584594836 0.003438556066088429 0.0032594564063520154 0.004050126254388988 0.0038606215054107417 0.00346654187213407 0.0031117035184648786 0.0037524462407476197
109 1090 0.006773233003915483 0 0 0.0031680452640772652 0.003385142896385212 0.0034285399959393093 0.003381678188982081 0.003186399531722788 0.004021972595413567 0.003802356515114097 0.0034323923930888933 0.003104285336855299 0.003728060110529962
110 1100 0.006891716490169197 0 0 0.003215334652473462 0.003428465221187584 0.003479401049397872 0.0034086886955855345 0.0033222145757606375 0.004087587975142732 0.0037995310211248086 0.003363154494183102 0.0030860283299464514 0.0038737407106817882
111 1110 0.006436521929868327 0 0 0.0029561702597156194 0.0031412586982137503 0.0032699528528405786 0.0032016273560157306 0.003082344527954595 0.0037909326923431428 0.003468829585576274 0.0031573466379340625 0.002727993904391134 0.0036160833653889964
112 1120 0.0064986741022300554 0 0 0.0030075652220064105 0.0031508617057494333 0.0031888245623607103 0.0031862248481564995 0.0031395279336361814 0.003809954854148436 0.0035501537603798024 0.003178802767750888 0.0028275630352474377 0.0037124787840927824
113 1130 0.0062209343929731835 0 0 0.0029068890318969627 0.002977252246973195 0.002997559121673925 0.003059817094099304 0.0029315955475131793 0.0036425282541650288 0.0034087583897743786 0.003052506604752185 0.0026581600490539026 0.0034002283303883186
114 1140 0.005597410007307184 0 0 0.0026119662397475945 0.002660486847858451 0.0026751540617714086 0.0027256250419554593 0.0026444753978241355 0.0031998192524693462 0.003014937662005234 0.0027454217673080037 0.0022934070345896874 0.002995435715190476
