% # columns="iteration, evaluation, void, void, void, xmean", seed=1037312, Wed Mar 11 16:01:14 2020, <python>{}</python> # scaling_of_variables: 1, typical_x: 0
1 10 0 0 0 -1.005456034121862 -0.9780701145252133 -0.6447375107099258 -1.1121714658449082 -1.028325054953667 -0.9454618659833988 -0.9650396964389774 -1.0129562888817192 -1.0272896036839976 -0.9647632769557992
2 20 0 0 0 -0.9547031417262195 -0.9662029291445087 -0.5464022796975059 -1.120149507680767 -1.0565697231497972 -0.9324158573803824 -0.7919909020136823 -1.0000551741092392 -0.8154354272105023 -0.8416348900129543
3 30 0 0 0 -0.7358304946298234 -1.0201960541309514 -0.45177727269411727 -1.1117233431415183 -1.118115730329267 -0.8632214278814835 -0.6453248146367041 -0.9336903620785307 -0.640010641565502 -0.8995305974950468
4 40 0 0 0 -0.6517265160298735 -1.066495369930907 -0.32259118791406555 -1.0163057259623758 -1.1223897936164462 -0.8452372796352172 -0.5372905432282669 -0.9614153836040801 -0.4064037112885493 -0.7619932462256306
5 50 0 0 0 -0.7663535652297747 -0.9740803456951801 -0.2311168871525672 -0.9639813703795616 -0.8962672456058985 -0.7348585777995956 -0.5713775744580568 -0.6042767282534046 -0.453561985418067 -0.8346012180233764
6 60 0 0 0 -0.6820081455511086 -0.8245620880752498 -0.27515360704538205 -0.945384449366608 -0.9284375166907973 -0.773302969359075 -0.57511855305036 -0.605135695889843 -0.2921754183474913 -0.9122140205048588
7 70 0 0 0 -0.7194813826199464 -0.5877231178753026 -0.038515788672716295 -0.9630870471428279 -0.8062300610351902 -0.6292243205709581 -0.3963836407650079 -0.389559345187416 -0.2764246388761641 -0.9259053790196855
8 80 0 0 0 -0.6394911773566618 -0.5682548010091681 0.0719739581146069 -0.9110801657038943 -0.7909084463534742 -0.45942937743872153 -0.394830935334364 -0.26628653430057486 -0.19469516145402768 -0.7128895200889701
9 90 0 0 0 -0.5054884401631271 -0.7976515026335015 0.08666450338631482 -0.6300638412268774 -0.6927060059619164 -0.13910027208650327 -0.34924417406881575 -0.4329312245757063 -0.3529534806341066 -0.3053734854793732
10 100 0 0 0 -0.4794307323555891 -0.7039857765523473 0.19533945528327407 -0.48528171986879365 -0.5507688570313101 0.0562661755644254 -0.22920008371913453 -0.32819076711013156 -0.270949910570137 0.08560790084221775
11 110 0 0 0 -0.1657482994820192 -0.5261783623273975 0.3201068809891071 -0.20755528393363754 -0.4965129523314703 0.4143369499767702 0.07897890323135848 -0.046923381769733374 0.049867105002696144 0.1678428690061664
12 120 0 0 0 -0.06168673221930672 -0.28596811789317705 0.44879848551390716 0.20514637734340524 -0.3688590564953172 0.6095466963961301 0.18536562690279754 0.499775359795772 0.4005756937347539 0.3712704715367891
13 130 0 0 0 0.4220332950538987 -0.09566377018279731 0.5077965018066563 0.2383538524558983 -0.3056984477220709 0.3937790856197836 0.0352258934402076 0.6757318420571825 0.4091047249477202 0.27300947815784177
14 140 0 0 0 0.49575664289073046 0.46669035524593777 0.3601697811005194 0.5063509516546948 -0.1774297779690021 0.47380182437345036 0.3676342396221911 0.8904076653668019 0.691447918287054 0.295419690719495
15 150 0 0 0 0.7386363075011169 0.3310081818884442 -0.13693241915642512 0.3626928179638008 -0.2722205935547253 0.570198863045938 0.47242837463705906 0.5832624215957765 0.7320876911473584 0.5056067343562534
16 160 0 0 0 0.4280648747033145 0.6222949647393435 -0.23633795513762154 0.5865509544096228 -0.3517709025904079 0.5187836093960232 -0.04069628490137506 0.6973899245320425 0.5414021493543991 -0.009162510502413457
17 170 0 0 0 0.5613370469009115 0.42184399895221614 -0.0810400135700097 0.6989602093583465 -0.35306807447767663 0.6893195145298711 0.27004359772407444 0.7260011425416861 0.3780511383109965 0.13857423102671027
18 180 0 0 0 0.6706976386679223 0.3902882289475271 0.13021165695286982 0.48553883608432763 -0.21180492994178446 0.7158415859057072 0.6460891664088872 0.4140249433340706 0.620907854703697 0.19174040485188415
19 190 0 0 0 0.412419227595431 0.50324739410505 0.17222077493528287 0.38313446302038334 -0.17628078679637613 0.7400945127904907 0.46073804785262595 0.5476500015413159 0.5484072080490344 0.20162697706757587
20 200 0 0 0 0.0480801083775545 0.14317722393500076 -0.035395053278405975 0.0623375080320846 -0.16737018962255695 0.48697392218915536 0.037130839088927836 0.3505648727663374 0.3640593507177201 0.047590720612585236
21 210 0 0 0 0.19702844202448527 0.24004430386727452 -0.04059701570410308 0.05791913333625093 -0.06477948616491118 0.3358101031259861 -0.09598290331106599 0.5211754087556228 0.29896684054252803 0.0733161577100139
22 220 0 0 0 0.12941645743870525 0.24586100384085105 0.3628033508547702 0.05282003257677784 0.01412664640209628 0.5334282019409478 0.2868673694962086 0.36507336444518473 0.18337141215613081 0.14837484587921368
23 230 0 0 0 0.06573130625644272 0.07941945791805147 0.41000331640963694 0.2610570744303708 0.2920975490475194 0.24858799117816838 0.40707531800508023 0.43401569552343866 0.24521537339523386 0.3196815753827292
24 240 0 0 0 0.35540390616160733 0.21146836249160672 0.3172775566737891 0.5144586453835427 0.31115067256394435 0.1844597443479916 0.476703864754471 0.5580043476948697 0.41758090766475875 0.2106158351056716
25 250 0 0 0 0.5039542568277683 0.23484567086407415 0.08749406949563748 0.32607411802636893 0.21663082213202647 0.28155525544738313 0.2765407017243446 0.3561897357609691 0.2049650079000514 0.2292887450467819
26 260 0 0 0 0.5174118505530947 0.20148622175554562 0.4025773496020049 0.2912008545410447 0.3469175999405919 0.2943036909955458 0.34180918658494613 0.21211910845612578 0.16452597196616978 0.19512108448372517
27 270 0 0 0 0.2307888931148574 0.3480883691660415 0.27725555505236754 0.34493657073245887 0.22377980867459416 0.26598961847465563 0.1213341665764886 0.4032641044965548 0.19813920284748723 0.21580365316766345
28 280 0 0 0 0.09171376659043845 0.3006475769903487 0.1828073323260997 0.31801272478614306 0.16438026402877576 0.4386188385135102 0.09153259384751633 0.29079808742622426 0.22541165809704306 0.20110965563396987
29 290 0 0 0 -0.01906943904485825 0.19495688218213644 0.09289521645377818 0.336898484033896 0.19655981095176056 0.4321519446221303 0.2547761833924628 0.2904866580353363 0.16185479767761676 0.22209469972536905
30 300 0 0 0 0.04034656357112467 0.18033481013644845 0.1565679637366923 0.3375590239543035 0.2186637415438962 0.3622786089613042 0.248336702853878 0.24794450196292855 0.25624515307510487 0.21935441644051215
31 310 0 0 0 0.08895793820603264 0.3353231086016056 0.2551355887042721 0.3583119970651121 0.24629046172177474 0.2988590392437631 0.2280006060583466 0.3402386510113659 0.27377398303893624 0.20303225349354093
32 320 0 0 0 0.24263014006638878 0.2593456343374427 0.29714632107782885 0.41059302808796777 0.43423942787122416 0.3914706651053496 0.2396279808913126 0.27514851910411636 0.3358826530822324 0.24222568354817742
33 330 0 0 0 0.29824461337768243 0.42534919280225875 0.32306167011154224 0.406456384484827 0.3942724237734721 0.35672434312854173 0.40363896728035203 0.2766586762017354 0.4003569664300182 0.3429276670410548
34 340 0 0 0 0.35012781064630005 0.4348445146285332 0.31849043994967907 0.4388037879730414 0.40195460157610396 0.2933624504615686 0.4013309667819239 0.28776084249872047 0.39586649329622103 0.39098802377489683
35 350 0 0 0 0.2824729451658849 0.376888295138807 0.22719012027022245 0.43293530092246224 0.3403618815198619 0.3498568935759905 0.39165943352888133 0.2349060530710735 0.3721047300677593 0.3985637942362754
36 360 0 0 0 0.32231189546666583 0.3782594420415677 0.32656492665761544 0.4219436486825315 0.41426372365098474 0.37845799669886293 0.5098444091706693 0.313481045122891 0.33809623474698275 0.4537789966211894
37 370 0 0 0 0.35126569675530334 0.3875320771038678 0.28835252584090054 0.4476393339080977 0.3056142288308791 0.40424659974621013 0.47859934763620277 0.3177914453191563 0.3367774292611958 0.4614333521767284
38 380 0 0 0 0.39951572017844883 0.32942613268103804 0.36012637439756173 0.3735958492102624 0.3940727858440654 0.4386514827704388 0.4039468489409368 0.31054383063606905 0.3465854546304521 0.5143124916814604
39 390 0 0 0 0.45965276902465096 0.3421260409079737 0.22746177245544583 0.33103392083222954 0.3905718345834677 0.378830130129259 0.3824438152936112 0.29007272352886215 0.29766626191063184 0.5571303920138432
40 400 0 0 0 0.5639517502781594 0.4362741331094989 0.30216920280357495 0.37572405512855517 0.37191972771392917 0.41470811466047064 0.47786275889079566 0.3979063747736719 0.3905121287171677 0.5440089351066396
41 410 0 0 0 0.6577845627883696 0.49577241670984945 0.43659515111608604 0.3786640771409939 0.5057440250345061 0.36132921009179636 0.5833816301934877 0.4521629088327588 0.4742222143171605 0.6346258619797617
42 420 0 0 0 0.5429696982657792 0.5170031605496589 0.5170504966983063 0.4093955985452299 0.5334143462681827 0.31674675458509327 0.4946553512767701 0.4696116954397394 0.490260335925911 0.5377917171657554
43 430 0 0 0 0.5496948664127054 0.4602173138893558 0.594119894641805 0.35836726994898754 0.485575998951698 0.34346102335903494 0.5092773838861253 0.4052403250389727 0.45613459540861434 0.5158729138801516
44 440 0 0 0 0.5829259948135256 0.47551200021027773 0.5765964297555713 0.3175186788131488 0.4709633063722828 0.37540471868075403 0.527534326246061 0.4232608400528993 0.40549097038579524 0.4646115987374454
45 450 0 0 0 0.48708310608827654 0.45201876433157173 0.5535182631023937 0.2753007088052584 0.4720218406420454 0.33213576362648134 0.4775435870318831 0.35198819489744004 0.3286104346951688 0.37932444025181006
46 460 0 0 0 0.4639840136276419 0.4281565163147639 0.4882637595805038 0.23211093514071524 0.44315694875620015 0.2752016104429757 0.49327425461371116 0.431916255159574 0.26724832883682703 0.3657085754361768
47 470 0 0 0 0.5516652816602086 0.4477783143718706 0.5060393774277625 0.2371384832551865 0.4109057060176847 0.26436591917323204 0.4897717737227637 0.3838448486425265 0.2790323326276845 0.3428815772977832
48 480 0 0 0 0.49877644688510775 0.48330207692580374 0.4170545924911352 0.23413583863230608 0.3749589164829977 0.27870220333032003 0.5042943242524783 0.38686870117847727 0.37574647181085263 0.37781606409449714
49 490 0 0 0 0.45032697076665335 0.3787345677600356 0.45377854020073966 0.23240916725502916 0.40636094307526954 0.24041865981457836 0.49054758515844615 0.4256508858807543 0.394213441621861 0.34810524177376195
