% # columns="iteration, evaluation, min max(neg(.)) min(pos(.)) max correlation, correlation matrix principle axes lengths  (sorted square roots of eigenvalues of correlation matrix)", seed=1021664, Wed Mar 11 16:01:15 2020
1 10 -0.10165676288934539 -0.02460762893084601 0.01088259017887347 0.08479178344894264 0.8819537551913458 0.9612856211357345 0.983780031724229 0.98662161938625 0.989809402680764 0.9984191132082322 1.0015555519833832 1.0239904177240702 1.062930038257757 1.0948920553447459
2 20 -0.10165676288934539 -0.02460762893084601 0.01088259017887347 0.08479178344894264 0.8819537551913458 0.9612856211357345 0.983780031724229 0.98662161938625 0.989809402680764 0.9984191132082322 1.0015555519833832 1.0239904177240702 1.062930038257757 1.0948920553447459
3 30 -0.10165676288934539 -0.02460762893084601 0.01088259017887347 0.08479178344894264 0.8819537551913458 0.9612856211357345 0.983780031724229 0.98662161938625 0.989809402680764 0.9984191132082322 1.0015555519833832 1.0239904177240702 1.062930038257757 1.0948920553447459
4 40 -0.10165676288934539 -0.02460762893084601 0.01088259017887347 0.08479178344894264 0.8819537551913458 0.9612856211357345 0.983780031724229 0.98662161938625 0.989809402680764 0.9984191132082322 1.0015555519833832 1.0239904177240702 1.062930038257757 1.0948920553447459
5 50 -0.10165676288934539 -0.02460762893084601 0.01088259017887347 0.08479178344894264 0.8819537551913458 0.9612856211357345 0.983780031724229 0.98662161938625 0.989809402680764 0.9984191132082322 1.0015555519833832 1.0239904177240702 1.062930038257757 1.0948920553447459
6 60 -0.10165676288934539 -0.02460762893084601 0.01088259017887347 0.08479178344894264 0.8819537551913458 0.9612856211357345 0.983780031724229 0.98662161938625 0.989809402680764 0.9984191132082322 1.0015555519833832 1.0239904177240702 1.062930038257757 1.0948920553447459
7 70 -0.10165676288934539 -0.02460762893084601 0.01088259017887347 0.08479178344894264 0.8819537551913458 0.9612856211357345 0.983780031724229 0.98662161938625 0.989809402680764 0.9984191132082322 1.0015555519833832 1.0239904177240702 1.062930038257757 1.0948920553447459
8 80 -0.10165676288934539 -0.02460762893084601 0.01088259017887347 0.08479178344894264 0.8819537551913458 0.9612856211357345 0.983780031724229 0.98662161938625 0.989809402680764 0.9984191132082322 1.0015555519833832 1.0239904177240702 1.062930038257757 1.0948920553447459
9 90 -0.10165676288934539 -0.02460762893084601 0.01088259017887347 0.08479178344894264 0.8819537551913458 0.9612856211357345 0.983780031724229 0.98662161938625 0.989809402680764 0.9984191132082322 1.0015555519833832 1.0239904177240702 1.062930038257757 1.0948920553447459
10 100 -0.10165676288934539 -0.02460762893084601 0.01088259017887347 0.08479178344894264 0.8819537551913458 0.9612856211357345 0.983780031724229 0.98662161938625 0.989809402680764 0.9984191132082322 1.0015555519833832 1.0239904177240702 1.062930038257757 1.0948920553447459
11 110 -0.2532182858261043 -0.11148783267337507 0.019149399309355514 0.12561355475409225 0.5900821217719748 0.8276997426447128 0.9162557101903257 0.9421598086502528 1.0173872578112317 1.0587014604041043 1.0815795761556646 1.097514943958989 1.107480566408126 1.2176757954144566
12 120 -0.2532182858261043 -0.11148783267337507 0.019149399309355514 0.12561355475409225 0.5900821217719748 0.8276997426447128 0.9162557101903257 0.9421598086502528 1.0173872578112317 1.0587014604041043 1.0815795761556646 1.097514943958989 1.107480566408126 1.2176757954144566
13 130 -0.2532182858261043 -0.11148783267337507 0.019149399309355514 0.12561355475409225 0.5900821217719748 0.8276997426447128 0.9162557101903257 0.9421598086502528 1.0173872578112317 1.0587014604041043 1.0815795761556646 1.097514943958989 1.107480566408126 1.2176757954144566
14 140 -0.2532182858261043 -0.11148783267337507 0.019149399309355514 0.12561355475409225 0.5900821217719748 0.8276997426447128 0.9162557101903257 0.9421598086502528 1.0173872578112317 1.0587014604041043 1.0815795761556646 1.097514943958989 1.107480566408126 1.2176757954144566
15 150 -0.2532182858261043 -0.11148783267337507 0.019149399309355514 0.12561355475409225 0.5900821217719748 0.8276997426447128 0.9162557101903257 0.9421598086502528 1.0173872578112317 1.0587014604041043 1.0815795761556646 1.097514943958989 1.107480566408126 1.2176757954144566
16 160 -0.2532182858261043 -0.11148783267337507 0.019149399309355514 0.12561355475409225 0.5900821217719748 0.8276997426447128 0.9162557101903257 0.9421598086502528 1.0173872578112317 1.0587014604041043 1.0815795761556646 1.097514943958989 1.107480566408126 1.2176757954144566
17 170 -0.2532182858261043 -0.11148783267337507 0.019149399309355514 0.12561355475409225 0.5900821217719748 0.8276997426447128 0.9162557101903257 0.9421598086502528 1.0173872578112317 1.0587014604041043 1.0815795761556646 1.097514943958989 1.107480566408126 1.2176757954144566
18 180 -0.2532182858261043 -0.11148783267337507 0.019149399309355514 0.12561355475409225 0.5900821217719748 0.8276997426447128 0.9162557101903257 0.9421598086502528 1.0173872578112317 1.0587014604041043 1.0815795761556646 1.097514943958989 1.107480566408126 1.2176757954144566
19 190 -0.2532182858261043 -0.11148783267337507 0.019149399309355514 0.12561355475409225 0.5900821217719748 0.8276997426447128 0.9162557101903257 0.9421598086502528 1.0173872578112317 1.0587014604041043 1.0815795761556646 1.097514943958989 1.107480566408126 1.2176757954144566
20 200 -0.2532182858261043 -0.11148783267337507 0.019149399309355514 0.12561355475409225 0.5900821217719748 0.8276997426447128 0.9162557101903257 0.9421598086502528 1.0173872578112317 1.0587014604041043 1.0815795761556646 1.097514943958989 1.107480566408126 1.2176757954144566
21 210 -0.28730383200534215 -0.11593511947108272 0.030979148899653804 0.16609380913970329 0.6853191860064044 0.7970689845272755 0.8837159509897237 0.9241473824315449 0.9513693332395101 1.018526645254398 1.034228340403801 1.0907967033249815 1.1336777028291785 1.3314748977786135
22 220 -0.28730383200534215 -0.11593511947108272 0.030979148899653804 0.16609380913970329 0.6853191860064044 0.7970689845272755 0.8837159509897237 0.9241473824315449 0.9513693332395101 1.018526645254398 1.034228340403801 1.0907967033249815 1.1336777028291785 1.3314748977786135
23 230 -0.28730383200534215 -0.11593511947108272 0.030979148899653804 0.16609380913970329 0.6853191860064044 0.7970689845272755 0.8837159509897237 0.9241473824315449 0.9513693332395101 1.018526645254398 1.034228340403801 1.0907967033249815 1.1336777028291785 1.3314748977786135
24 240 -0.28730383200534215 -0.11593511947108272 0.030979148899653804 0.16609380913970329 0.6853191860064044 0.7970689845272755 0.8837159509897237 0.9241473824315449 0.9513693332395101 1.018526645254398 1.034228340403801 1.0907967033249815 1.1336777028291785 1.3314748977786135
25 250 -0.28730383200534215 -0.11593511947108272 0.030979148899653804 0.16609380913970329 0.6853191860064044 0.7970689845272755 0.8837159509897237 0.9241473824315449 0.9513693332395101 1.018526645254398 1.034228340403801 1.0907967033249815 1.1336777028291785 1.3314748977786135
26 260 -0.28730383200534215 -0.11593511947108272 0.030979148899653804 0.16609380913970329 0.6853191860064044 0.7970689845272755 0.8837159509897237 0.9241473824315449 0.9513693332395101 1.018526645254398 1.034228340403801 1.0907967033249815 1.1336777028291785 1.3314748977786135
27 270 -0.28730383200534215 -0.11593511947108272 0.030979148899653804 0.16609380913970329 0.6853191860064044 0.7970689845272755 0.8837159509897237 0.9241473824315449 0.9513693332395101 1.018526645254398 1.034228340403801 1.0907967033249815 1.1336777028291785 1.3314748977786135
28 280 -0.28730383200534215 -0.11593511947108272 0.030979148899653804 0.16609380913970329 0.6853191860064044 0.7970689845272755 0.8837159509897237 0.9241473824315449 0.9513693332395101 1.018526645254398 1.034228340403801 1.0907967033249815 1.1336777028291785 1.3314748977786135
29 290 -0.28730383200534215 -0.11593511947108272 0.030979148899653804 0.16609380913970329 0.6853191860064044 0.7970689845272755 0.8837159509897237 0.9241473824315449 0.9513693332395101 1.018526645254398 1.034228340403801 1.0907967033249815 1.1336777028291785 1.3314748977786135
30 300 -0.28730383200534215 -0.11593511947108272 0.030979148899653804 0.16609380913970329 0.6853191860064044 0.7970689845272755 0.8837159509897237 0.9241473824315449 0.9513693332395101 1.018526645254398 1.034228340403801 1.0907967033249815 1.1336777028291785 1.3314748977786135
31 310 -0.29905223573298256 -0.12490636127309312 0.023618083142077105 0.16074589444239534 0.6344166221132324 0.7762049517943519 0.8385964086975509 0.8933642958972664 0.9282153927786778 1.0148778007394528 1.0437536572593924 1.1266969591601812 1.2414970320886214 1.3045820553720935
32 320 -0.29905223573298256 -0.12490636127309312 0.023618083142077105 0.16074589444239534 0.6344166221132324 0.7762049517943519 0.8385964086975509 0.8933642958972664 0.9282153927786778 1.0148778007394528 1.0437536572593924 1.1266969591601812 1.2414970320886214 1.3045820553720935
33 330 -0.29905223573298256 -0.12490636127309312 0.023618083142077105 0.16074589444239534 0.6344166221132324 0.7762049517943519 0.8385964086975509 0.8933642958972664 0.9282153927786778 1.0148778007394528 1.0437536572593924 1.1266969591601812 1.2414970320886214 1.3045820553720935
34 340 -0.29905223573298256 -0.12490636127309312 0.023618083142077105 0.16074589444239534 0.6344166221132324 0.7762049517943519 0.8385964086975509 0.8933642958972664 0.9282153927786778 1.0148778007394528 1.0437536572593924 1.1266969591601812 1.2414970320886214 1.3045820553720935
35 350 -0.29905223573298256 -0.12490636127309312 0.023618083142077105 0.16074589444239534 0.6344166221132324 0.7762049517943519 0.8385964086975509 0.8933642958972664 0.9282153927786778 1.0148778007394528 1.0437536572593924 1.1266969591601812 1.2414970320886214 1.3045820553720935
36 360 -0.29905223573298256 -0.12490636127309312 0.023618083142077105 0.16074589444239534 0.6344166221132324 0.7762049517943519 0.8385964086975509 0.8933642958972664 0.9282153927786778 1.0148778007394528 1.0437536572593924 1.1266969591601812 1.2414970320886214 1.3045820553720935
37 370 -0.29905223573298256 -0.12490636127309312 0.023618083142077105 0.16074589444239534 0.6344166221132324 0.7762049517943519 0.8385964086975509 0.8933642958972664 0.9282153927786778 1.0148778007394528 1.0437536572593924 1.1266969591601812 1.2414970320886214 1.3045820553720935
38 380 -0.29905223573298256 -0.12490636127309312 0.023618083142077105 0.16074589444239534 0.6344166221132324 0.7762049517943519 0.8385964086975509 0.8933642958972664 0.9282153927786778 1.0148778007394528 1.0437536572593924 1.1266969591601812 1.2414970320886214 1.3045820553720935
39 390 -0.29905223573298256 -0.12490636127309312 0.023618083142077105 0.16074589444239534 0.6344166221132324 0.7762049517943519 0.8385964086975509 0.8933642958972664 0.9282153927786778 1.0148778007394528 1.0437536572593924 1.1266969591601812 1.2414970320886214 1.3045820553720935
40 400 -0.29905223573298256 -0.12490636127309312 0.023618083142077105 0.16074589444239534 0.6344166221132324 0.7762049517943519 0.8385964086975509 0.8933642958972664 0.9282153927786778 1.0148778007394528 1.0437536572593924 1.1266969591601812 1.2414970320886214 1.3045820553720935
41 410 -0.26964249668082496 -0.14827395107587885 -0.0024888019558391085 0.09947821845530967 0.5361633428161001 0.8094396805116858 0.8920665153904505 0.958284579149841 0.9708705083587787 0.9998660498542722 1.0344441346908502 1.150847327808754 1.1991753548558093 1.2523485289046858
42 420 -0.26964249668082496 -0.14827395107587885 -0.0024888019558391085 0.09947821845530967 0.5361633428161001 0.8094396805116858 0.8920665153904505 0.958284579149841 0.9708705083587787 0.9998660498542722 1.0344441346908502 1.150847327808754 1.1991753548558093 1.2523485289046858
43 430 -0.26964249668082496 -0.14827395107587885 -0.0024888019558391085 0.09947821845530967 0.5361633428161001 0.8094396805116858 0.8920665153904505 0.958284579149841 0.9708705083587787 0.9998660498542722 1.0344441346908502 1.150847327808754 1.1991753548558093 1.2523485289046858
44 440 -0.26964249668082496 -0.14827395107587885 -0.0024888019558391085 0.09947821845530967 0.5361633428161001 0.8094396805116858 0.8920665153904505 0.958284579149841 0.9708705083587787 0.9998660498542722 1.0344441346908502 1.150847327808754 1.1991753548558093 1.2523485289046858
45 450 -0.26964249668082496 -0.14827395107587885 -0.0024888019558391085 0.09947821845530967 0.5361633428161001 0.8094396805116858 0.8920665153904505 0.958284579149841 0.9708705083587787 0.9998660498542722 1.0344441346908502 1.150847327808754 1.1991753548558093 1.2523485289046858
46 460 -0.26964249668082496 -0.14827395107587885 -0.0024888019558391085 0.09947821845530967 0.5361633428161001 0.8094396805116858 0.8920665153904505 0.958284579149841 0.9708705083587787 0.9998660498542722 1.0344441346908502 1.150847327808754 1.1991753548558093 1.2523485289046858
47 470 -0.26964249668082496 -0.14827395107587885 -0.0024888019558391085 0.09947821845530967 0.5361633428161001 0.8094396805116858 0.8920665153904505 0.958284579149841 0.9708705083587787 0.9998660498542722 1.0344441346908502 1.150847327808754 1.1991753548558093 1.2523485289046858
48 480 -0.26964249668082496 -0.14827395107587885 -0.0024888019558391085 0.09947821845530967 0.5361633428161001 0.8094396805116858 0.8920665153904505 0.958284579149841 0.9708705083587787 0.9998660498542722 1.0344441346908502 1.150847327808754 1.1991753548558093 1.2523485289046858
49 490 -0.26964249668082496 -0.14827395107587885 -0.0024888019558391085 0.09947821845530967 0.5361633428161001 0.8094396805116858 0.8920665153904505 0.958284579149841 0.9708705083587787 0.9998660498542722 1.0344441346908502 1.150847327808754 1.1991753548558093 1.2523485289046858
50 500 -0.26964249668082496 -0.14827395107587885 -0.0024888019558391085 0.09947821845530967 0.5361633428161001 0.8094396805116858 0.8920665153904505 0.958284579149841 0.9708705083587787 0.9998660498542722 1.0344441346908502 1.150847327808754 1.1991753548558093 1.2523485289046858
51 510 -0.35144752144641267 -0.17985714299520755 0.012120265034628368 0.1746014874456818 0.5124171706640671 0.6921225949456367 0.8413048530330741 0.8846511051606212 0.9554726998983771 1.0418670932580147 1.0491209591791155 1.1565408055762623 1.2270673970663637 1.3511634186934323
52 520 -0.35144752144641267 -0.17985714299520755 0.012120265034628368 0.1746014874456818 0.5124171706640671 0.6921225949456367 0.8413048530330741 0.8846511051606212 0.9554726998983771 1.0418670932580147 1.0491209591791155 1.1565408055762623 1.2270673970663637 1.3511634186934323
53 530 -0.35144752144641267 -0.17985714299520755 0.012120265034628368 0.1746014874456818 0.5124171706640671 0.6921225949456367 0.8413048530330741 0.8846511051606212 0.9554726998983771 1.0418670932580147 1.0491209591791155 1.1565408055762623 1.2270673970663637 1.3511634186934323
