% # columns="iteration, evaluation, min max(neg(.)) min(pos(.)) max correlation, correlation matrix principle axes lengths  (sorted square roots of eigenvalues of correlation matrix)", seed=937138, Mon Mar  9 17:25:49 2020
1 10 -0.04657377544931162 -0.01882899185035869 0.004260986632454359 0.04536714617926497 0.951782812330235 0.9588919021001516 0.9781181776965397 0.9889266042783753 0.9979156249409135 1.00261960333407 1.0105158993507262 1.0248475951623204 1.026122311204626 1.0556898990025634
2 20 -0.05749849067899266 -0.010215574263883828 0.022731250798836335 0.09940047208904772 0.951782812330235 0.9588919021001516 0.9781181776965397 0.9889266042783753 0.9979156249409135 1.00261960333407 1.0105158993507262 1.0248475951623204 1.026122311204626 1.0556898990025634
3 30 -0.05930489987173877 -0.012103639196355064 0.05329282420722935 0.15549259647702562 0.951782812330235 0.9588919021001516 0.9781181776965397 0.9889266042783753 0.9979156249409135 1.00261960333407 1.0105158993507262 1.0248475951623204 1.026122311204626 1.0556898990025634
4 40 -0.08633151121444861 -0.013043400770545471 0.05198001330484665 0.1433875123885102 0.951782812330235 0.9588919021001516 0.9781181776965397 0.9889266042783753 0.9979156249409135 1.00261960333407 1.0105158993507262 1.0248475951623204 1.026122311204626 1.0556898990025634
5 50 -0.09263706482111221 -0.007289441755897677 0.05752199330133174 0.16867287402717865 0.951782812330235 0.9588919021001516 0.9781181776965397 0.9889266042783753 0.9979156249409135 1.00261960333407 1.0105158993507262 1.0248475951623204 1.026122311204626 1.0556898990025634
6 60 -0.06215010260155842 0.004752839249424591 0.06149256323827877 0.13475663316578587 0.951782812330235 0.9588919021001516 0.9781181776965397 0.9889266042783753 0.9979156249409135 1.00261960333407 1.0105158993507262 1.0248475951623204 1.026122311204626 1.0556898990025634
7 70 -0.09552308925808155 -0.0023552107322828103 0.060094700511810276 0.16088733387077056 0.951782812330235 0.9588919021001516 0.9781181776965397 0.9889266042783753 0.9979156249409135 1.00261960333407 1.0105158993507262 1.0248475951623204 1.026122311204626 1.0556898990025634
8 80 -0.08744955140149095 -0.023890664065529234 0.0598861798531212 0.14263960911054838 0.951782812330235 0.9588919021001516 0.9781181776965397 0.9889266042783753 0.9979156249409135 1.00261960333407 1.0105158993507262 1.0248475951623204 1.026122311204626 1.0556898990025634
9 90 -0.11374685980396482 -0.007012528205891291 0.06353097916096262 0.1062965555812672 0.951782812330235 0.9588919021001516 0.9781181776965397 0.9889266042783753 0.9979156249409135 1.00261960333407 1.0105158993507262 1.0248475951623204 1.026122311204626 1.0556898990025634
10 100 -0.16140777013283888 -0.01993391223568753 0.05528437308781704 0.11496695367485402 0.951782812330235 0.9588919021001516 0.9781181776965397 0.9889266042783753 0.9979156249409135 1.00261960333407 1.0105158993507262 1.0248475951623204 1.026122311204626 1.0556898990025634
11 110 -0.21211802202968102 -0.022574359808249213 0.06478501113692697 0.14696533173435197 0.8179542049204174 0.8649001930513309 0.9392717444703774 0.9621465474818065 0.9711585531251476 1.0083935167050346 1.0344505554598762 1.0452150595992318 1.093599234097169 1.2068193770229787
12 120 -0.17691691768751378 -0.01894234121706828 0.07570441185096168 0.14706327343753778 0.8179542049204174 0.8649001930513309 0.9392717444703774 0.9621465474818065 0.9711585531251476 1.0083935167050346 1.0344505554598762 1.0452150595992318 1.093599234097169 1.2068193770229787
13 130 -0.16973652825217572 -0.014046947140276312 0.0707364942889068 0.16191644901209137 0.8179542049204174 0.8649001930513309 0.9392717444703774 0.9621465474818065 0.9711585531251476 1.0083935167050346 1.0344505554598762 1.0452150595992318 1.093599234097169 1.2068193770229787
14 140 -0.18394940507582866 -0.025771437388388878 0.07891818448468735 0.1744679356331357 0.8179542049204174 0.8649001930513309 0.9392717444703774 0.9621465474818065 0.9711585531251476 1.0083935167050346 1.0344505554598762 1.0452150595992318 1.093599234097169 1.2068193770229787
15 150 -0.188644382241609 -0.0227437410306863 0.06670503389302906 0.1710769762206167 0.8179542049204174 0.8649001930513309 0.9392717444703774 0.9621465474818065 0.9711585531251476 1.0083935167050346 1.0344505554598762 1.0452150595992318 1.093599234097169 1.2068193770229787
16 160 -0.18347531798183514 -0.02073608729548551 0.07858073851287742 0.1689392088020223 0.8179542049204174 0.8649001930513309 0.9392717444703774 0.9621465474818065 0.9711585531251476 1.0083935167050346 1.0344505554598762 1.0452150595992318 1.093599234097169 1.2068193770229787
17 170 -0.19264242681925225 -0.018117988441633065 0.08234481112774227 0.15714332626805835 0.8179542049204174 0.8649001930513309 0.9392717444703774 0.9621465474818065 0.9711585531251476 1.0083935167050346 1.0344505554598762 1.0452150595992318 1.093599234097169 1.2068193770229787
18 180 -0.1707472407148767 -0.03285811899589058 0.08926532925420633 0.17470498953941158 0.8179542049204174 0.8649001930513309 0.9392717444703774 0.9621465474818065 0.9711585531251476 1.0083935167050346 1.0344505554598762 1.0452150595992318 1.093599234097169 1.2068193770229787
19 190 -0.1479333021491088 -0.027106164207568395 0.10229853840177836 0.20881083159160402 0.8179542049204174 0.8649001930513309 0.9392717444703774 0.9621465474818065 0.9711585531251476 1.0083935167050346 1.0344505554598762 1.0452150595992318 1.093599234097169 1.2068193770229787
20 200 -0.16198202741778883 -0.013370444184358787 0.1154329770643759 0.21860652355441823 0.8179542049204174 0.8649001930513309 0.9392717444703774 0.9621465474818065 0.9711585531251476 1.0083935167050346 1.0344505554598762 1.0452150595992318 1.093599234097169 1.2068193770229787
21 210 -0.20929254242089124 -0.01949948549195013 0.12984863452785841 0.20478575537350804 0.7740249669288098 0.8210861802871771 0.8502578908931728 0.9291308947238267 0.9528749024362279 1.0032442703036937 1.0336446178765373 1.0794509327853776 1.1722226823511166 1.2721120074863774
22 220 -0.18472083555530336 -0.030742924761433737 0.10523238201657975 0.1999250526479228 0.7740249669288098 0.8210861802871771 0.8502578908931728 0.9291308947238267 0.9528749024362279 1.0032442703036937 1.0336446178765373 1.0794509327853776 1.1722226823511166 1.2721120074863774
23 230 -0.17829842074081512 -0.043987351729586274 0.10502811127877623 0.2052808333721792 0.7740249669288098 0.8210861802871771 0.8502578908931728 0.9291308947238267 0.9528749024362279 1.0032442703036937 1.0336446178765373 1.0794509327853776 1.1722226823511166 1.2721120074863774
24 240 -0.177526201993843 -0.0335045780378605 0.08860097308328897 0.1938526184624957 0.7740249669288098 0.8210861802871771 0.8502578908931728 0.9291308947238267 0.9528749024362279 1.0032442703036937 1.0336446178765373 1.0794509327853776 1.1722226823511166 1.2721120074863774
25 250 -0.15864384638013024 -0.031969934367336784 0.08258567124117924 0.18994645854820247 0.7740249669288098 0.8210861802871771 0.8502578908931728 0.9291308947238267 0.9528749024362279 1.0032442703036937 1.0336446178765373 1.0794509327853776 1.1722226823511166 1.2721120074863774
26 260 -0.15551143293406788 -0.030125786246034174 0.1042092805411214 0.19006657299135 0.7740249669288098 0.8210861802871771 0.8502578908931728 0.9291308947238267 0.9528749024362279 1.0032442703036937 1.0336446178765373 1.0794509327853776 1.1722226823511166 1.2721120074863774
27 270 -0.16692209143229808 -0.026172835876045318 0.09498804060543535 0.2203220745795502 0.7740249669288098 0.8210861802871771 0.8502578908931728 0.9291308947238267 0.9528749024362279 1.0032442703036937 1.0336446178765373 1.0794509327853776 1.1722226823511166 1.2721120074863774
28 280 -0.13835113271792102 -0.031326582353926234 0.1037496211855175 0.2260661303887943 0.7740249669288098 0.8210861802871771 0.8502578908931728 0.9291308947238267 0.9528749024362279 1.0032442703036937 1.0336446178765373 1.0794509327853776 1.1722226823511166 1.2721120074863774
29 290 -0.1387498292938084 -0.03227351027345688 0.11127995846596311 0.24851970545985627 0.7740249669288098 0.8210861802871771 0.8502578908931728 0.9291308947238267 0.9528749024362279 1.0032442703036937 1.0336446178765373 1.0794509327853776 1.1722226823511166 1.2721120074863774
30 300 -0.11764879136989112 -0.04306133543391499 0.103769936177726 0.2559649694711573 0.7740249669288098 0.8210861802871771 0.8502578908931728 0.9291308947238267 0.9528749024362279 1.0032442703036937 1.0336446178765373 1.0794509327853776 1.1722226823511166 1.2721120074863774
31 310 -0.1397945057781658 -0.0387507460613148 0.10515734787208264 0.270618484168658 0.7953625902655445 0.8403572767870328 0.8457542432428545 0.9092863696891633 0.9813258469285814 1.0048491336439003 1.0451473373327498 1.0629138447319735 1.1578290371344961 1.2584462558122784
32 320 -0.1542261727293084 -0.04006315791846473 0.1165039863098713 0.2505684652026968 0.7953625902655445 0.8403572767870328 0.8457542432428545 0.9092863696891633 0.9813258469285814 1.0048491336439003 1.0451473373327498 1.0629138447319735 1.1578290371344961 1.2584462558122784
33 330 -0.16314909055757792 -0.027131201292321626 0.1251330011543324 0.2684281221560113 0.7953625902655445 0.8403572767870328 0.8457542432428545 0.9092863696891633 0.9813258469285814 1.0048491336439003 1.0451473373327498 1.0629138447319735 1.1578290371344961 1.2584462558122784
34 340 -0.1488037727917341 -0.02169310364993911 0.11121169057365651 0.2531633270710118 0.7953625902655445 0.8403572767870328 0.8457542432428545 0.9092863696891633 0.9813258469285814 1.0048491336439003 1.0451473373327498 1.0629138447319735 1.1578290371344961 1.2584462558122784
35 350 -0.1687584504987821 -0.020126677536450505 0.11006336000092604 0.2651348017083666 0.7953625902655445 0.8403572767870328 0.8457542432428545 0.9092863696891633 0.9813258469285814 1.0048491336439003 1.0451473373327498 1.0629138447319735 1.1578290371344961 1.2584462558122784
36 360 -0.15745405408484683 -0.019557918374052602 0.13399822404336148 0.2869359812127143 0.7953625902655445 0.8403572767870328 0.8457542432428545 0.9092863696891633 0.9813258469285814 1.0048491336439003 1.0451473373327498 1.0629138447319735 1.1578290371344961 1.2584462558122784
37 370 -0.13850060299804406 -0.0298896204147494 0.13619812627129368 0.30147377234176465 0.7953625902655445 0.8403572767870328 0.8457542432428545 0.9092863696891633 0.9813258469285814 1.0048491336439003 1.0451473373327498 1.0629138447319735 1.1578290371344961 1.2584462558122784
38 380 -0.15969275687893258 -0.003424471440773078 0.14417836822180663 0.3070984441501107 0.7953625902655445 0.8403572767870328 0.8457542432428545 0.9092863696891633 0.9813258469285814 1.0048491336439003 1.0451473373327498 1.0629138447319735 1.1578290371344961 1.2584462558122784
39 390 -0.13297873788288336 -0.014686781355151161 0.1426428903698227 0.29942431857560026 0.7953625902655445 0.8403572767870328 0.8457542432428545 0.9092863696891633 0.9813258469285814 1.0048491336439003 1.0451473373327498 1.0629138447319735 1.1578290371344961 1.2584462558122784
40 400 -0.16478826965825083 -0.005866849803424595 0.14678944234569227 0.32907284180044455 0.7953625902655445 0.8403572767870328 0.8457542432428545 0.9092863696891633 0.9813258469285814 1.0048491336439003 1.0451473373327498 1.0629138447319735 1.1578290371344961 1.2584462558122784
41 410 -0.16188199004258777 -0.016187624129650625 0.15336465535442192 0.35792567185207247 0.738589443969189 0.7713391854754368 0.8324397482605129 0.8790950881581715 0.9467922139701516 0.976899865007066 0.9976551090280651 1.0722640450415057 1.199554720180821 1.399646783101915
42 420 -0.19098899745136536 -0.023635882316596822 0.16073074721044112 0.36797600292942007 0.738589443969189 0.7713391854754368 0.8324397482605129 0.8790950881581715 0.9467922139701516 0.976899865007066 0.9976551090280651 1.0722640450415057 1.199554720180821 1.399646783101915
43 430 -0.2009393832372347 -0.04270605111256672 0.14175390327273596 0.358362876474739 0.738589443969189 0.7713391854754368 0.8324397482605129 0.8790950881581715 0.9467922139701516 0.976899865007066 0.9976551090280651 1.0722640450415057 1.199554720180821 1.399646783101915
44 440 -0.24765722131388707 -0.05013775070183839 0.13299138537889238 0.3330433251024713 0.738589443969189 0.7713391854754368 0.8324397482605129 0.8790950881581715 0.9467922139701516 0.976899865007066 0.9976551090280651 1.0722640450415057 1.199554720180821 1.399646783101915
45 450 -0.17605164863639808 -0.06305882635881753 0.11848409079385656 0.3391690893428389 0.738589443969189 0.7713391854754368 0.8324397482605129 0.8790950881581715 0.9467922139701516 0.976899865007066 0.9976551090280651 1.0722640450415057 1.199554720180821 1.399646783101915
46 460 -0.19521636350413968 -0.08839053934555721 0.1157290128488705 0.33307031641349844 0.738589443969189 0.7713391854754368 0.8324397482605129 0.8790950881581715 0.9467922139701516 0.976899865007066 0.9976551090280651 1.0722640450415057 1.199554720180821 1.399646783101915
47 470 -0.197929258262924 -0.09118727823277853 0.1253332607845672 0.3439933288831854 0.738589443969189 0.7713391854754368 0.8324397482605129 0.8790950881581715 0.9467922139701516 0.976899865007066 0.9976551090280651 1.0722640450415057 1.199554720180821 1.399646783101915
48 480 -0.20878550845486218 -0.10271472112934649 0.11084986677363048 0.3352708287328432 0.738589443969189 0.7713391854754368 0.8324397482605129 0.8790950881581715 0.9467922139701516 0.976899865007066 0.9976551090280651 1.0722640450415057 1.199554720180821 1.399646783101915
49 490 -0.1988783115263301 -0.09953246894071838 0.08519229732532435 0.32420765768860815 0.738589443969189 0.7713391854754368 0.8324397482605129 0.8790950881581715 0.9467922139701516 0.976899865007066 0.9976551090280651 1.0722640450415057 1.199554720180821 1.399646783101915
50 500 -0.23305108083812454 -0.09986224004260733 0.06688811723705358 0.25457744707325597 0.738589443969189 0.7713391854754368 0.8324397482605129 0.8790950881581715 0.9467922139701516 0.976899865007066 0.9976551090280651 1.0722640450415057 1.199554720180821 1.399646783101915
51 510 -0.20928606923817597 -0.11012105218771033 0.06700950432700153 0.29485270208788444 0.7225279713779577 0.7792156413117018 0.8497086991219645 0.8659716749632993 0.9257400951629169 0.9675028757257027 1.054464459117434 1.1524818383643578 1.208436554383197 1.3059017467285063
52 520 -0.2153206697446497 -0.12302699931070853 0.05465550255433087 0.2947444317423248 0.7225279713779577 0.7792156413117018 0.8497086991219645 0.8659716749632993 0.9257400951629169 0.9675028757257027 1.054464459117434 1.1524818383643578 1.208436554383197 1.3059017467285063
53 530 -0.246973996281136 -0.10994983226607308 0.06103835085660199 0.2725431021536968 0.7225279713779577 0.7792156413117018 0.8497086991219645 0.8659716749632993 0.9257400951629169 0.9675028757257027 1.054464459117434 1.1524818383643578 1.208436554383197 1.3059017467285063
54 540 -0.25676607277320707 -0.11514810235800878 0.05745620078421808 0.2594309131793544 0.7225279713779577 0.7792156413117018 0.8497086991219645 0.8659716749632993 0.9257400951629169 0.9675028757257027 1.054464459117434 1.1524818383643578 1.208436554383197 1.3059017467285063
55 550 -0.25058966196524457 -0.11243652830815878 0.06233304384510828 0.24462184534850914 0.7225279713779577 0.7792156413117018 0.8497086991219645 0.8659716749632993 0.9257400951629169 0.9675028757257027 1.054464459117434 1.1524818383643578 1.208436554383197 1.3059017467285063
56 560 -0.28405609398102516 -0.11332490189234787 0.04919865775464206 0.2834985557651663 0.7225279713779577 0.7792156413117018 0.8497086991219645 0.8659716749632993 0.9257400951629169 0.9675028757257027 1.054464459117434 1.1524818383643578 1.208436554383197 1.3059017467285063
57 570 -0.29151245437369483 -0.12679875501047796 0.0532401153931823 0.2846682863487825 0.7225279713779577 0.7792156413117018 0.8497086991219645 0.8659716749632993 0.9257400951629169 0.9675028757257027 1.054464459117434 1.1524818383643578 1.208436554383197 1.3059017467285063
58 580 -0.3181589522000569 -0.14021889358011497 0.03679587506052005 0.31202233913842176 0.7225279713779577 0.7792156413117018 0.8497086991219645 0.8659716749632993 0.9257400951629169 0.9675028757257027 1.054464459117434 1.1524818383643578 1.208436554383197 1.3059017467285063
59 590 -0.3459487919006764 -0.11549197163850042 0.040534005317800194 0.28258298498614437 0.7225279713779577 0.7792156413117018 0.8497086991219645 0.8659716749632993 0.9257400951629169 0.9675028757257027 1.054464459117434 1.1524818383643578 1.208436554383197 1.3059017467285063
60 600 -0.33778629953054334 -0.13390447359103894 0.0259535975825024 0.24708567401631307 0.7225279713779577 0.7792156413117018 0.8497086991219645 0.8659716749632993 0.9257400951629169 0.9675028757257027 1.054464459117434 1.1524818383643578 1.208436554383197 1.3059017467285063
61 610 -0.36267538150634643 -0.15010837293777313 0.04612829975717555 0.2546342049627226 0.6327181236672458 0.7163344915461117 0.8508587232698344 0.8890121219381489 0.9335749705735299 0.9751616785469585 1.0540278377945664 1.1505671444943444 1.2365508431793566 1.336371805560042
62 620 -0.36523490198379605 -0.14071489486540095 0.04105511985203703 0.23759897314481532 0.6327181236672458 0.7163344915461117 0.8508587232698344 0.8890121219381489 0.9335749705735299 0.9751616785469585 1.0540278377945664 1.1505671444943444 1.2365508431793566 1.336371805560042
63 630 -0.3369143879644113 -0.14708346227531602 0.026644708627863882 0.21880819056788603 0.6327181236672458 0.7163344915461117 0.8508587232698344 0.8890121219381489 0.9335749705735299 0.9751616785469585 1.0540278377945664 1.1505671444943444 1.2365508431793566 1.336371805560042
64 640 -0.31077663854552695 -0.15543591974621446 0.021484597682838873 0.20603914339324197 0.6327181236672458 0.7163344915461117 0.8508587232698344 0.8890121219381489 0.9335749705735299 0.9751616785469585 1.0540278377945664 1.1505671444943444 1.2365508431793566 1.336371805560042
65 650 -0.3152883784014478 -0.15405446905084266 0.021238203976914848 0.186356918125135 0.6327181236672458 0.7163344915461117 0.8508587232698344 0.8890121219381489 0.9335749705735299 0.9751616785469585 1.0540278377945664 1.1505671444943444 1.2365508431793566 1.336371805560042
66 660 -0.37906183084495226 -0.15051909382110407 0.01633829725424278 0.184708505391651 0.6327181236672458 0.7163344915461117 0.8508587232698344 0.8890121219381489 0.9335749705735299 0.9751616785469585 1.0540278377945664 1.1505671444943444 1.2365508431793566 1.336371805560042
67 670 -0.3383897270250504 -0.1567076263673977 0.02095214636457008 0.1915866167706957 0.6327181236672458 0.7163344915461117 0.8508587232698344 0.8890121219381489 0.9335749705735299 0.9751616785469585 1.0540278377945664 1.1505671444943444 1.2365508431793566 1.336371805560042
68 680 -0.306353506767563 -0.1548844285476938 0.018761125105428864 0.19983655350649782 0.6327181236672458 0.7163344915461117 0.8508587232698344 0.8890121219381489 0.9335749705735299 0.9751616785469585 1.0540278377945664 1.1505671444943444 1.2365508431793566 1.336371805560042
69 690 -0.26830936863664606 -0.17331070549555802 0.0177355118135205 0.23941429150182264 0.6327181236672458 0.7163344915461117 0.8508587232698344 0.8890121219381489 0.9335749705735299 0.9751616785469585 1.0540278377945664 1.1505671444943444 1.2365508431793566 1.336371805560042
70 700 -0.28018270415440466 -0.17866236435393124 0.01800068358456324 0.25795649903653495 0.6327181236672458 0.7163344915461117 0.8508587232698344 0.8890121219381489 0.9335749705735299 0.9751616785469585 1.0540278377945664 1.1505671444943444 1.2365508431793566 1.336371805560042
71 710 -0.30409421782662477 -0.1793313795601103 0.021006172651754456 0.2506036748581909 0.5271044437652035 0.7049159837714374 0.8158457904263167 0.9083386345687356 0.9644219976466623 0.9947233678733874 1.0270026598959554 1.162551685230171 1.2499974084989536 1.3587612589130047
72 720 -0.31524614385032534 -0.19494660814608591 0.025297458343869116 0.2465808408476637 0.5271044437652035 0.7049159837714374 0.8158457904263167 0.9083386345687356 0.9644219976466623 0.9947233678733874 1.0270026598959554 1.162551685230171 1.2499974084989536 1.3587612589130047
73 730 -0.31776303276080986 -0.19346260815609984 0.030697217321781142 0.24197507934437545 0.5271044437652035 0.7049159837714374 0.8158457904263167 0.9083386345687356 0.9644219976466623 0.9947233678733874 1.0270026598959554 1.162551685230171 1.2499974084989536 1.3587612589130047
74 740 -0.30366011806277404 -0.17131654633892168 0.013171747204583566 0.232285043130022 0.5271044437652035 0.7049159837714374 0.8158457904263167 0.9083386345687356 0.9644219976466623 0.9947233678733874 1.0270026598959554 1.162551685230171 1.2499974084989536 1.3587612589130047
75 750 -0.3154656654472891 -0.16928601428006637 0.015367341670276903 0.23780801602070664 0.5271044437652035 0.7049159837714374 0.8158457904263167 0.9083386345687356 0.9644219976466623 0.9947233678733874 1.0270026598959554 1.162551685230171 1.2499974084989536 1.3587612589130047
76 760 -0.2970102420228643 -0.17435793154851262 0.016760726826621133 0.2512503128673658 0.5271044437652035 0.7049159837714374 0.8158457904263167 0.9083386345687356 0.9644219976466623 0.9947233678733874 1.0270026598959554 1.162551685230171 1.2499974084989536 1.3587612589130047
77 770 -0.32365219543812845 -0.16352663307547052 0.00792184769426579 0.23615597413998388 0.5271044437652035 0.7049159837714374 0.8158457904263167 0.9083386345687356 0.9644219976466623 0.9947233678733874 1.0270026598959554 1.162551685230171 1.2499974084989536 1.3587612589130047
78 780 -0.3242751213546577 -0.16440520095046962 0.01732409477676364 0.22154514562977404 0.5271044437652035 0.7049159837714374 0.8158457904263167 0.9083386345687356 0.9644219976466623 0.9947233678733874 1.0270026598959554 1.162551685230171 1.2499974084989536 1.3587612589130047
79 790 -0.32028545819211934 -0.16765192526013464 0.024031430359769422 0.21602732032053565 0.5271044437652035 0.7049159837714374 0.8158457904263167 0.9083386345687356 0.9644219976466623 0.9947233678733874 1.0270026598959554 1.162551685230171 1.2499974084989536 1.3587612589130047
80 800 -0.3311796103265468 -0.17442606615049341 0.027901099991144512 0.21975237650829238 0.5271044437652035 0.7049159837714374 0.8158457904263167 0.9083386345687356 0.9644219976466623 0.9947233678733874 1.0270026598959554 1.162551685230171 1.2499974084989536 1.3587612589130047
81 810 -0.33232687744606143 -0.1956892600439639 0.03514410218993723 0.20494492612502957 0.47909400759909104 0.65967987140329 0.7934571578804833 0.9335157269178486 0.9457115321215351 1.0048367675550982 1.0708950571946787 1.1410256957637455 1.2356255921226187 1.3980957864572459
82 820 -0.33367612984426265 -0.16886773936136998 0.01870693829287992 0.19798231489401782 0.47909400759909104 0.65967987140329 0.7934571578804833 0.9335157269178486 0.9457115321215351 1.0048367675550982 1.0708950571946787 1.1410256957637455 1.2356255921226187 1.3980957864572459
83 830 -0.31508819406731076 -0.16802313236670238 0.01979520277496737 0.2067608938215161 0.47909400759909104 0.65967987140329 0.7934571578804833 0.9335157269178486 0.9457115321215351 1.0048367675550982 1.0708950571946787 1.1410256957637455 1.2356255921226187 1.3980957864572459
84 840 -0.3237575072152612 -0.18391753500814084 0.006125287159743725 0.22849413189790602 0.47909400759909104 0.65967987140329 0.7934571578804833 0.9335157269178486 0.9457115321215351 1.0048367675550982 1.0708950571946787 1.1410256957637455 1.2356255921226187 1.3980957864572459
85 850 -0.32301570889259096 -0.1694616229042798 0.01613793476354424 0.22084945981184206 0.47909400759909104 0.65967987140329 0.7934571578804833 0.9335157269178486 0.9457115321215351 1.0048367675550982 1.0708950571946787 1.1410256957637455 1.2356255921226187 1.3980957864572459
86 860 -0.3169075595974968 -0.17433778837612499 -0.0037511013687500784 0.19175717888355062 0.47909400759909104 0.65967987140329 0.7934571578804833 0.9335157269178486 0.9457115321215351 1.0048367675550982 1.0708950571946787 1.1410256957637455 1.2356255921226187 1.3980957864572459
87 870 -0.3007948551554809 -0.1654043905882266 0.007701452753557124 0.1777929414537309 0.47909400759909104 0.65967987140329 0.7934571578804833 0.9335157269178486 0.9457115321215351 1.0048367675550982 1.0708950571946787 1.1410256957637455 1.2356255921226187 1.3980957864572459
88 880 -0.2956735473712374 -0.18531469116077168 0.008123418847201285 0.16946193014764876 0.47909400759909104 0.65967987140329 0.7934571578804833 0.9335157269178486 0.9457115321215351 1.0048367675550982 1.0708950571946787 1.1410256957637455 1.2356255921226187 1.3980957864572459
89 890 -0.3339583847903969 -0.18048957106991442 0.009707963144042098 0.15612386966771638 0.47909400759909104 0.65967987140329 0.7934571578804833 0.9335157269178486 0.9457115321215351 1.0048367675550982 1.0708950571946787 1.1410256957637455 1.2356255921226187 1.3980957864572459
90 900 -0.34762991655008135 -0.18772070038457161 0.015388563681884179 0.2120588928225778 0.47909400759909104 0.65967987140329 0.7934571578804833 0.9335157269178486 0.9457115321215351 1.0048367675550982 1.0708950571946787 1.1410256957637455 1.2356255921226187 1.3980957864572459
91 910 -0.34963238822935544 -0.17527196431730763 0.008423615467073306 0.21422158625615803 0.4630502674710604 0.657913792828836 0.9157524439359082 0.9511101395959417 0.9608393868963094 1.033883123830735 1.0838404186738064 1.1317766927768493 1.1939767603163007 1.3176437963240117
92 920 -0.3399926026131686 -0.17478413824662647 0.018255975467284788 0.18096860211876342 0.4630502674710604 0.657913792828836 0.9157524439359082 0.9511101395959417 0.9608393868963094 1.033883123830735 1.0838404186738064 1.1317766927768493 1.1939767603163007 1.3176437963240117
93 930 -0.3109063714086292 -0.18405106964288792 0.0014721930777473115 0.2133775518990303 0.4630502674710604 0.657913792828836 0.9157524439359082 0.9511101395959417 0.9608393868963094 1.033883123830735 1.0838404186738064 1.1317766927768493 1.1939767603163007 1.3176437963240117
94 940 -0.2974342580264097 -0.171527522103342 -0.0016534144833437983 0.19144254818440865 0.4630502674710604 0.657913792828836 0.9157524439359082 0.9511101395959417 0.9608393868963094 1.033883123830735 1.0838404186738064 1.1317766927768493 1.1939767603163007 1.3176437963240117
95 950 -0.3259266765194596 -0.17191210846726715 -0.017452857784691272 0.2061430562148307 0.4630502674710604 0.657913792828836 0.9157524439359082 0.9511101395959417 0.9608393868963094 1.033883123830735 1.0838404186738064 1.1317766927768493 1.1939767603163007 1.3176437963240117
96 960 -0.3079415796486367 -0.16827655510141076 -0.004607774209456606 0.2102465611573356 0.4630502674710604 0.657913792828836 0.9157524439359082 0.9511101395959417 0.9608393868963094 1.033883123830735 1.0838404186738064 1.1317766927768493 1.1939767603163007 1.3176437963240117
97 970 -0.32613149914187306 -0.15480879711338855 0.006536863184233894 0.2523097808777294 0.4630502674710604 0.657913792828836 0.9157524439359082 0.9511101395959417 0.9608393868963094 1.033883123830735 1.0838404186738064 1.1317766927768493 1.1939767603163007 1.3176437963240117
98 980 -0.34859442539792934 -0.16033680390945693 0.0018813137252920989 0.23729979000333493 0.4630502674710604 0.657913792828836 0.9157524439359082 0.9511101395959417 0.9608393868963094 1.033883123830735 1.0838404186738064 1.1317766927768493 1.1939767603163007 1.3176437963240117
99 990 -0.32589548219727466 -0.1642804173280646 0.02428925813596081 0.23579265869111835 0.4630502674710604 0.657913792828836 0.9157524439359082 0.9511101395959417 0.9608393868963094 1.033883123830735 1.0838404186738064 1.1317766927768493 1.1939767603163007 1.3176437963240117
100 1000 -0.3139318985298177 -0.1601287635115168 -0.005009314215995922 0.2173750118706149 0.4630502674710604 0.657913792828836 0.9157524439359082 0.9511101395959417 0.9608393868963094 1.033883123830735 1.0838404186738064 1.1317766927768493 1.1939767603163007 1.3176437963240117
101 1010 -0.3363981752492244 -0.16152372763683945 -0.0032368340569609317 0.21758483124402989 0.44411625217136935 0.698302941199305 0.8848753719297054 0.9344271715517408 0.9692669055673958 1.0163506795949362 1.080677799274564 1.1468921618581314 1.1961586572202045 1.3313551314082486
102 1020 -0.3355094138789852 -0.17483660400861395 -0.004682680623876233 0.21206781876367642 0.44411625217136935 0.698302941199305 0.8848753719297054 0.9344271715517408 0.9692669055673958 1.0163506795949362 1.080677799274564 1.1468921618581314 1.1961586572202045 1.3313551314082486
