% # columns="iteration, evaluation, void, void, void, xmean", seed=937138, Mon Mar  9 17:25:49 2020, <python>{}</python> # scaling_of_variables: 1, typical_x: 0
1 10 0 0 0 -1.0361649165150255 -1.0155863065689228 -1.054566314289565 -0.9263202967189915 -1.0304378931638363 -0.8751171538219955 -0.831526882186111 -0.7795444266239727 -1.1064354092777142 -0.9527075629584736
2 20 0 0 0 -1.0456449115234698 -0.9030417424614579 -1.0735620693342187 -0.8156554508436683 -0.9224111114147224 -0.8720042011962034 -0.7252223544776146 -0.5834992395718404 -0.8598020489174728 -0.8959836565204392
3 30 0 0 0 -1.0021463789163416 -0.7270554722851166 -0.9670146602035821 -0.7388540728683618 -1.0885931805798101 -0.7733229398021788 -0.4351959905647642 -0.32348896394367405 -0.8475356412527553 -0.8392024491833573
4 40 0 0 0 -1.0225485349376997 -0.7167615003294243 -0.917493480620217 -0.8316124758857933 -1.123492913572138 -0.604544084126816 -0.4789880873632363 -0.045772057296339264 -0.6239555353601322 -0.7042375959459778
5 50 0 0 0 -0.7211467016035343 -0.4139737145652902 -0.7946659083838232 -0.7342371718956133 -1.0178598500176812 -0.1902227000438237 -0.5679555764181682 0.031416776453806944 -0.5972519396256436 -0.6254529389978645
6 60 0 0 0 -0.4490451110293373 -0.24949336089797944 -0.6640829669884853 -0.5388340783245572 -0.9246785859263286 -0.033059531378408225 -0.5382449335554919 -0.1762899232042082 -0.41379307033366536 -0.19824781534074515
7 70 0 0 0 -0.6436335482560176 -0.16808239602550343 -0.8727811362477205 -0.3966918456172113 -1.1438560938632214 0.2264022457512474 -0.15450102457016568 0.09206910802415594 -0.34785245269396564 -0.18446698869359754
8 80 0 0 0 -0.49363596241857277 0.4972409314750261 -0.6204359074789715 0.08731489768636352 -1.1362114651612536 0.5654360886942669 0.3339045829104662 -0.09655468002889814 -0.3956426381036426 -0.2688815790464008
9 90 0 0 0 -0.2687630667803799 0.849126317337954 -0.3691223746032123 0.015543204806019381 -0.3422023282350397 0.6254121234124388 -0.40215731652606734 0.037906484613401153 0.05091629757719868 -0.12988852745462254
10 100 0 0 0 -0.6259041439351958 0.7323656456245419 -0.1905687306488878 0.11768170569480421 0.015147462524283561 0.20885145550148965 -0.6794659815314505 -0.06257090074486032 -0.033280610889043785 0.057445477773903963
11 110 0 0 0 -0.8321503804400514 0.7040837163095686 0.16114112293467853 0.3938178566432623 -0.7074221990674281 0.19317363394493564 0.05590203284689421 0.22561072833256934 0.3511165642718408 0.1616064396997783
12 120 0 0 0 -0.4879461230781828 0.5363221323711553 0.5226727855878832 0.5977796393938545 -0.10363060294414006 0.6516391810868991 0.16417863028086396 0.05578699476441057 0.562782800005599 0.36889602599808596
13 130 0 0 0 0.39715704300123184 -0.030343231222136446 0.5770438339883139 0.6025883344337828 -0.12479204726562287 0.49461180799651805 0.16008009226276776 0.05017817043604027 0.4544806532540869 0.024073019877142388
14 140 0 0 0 -0.05694106057575132 0.11970199274057289 0.4349677485878471 0.4648995040223887 -0.44872330378041553 0.2044588220583885 0.08969924295592727 0.04085856045169147 0.5198578691191168 -0.403455580451372
15 150 0 0 0 0.06191886161182025 0.3342096664749479 0.3110994358934059 0.6061814016879817 -0.23450080391889006 0.7121492851404191 0.3168559446329054 0.26920912913757866 0.6022023521025113 -0.1341768518523095
16 160 0 0 0 0.36303471328453707 -0.06674924043014263 0.33453877728392967 0.49240682982735495 0.002026908671375255 0.673465984791023 -0.027326570755353885 0.3837973208313957 0.3478461910995397 -0.10246750443300065
17 170 0 0 0 0.07267800321285056 0.11679436736473409 0.4707333289675746 0.24859812443342896 0.19594457285313674 0.3059329920734971 0.0050878938490263315 0.07159834133848586 0.7468608136071883 -0.16158188248637823
18 180 0 0 0 -0.12257511370962243 0.31248247952687164 0.28402410608873946 0.00668362654142951 0.17754909435501878 0.19031182127892693 0.14425629856165698 0.4057442537142402 0.40841177081542024 -0.20950452718075535
19 190 0 0 0 -0.2478639476283512 0.46087104005626595 0.2418920251416856 0.08858238838664328 -0.06252018209342844 0.28543675521036327 -0.034790454448940356 0.3705228417704075 0.3539688454115542 -0.1894008259383115
20 200 0 0 0 0.0016959450382880714 0.2904223770246751 0.43130514440292617 0.1817162569580591 -0.116941594428247 0.114652874389478 -0.12081699178053146 0.188817963596227 0.31722343229429584 -0.22808004265284967
21 210 0 0 0 -0.1056995049810188 -0.09918341589705415 0.31310724051352246 -0.018756208826233106 -0.12233728490082497 0.04812852096103784 -0.10513805966845018 0.08268356771841319 0.33553333186839013 -0.16630322897820735
22 220 0 0 0 0.08989217539526834 -0.16551228705131132 0.2329392265261446 0.005764256667887425 -0.07028380203958802 0.00848351659864753 0.20227671303555728 0.09060598825072705 0.16483994035919486 -0.11083758524083044
23 230 0 0 0 0.0652599576713467 -0.2891605046064434 0.3114864643980564 -0.0021619755149710745 0.07428246481972599 -0.0749035417000619 0.17203054515738136 -0.10693923701348232 0.04362764800393398 -0.1534619376312487
24 240 0 0 0 0.14522083719032494 -0.198719352598746 0.20561610805921118 0.008018560586564444 0.4533898460857165 0.07450674009795429 0.14757197946879116 0.04414714725227126 0.10490294801378904 -0.1401621813399371
25 250 0 0 0 0.06722383356087025 -0.07254638522825982 0.2674647694508759 -0.14555480973302592 0.2244618610864556 0.18124630779128625 0.25743166852436145 -0.04412837904960043 0.2769337782124426 -0.009019203254604091
26 260 0 0 0 0.060664567316763285 0.08261204958953677 0.2876325611238936 -0.025929688853567223 0.20291127813724213 0.24090559308532117 0.37451307118297905 -0.06678113972108878 0.18608879208417756 0.1532561943240299
27 270 0 0 0 0.1621802190519777 0.1742184978626197 0.2360664578530915 0.03697728383000322 0.10765586671761604 0.1765815325192402 0.19191115164952655 0.08362920606740233 0.15270292992120205 0.16094533166614036
28 280 0 0 0 0.3022702685891334 0.13099460109310643 0.2832544143552465 0.15157301383037586 0.1469205526710121 0.24532064326190783 0.24549196021317213 0.04079715621484414 0.1547756042869324 0.13811076688848056
29 290 0 0 0 0.3108356839239856 0.22166024837237594 0.33335152032640086 0.000753134284822099 0.049870659189615446 0.1326913886611984 0.2966025323209653 0.0044801313795776385 0.2116270289397033 0.07324212098699558
30 300 0 0 0 0.4801065335994613 0.09872535475777107 0.26581836375765555 -0.039328748663119965 0.049250661518928554 0.09653341112875666 0.25877924195211943 0.09838575575797695 0.1488347195902331 0.11259919054840287
31 310 0 0 0 0.39252202989620477 0.08134846336654196 0.28493543386206344 0.06887547178017592 0.15268310363113974 0.09816359131784573 0.22839935325608152 0.15167052043942247 0.24198319713104213 0.1070638333177279
32 320 0 0 0 0.2533928356013956 0.12023606962097233 0.2630135845954879 0.05128241649458284 0.21955446288167824 0.06837540712567745 0.2526481221284965 0.23761443310216587 0.16049105334605399 0.2088630895297226
33 330 0 0 0 0.23028251156560745 0.18311273040090587 0.28180952714658175 0.18809047639470014 0.15567572865077328 0.09057941254462708 0.24488543182197414 0.30582140172835276 0.1529873172479995 0.2547515925711727
34 340 0 0 0 0.24657408746962167 0.23059079670136987 0.27551611369843615 0.09037152291249563 0.15988925439987348 0.13931962740180437 0.14173649092726387 0.2788134157961922 0.19732780457985416 0.20211082879290268
35 350 0 0 0 0.18725459224656046 0.18482057863557286 0.2728472482554703 0.1285247102448368 0.17275299560887603 0.16891250502213104 0.12822539141837608 0.27849943320594944 0.24023795380123197 0.2692262568090088
36 360 0 0 0 0.19014388503228896 0.2520390567860311 0.281415446892147 0.18053010095204106 0.23379029826771647 0.19247378950809868 0.14213049119443455 0.282819925576485 0.29091244064448013 0.29318212835841373
37 370 0 0 0 0.21310286862737154 0.23330233808788153 0.29201548088553064 0.20513404304636465 0.230224790587422 0.22505052087841856 0.15995227654738348 0.2847165619583982 0.21450005106351483 0.34240485921830305
38 380 0 0 0 0.2712061731769256 0.18335979228057772 0.2174533789234843 0.21725406389862564 0.20724394648798977 0.20293790378367843 0.16704054165696466 0.2686115839897107 0.24464619015831407 0.3339511383115442
39 390 0 0 0 0.2680892849251291 0.217013826676049 0.22668496711096425 0.2828713553864026 0.21675542378700371 0.17097829042069845 0.15892208234054778 0.2606285565560544 0.35971481990242893 0.3853003132539145
40 400 0 0 0 0.23309841355662828 0.22852516180329335 0.24806620531223483 0.27175788975217086 0.2305948584141812 0.20049022126155294 0.22746483273195775 0.30521261534087674 0.4017059617064841 0.37703266530307206
41 410 0 0 0 0.25826070168892723 0.22198351522396728 0.2744824174582827 0.241731468687952 0.21195091533220062 0.21621129343582995 0.19549199245363352 0.27140668521688144 0.3925730333925155 0.3591573005650292
42 420 0 0 0 0.31058823816656017 0.22509042306655128 0.27851624966583965 0.22223607142953486 0.2655491149542692 0.20682640460403 0.1748507514248674 0.22585764014294074 0.38080825571430393 0.3327945204825967
43 430 0 0 0 0.30567189363222363 0.30190611248559196 0.2810438065066083 0.21312239358694035 0.24266218387211252 0.1948041458105011 0.1928598809647392 0.2694236135946089 0.35344836197013435 0.3128164089477715
44 440 0 0 0 0.27468078296442855 0.27156301382089404 0.25454737714931625 0.25184460607776094 0.2531429428349922 0.18183033385814115 0.21661841010890767 0.3041507583945315 0.3561250785001068 0.3243971417114548
45 450 0 0 0 0.3133748760780325 0.24923692499732183 0.224531923784672 0.24324363368476556 0.3048371901887581 0.16683119194204243 0.2157299443086736 0.30533213649608865 0.32956955875188376 0.3107006633981955
46 460 0 0 0 0.2850655235939562 0.25763416878195405 0.1717200026494916 0.24693969803561985 0.2911933533129653 0.18082515277394196 0.23016244350519896 0.30937725578634756 0.3080377238676486 0.3219184933865417
47 470 0 0 0 0.27718538258196646 0.2680259467614017 0.16812996873580915 0.2498108482939139 0.2700080472936126 0.17184154345887823 0.23713225911376112 0.3294363937233319 0.2885674528517618 0.2797604219190896
48 480 0 0 0 0.28307047400130037 0.2657407833415475 0.1605861915162199 0.29129684802320754 0.26649074865544903 0.19157430900513994 0.22572082284398204 0.31950910635364005 0.2774999408478036 0.30014679574415465
49 490 0 0 0 0.29928439947364277 0.3053780379936721 0.16266907803266406 0.3052282927057795 0.2686012940220466 0.21103264766678675 0.2202732027641199 0.3108751102015456 0.23794900654865073 0.3084537603403172
50 500 0 0 0 0.28418574559763726 0.2741152752297198 0.18374620932895122 0.3052132802238576 0.2759351752002724 0.19343049185404998 0.23152861784687762 0.3311163896729799 0.26496550128602203 0.2927247369372121
51 510 0 0 0 0.31330716172213485 0.2484190309961812 0.19066537172405448 0.2723750811421443 0.25793803704381857 0.18726479567895296 0.246934680759341 0.29607342574312434 0.2776179627422969 0.2855711956001771
52 520 0 0 0 0.2779697599725065 0.26467058938613053 0.22457828251350995 0.25364655612696585 0.23607345989796724 0.19881372631535665 0.25040809836156164 0.2840687756314244 0.301476311887511 0.29246157177727045
53 530 0 0 0 0.25733234221252144 0.28716794944865826 0.23390190547689554 0.2702020518445099 0.25964114140188793 0.2092101644888955 0.2604029149504031 0.2722766663062074 0.3108887867190836 0.27793511807603916
54 540 0 0 0 0.2756382299098027 0.29566754352240465 0.2144818431236986 0.26516075554982016 0.2729833039848654 0.22000118407456926 0.26723259151950113 0.2793579142492051 0.27719185958775316 0.2928588622552287
55 550 0 0 0 0.2923435276851938 0.2795805443507492 0.20123121453224407 0.25216243618015677 0.2643218540058042 0.24016341224643997 0.26183230672996266 0.3024923371074744 0.2737406988011085 0.289150900554093
56 560 0 0 0 0.2967235405922365 0.2788820181975725 0.20112570099229932 0.23725078483723622 0.26366978828791643 0.24516501378930153 0.2747064589509206 0.2759191020882353 0.275565486409264 0.2501915714663664
57 570 0 0 0 0.2933804498531724 0.29451705923105875 0.2032564074150753 0.2395579512036035 0.26542799450058085 0.23612360303009183 0.27168766635745056 0.2969814842015355 0.27241267835891375 0.2388879315061034
58 580 0 0 0 0.2929837675845723 0.30602742026823665 0.21239628808643332 0.26113753754158103 0.2852328787078015 0.21040962379100336 0.25283925480413777 0.2762174650562229 0.27405652762331134 0.2687524676250055
59 590 0 0 0 0.3032366822407829 0.29162448279648506 0.21882524071873452 0.27644151090266644 0.27532230390409923 0.21344877547566948 0.26297033989085333 0.2501706601888854 0.2818931044567393 0.2508872844875666
60 600 0 0 0 0.2958919178996635 0.28063021708055386 0.2237794469175314 0.277858379542631 0.2744587179205907 0.222936163699718 0.2625570862909918 0.24155956699733422 0.2930464367144424 0.26326329479101557
61 610 0 0 0 0.27993049499098155 0.30071379838042833 0.23757176722808637 0.27344190788325323 0.24867433707283734 0.22215640054210126 0.26920403620033145 0.2399441217464622 0.2832868011010251 0.26998511993171376
62 620 0 0 0 0.2903625414942729 0.29567877978756035 0.22693662125006825 0.2724270405245794 0.24512349208268702 0.2347021803796149 0.27952009403365075 0.25948013833870237 0.282435489238913 0.2576891515023001
63 630 0 0 0 0.28338646842108944 0.29829333063950697 0.23203228605375836 0.2712784091828802 0.23441139923527735 0.24435476460776878 0.2692257190587859 0.269958601645343 0.27570503827500786 0.27108991119441567
64 640 0 0 0 0.29132130227438124 0.28003923565882516 0.2426372767047784 0.26514660825102543 0.23018836287257136 0.23655326710685903 0.27569381463040993 0.26725686412138344 0.282041037960138 0.26337423819111005
65 650 0 0 0 0.3022098280474305 0.2838577848396238 0.24722066377588714 0.25647654891804567 0.2421270551903987 0.2346539617484288 0.27643307537127904 0.26236653996881865 0.2742348626878986 0.26718055997832796
66 660 0 0 0 0.29343707070151515 0.28853243677937346 0.2619327446302186 0.25412043841484344 0.24527861486374694 0.22883958369666832 0.27644764766277485 0.2540891714485464 0.2784060056029398 0.26608545302106673
67 670 0 0 0 0.2973514015227921 0.2778164068534499 0.27455307834198034 0.24426624178333212 0.24546137028502654 0.22956381802277284 0.26655961698500863 0.2629476407158914 0.2775615918304594 0.27218955355855123
68 680 0 0 0 0.28471260246325286 0.28413198012710733 0.2706774041347327 0.26283283688258263 0.24637931093145554 0.23220169036952537 0.2594236302321848 0.2631130814221874 0.2677771238469802 0.2749519667843951
69 690 0 0 0 0.2887521885334666 0.2754684392173655 0.2586514290338752 0.2725698912567037 0.25073449793680663 0.24369855237275467 0.260850674362911 0.25841012847525135 0.2570565820838196 0.28560216353898743
70 700 0 0 0 0.2895261710218903 0.2811985027765124 0.2578668185245779 0.2723159859376506 0.25050306546355217 0.2505938883027077 0.25997175451280424 0.26207595100653214 0.2512744978734217 0.2839390755096897
71 710 0 0 0 0.3002702351455108 0.28011326985475027 0.2570222214727291 0.2720814659208582 0.2493263350392824 0.25829926710261525 0.2516209415284616 0.25914737005200594 0.25191028236836444 0.2852826619063656
72 720 0 0 0 0.29543083549415505 0.27910126390513734 0.24834193119733125 0.2772264290992993 0.2514531708284681 0.2540685642247428 0.2547313965576913 0.26273798172683765 0.257120309033959 0.28823176685315255
73 730 0 0 0 0.3022620517622894 0.26591676969248323 0.25770295674061927 0.27048169670751454 0.2547898567887062 0.2548386277281984 0.2623038844776574 0.27011281788417885 0.26230445570317995 0.2829976913778486
74 740 0 0 0 0.2997033495750469 0.26600266533842276 0.2475063256499705 0.2683972530160397 0.2587253470969816 0.2656064334665566 0.26314141787969997 0.2701868376812745 0.2621613513400845 0.27644413581226784
75 750 0 0 0 0.2994816471504023 0.271282650765385 0.2519402946877093 0.2596889043570197 0.2554869063259176 0.2587260866040077 0.26185632656077135 0.2723198269518259 0.2669804104695998 0.2799446452289356
76 760 0 0 0 0.2960474427749705 0.27704207677403936 0.25730481059704297 0.2583727007389726 0.25415757187176036 0.2568393281150492 0.26714455189873215 0.2673506972322575 0.2644399298342229 0.2736355954062895
77 770 0 0 0 0.29175917218357655 0.2768704695853829 0.26707519449773465 0.26413368112926316 0.2530348883645128 0.25064733911003567 0.26781338976598185 0.2552192601559594 0.2685619026213677 0.2762843137066369
78 780 0 0 0 0.28576838692662354 0.27527263027501975 0.26700900056286286 0.26455318634468444 0.2532749105822568 0.24932424293453728 0.27193988148021775 0.2534124780743875 0.2653443963138844 0.28399505165859834
79 790 0 0 0 0.2820738696135534 0.2766680729336697 0.2721673429708356 0.2639671596271887 0.25323172230463564 0.25014616201806544 0.27134770546378756 0.2544745974385757 0.26656533981747293 0.28795712242743493
80 800 0 0 0 0.28271914409869825 0.2729332029042983 0.26642771282708816 0.2628161660874999 0.25442102225740987 0.2551005771736436 0.27078397820642347 0.2607450367746313 0.26859618358790965 0.284408337690636
81 810 0 0 0 0.27990775565298776 0.2742501018963597 0.26392510462300317 0.2647555469227845 0.2583600283393192 0.25555599539057605 0.2787777911625544 0.26302805019029263 0.2663821020614396 0.2784068248449405
82 820 0 0 0 0.2731080092229731 0.26636352467741164 0.2602651092858226 0.26434063409534353 0.2606532501544107 0.2594135849201417 0.27935991077244354 0.2645204131729515 0.26820789055456656 0.27779877574653844
83 830 0 0 0 0.27051005916547954 0.2643523109034382 0.2606093872420205 0.2624175740053822 0.26452315607638416 0.26351046943499234 0.2796267330781445 0.26330882332295347 0.271646309511156 0.273201676336622
84 840 0 0 0 0.27431331894637717 0.2640695448753487 0.26058606711064863 0.26512420720253527 0.2667345503032218 0.26288459095894634 0.2752991334692145 0.26603427777317745 0.26859414635357504 0.2680792881042592
85 850 0 0 0 0.27869002755056327 0.2615537880338781 0.2604806075110225 0.26810727667713297 0.2648510029113411 0.2660234779751538 0.2763717031924875 0.26251625588143096 0.2647356897277867 0.2699970870818809
86 860 0 0 0 0.27387997744707404 0.2567702203901646 0.25776503508298854 0.2738916916523524 0.260768955686822 0.27137225840990387 0.2714864021639102 0.2635748367865683 0.2686335961018922 0.2746685996087457
87 870 0 0 0 0.27336406050217055 0.26553474543472805 0.26135910699703374 0.2633146442025651 0.2553968591376139 0.26977049391832275 0.27073581467817315 0.26517537025049864 0.2664740608560706 0.2746823271384587
88 880 0 0 0 0.27105446549883516 0.2688549333852335 0.2612079186963106 0.2609210944400894 0.2610412584116016 0.27528615647115323 0.27005865562688414 0.26385326825914546 0.26363548674667153 0.27527201667796064
89 890 0 0 0 0.2727534076073458 0.2643200939278933 0.2683630466050515 0.26419354597377726 0.2637532900342383 0.27478410858363256 0.27194252146474457 0.2608575128261575 0.2583703428821614 0.27714365844811106
90 900 0 0 0 0.2776996454811008 0.2638813021539223 0.26927103281461906 0.2630398731134504 0.2679739218271543 0.2677882138860761 0.27438761457159067 0.25961482270309066 0.2607526977937845 0.2751628230190465
91 910 0 0 0 0.2754766020513852 0.26655630552662773 0.2679448175709978 0.26259859059427043 0.27053132641806027 0.26999269380506824 0.2706107089930534 0.2605881977895554 0.25995009813629916 0.27808939346265305
92 920 0 0 0 0.27034532857417487 0.26655227257806796 0.2659471250299875 0.26264020531116117 0.2667095537857243 0.27353351605757453 0.2720925652482061 0.26156301279577937 0.2600811467413005 0.2785719210404166
93 930 0 0 0 0.27324784523727425 0.26912941170075827 0.26412768862276936 0.26013909218042597 0.27073653880945525 0.26909744832925686 0.27094481482348765 0.2609472374231666 0.2656257448494042 0.2755171787845181
94 940 0 0 0 0.27195057826757346 0.27035271842457437 0.2650076832008523 0.2634302883615358 0.26909419055047146 0.2716464867846219 0.26665640793224593 0.2622937399799555 0.26498365891870185 0.2779630707079149
95 950 0 0 0 0.27048045405609167 0.2669798222302327 0.262635608389355 0.26679106907120886 0.2672799799289756 0.27242195404352254 0.2688863712992615 0.2642189513390036 0.2642011299488067 0.2777903530271642
96 960 0 0 0 0.27180199238206204 0.2654857384885635 0.26624107569789274 0.2667655730228463 0.26918047843186 0.2719000317323713 0.26712411466438357 0.2639278134943278 0.2627563857632085 0.27755553398629
97 970 0 0 0 0.2713312498550274 0.2663774021230177 0.265388398498808 0.26356028957153876 0.2709109517754446 0.2682364096830015 0.26695137222697696 0.2613650387412252 0.2671145558566224 0.2760762107500579
98 980 0 0 0 0.2721619111572226 0.26617202521018124 0.2667263090261135 0.26187756487360486 0.2679697370348571 0.26715778041717153 0.2696283277053346 0.26204606569232614 0.2697459465657957 0.27363366872478817
99 990 0 0 0 0.27132807002818793 0.2661725751882757 0.2682654326797179 0.26185721051467026 0.2678744910941953 0.2685747532780677 0.2690542409296725 0.2628199026550519 0.2667559495089015 0.2744619265586697
100 1000 0 0 0 0.2714066200867201 0.2674520213766795 0.26719109541339287 0.26242692657694555 0.26678272597795205 0.26983913983111407 0.268380266923527 0.2636509114267491 0.26528101259981945 0.27438851560570154
101 1010 0 0 0 0.27088891372143054 0.2680189223860698 0.26685966991763466 0.2647251504085821 0.2678893570671814 0.26835049596653365 0.2690331382897948 0.263691145778023 0.26564512629838294 0.2740001071993177
102 1020 0 0 0 0.26994940044572524 0.26981711457404317 0.26536971763041495 0.2647281928134724 0.2658320266060877 0.2703491184443098 0.27110291976170103 0.2630674400339175 0.26528935386580615 0.2720762165007826
