% # columns="iteration, evaluation, sigma, max axis length,  min axis length, all principle axes lengths  (sorted square roots of eigenvalues of C)", seed=853030, Mon Mar  9 17:25:50 2020
1 10 0.19162879325720394 1.0000450010125153 1.0 1.0 1.0000050000125 1.00001000005 1.0000150001125006 1.0000200002000015 1.0000250003125026 1.0000300004500045 1.0000350006125072 1.0000400008000108 1.0000450010125153
2 20 0.2042253266242609 1.0896782695115865 0.9121063838734899 0.9121063838734899 0.942157599769876 0.9831002265736289 0.9929531751799916 0.9991098159941014 1.000057376802081 1.0010211119951178 1.0104944165874896 1.0141303803543917 1.0896782695115865
3 30 0.21499576507617918 1.190931461318336 0.8728980396068448 0.8728980396068448 0.9449888707669006 0.9644090789935998 0.9738692835228878 0.9897245015631708 0.9913562169756579 0.9953003095599051 1.0102967063006618 1.0855169999437893 1.190931461318336
4 40 0.2599972354325333 1.240756429700676 0.8524488728317788 0.8524488728317788 0.9197371797312281 0.949597836231652 0.9680612848443169 0.9805647258815636 0.9922448831234965 1.004806859272177 1.0109140804282046 1.086405672497297 1.240756429700676
5 50 0.29757070239658157 1.3441045372039708 0.836200121936636 0.836200121936636 0.8799619889473169 0.9261793904933195 0.9587820255978671 0.9807520245612832 0.9883978265582167 1.0112501693124067 1.0178117612187065 1.0921713399503907 1.3441045372039708
6 60 0.3518432873622615 1.321030694257371 0.8354898872566076 0.8354898872566076 0.880663440464541 0.9099189689963781 0.9412976710681411 0.9651300417283006 0.9742138884425293 1.0046969350407766 1.0191251259442446 1.0776185013286266 1.321030694257371
7 70 0.4335109762497514 1.3737500643562528 0.8210367648752926 0.8210367648752926 0.877554106553944 0.8799165211785361 0.9292785032593774 0.9677301972666981 0.9811605235351515 0.9993760198285431 1.0320123846929232 1.039556376897403 1.3737500643562528
8 80 0.5392314427324232 1.4209353582178 0.7770014795005951 0.7770014795005951 0.8640722001791318 0.880652761012152 0.9280557213590365 0.9440705821131209 0.9730535619141872 1.0068846713885116 1.035207553913071 1.0529883572580125 1.4209353582178
9 90 0.672681856076261 1.487070128383477 0.7357401548059918 0.7357401548059918 0.8551638965720663 0.8716455283826414 0.917039167068661 0.9549541718813164 0.977170145005383 1.0103487144307026 1.0217567875698486 1.0377828694095077 1.487070128383477
10 100 0.743266396924155 1.4711749485831394 0.7278240996219351 0.7278240996219351 0.847025337586871 0.8874576462620848 0.9220125290187098 0.943128627647143 0.9563101094115053 1.0022987487714088 1.0111003807547267 1.0372486738153497 1.4711749485831394
11 110 0.7564834998362039 1.4384839943197394 0.7519506160571197 0.7519506160571197 0.8299501803610564 0.8586999815299684 0.9256554987932085 0.9411783379685931 0.9582085514238685 0.987374832046855 1.018701767453287 1.0221934540639617 1.4384839943197394
12 120 0.7361414835548343 1.4662611286747715 0.7330360002865248 0.7330360002865248 0.8241065118166676 0.8445879313656197 0.9014208941285244 0.9316485522493738 0.9510439601311064 0.9742643656320481 1.0115117309443837 1.0467074832331897 1.4662611286747715
13 130 0.6378179709353353 1.4454395039640557 0.7309031556757418 0.7309031556757418 0.8118922238681924 0.8399229122248512 0.8882794792903288 0.9317196467625849 0.9465052935487343 0.9683243893918257 0.998738324356392 1.0207041567466413 1.4454395039640557
14 140 0.5940913499221085 1.4282407022190968 0.7175313917144183 0.7175313917144183 0.7902093990167725 0.8275062294010893 0.8821548141014074 0.9139059588433246 0.9270342367337975 0.9599857701532404 0.9767108189467584 1.021500658722306 1.4282407022190968
15 150 0.5622280752313291 1.4153513502249513 0.7186002432910518 0.7186002432910518 0.7817619743385216 0.7957129449931646 0.8842915262439225 0.9073307234661926 0.9158192967717819 0.9472802052292214 0.9732733685907551 1.0243587567189865 1.4153513502249513
16 160 0.4930284713748057 1.369037673998219 0.7101071805950947 0.7101071805950947 0.7458274004274426 0.809288687841886 0.8822868956987636 0.9067988015124667 0.9188430242470303 0.936977925816908 0.9811963091520486 1.0203004590067049 1.369037673998219
17 170 0.4434597477849994 1.3698979367354442 0.7049252101495899 0.7049252101495899 0.7449060501543586 0.8095392117645959 0.8398933465279648 0.8695211169044348 0.9099415185459552 0.9390106120401088 0.9620296549075644 1.0209600620295347 1.3698979367354442
18 180 0.4051424064345785 1.3497724370603894 0.6978298744880093 0.6978298744880093 0.739613847483493 0.8046228932180096 0.8326006482216641 0.8502625374689206 0.9031188528363703 0.9297579931540044 0.9605131903484484 0.9936767586370027 1.3497724370603894
19 190 0.4008841631414344 1.2922070696779886 0.6902659311288688 0.6902659311288688 0.7513361013414364 0.8033646493722927 0.828428295578161 0.8416862723405919 0.901609001705394 0.9218255937132352 0.9436651957372117 0.9937751382728102 1.2922070696779886
20 200 0.34634026467480206 1.3068836585888204 0.7000002255044697 0.7000002255044697 0.74484442351344 0.8128264246428715 0.8328889299785386 0.85255818495898 0.8837970518028917 0.9059717400727434 0.9280660477918087 0.9579847109972509 1.3068836585888204
21 210 0.3274990175309766 1.3102256667821153 0.6848389201432131 0.6848389201432131 0.7421363533454063 0.8031888701585386 0.807952560656166 0.8520128475666308 0.879657061805526 0.8963661208811373 0.9138063982978508 0.9326530457421259 1.3102256667821153
22 220 0.31068484971600513 1.2873569744465871 0.6857936743262871 0.6857936743262871 0.7467424128675663 0.7898179133623607 0.795424308236211 0.8508133520201631 0.8674312117593148 0.8878001073929083 0.9058383544393154 0.9253487029898074 1.2873569744465871
23 230 0.28596608137380886 1.2564714791617577 0.6854147764795367 0.6854147764795367 0.7356360422317637 0.7863855715105935 0.7992582646880843 0.8425865953827302 0.8644131391604086 0.8766020712792857 0.9009082625676177 0.9293237760049753 1.2564714791617577
24 240 0.2544883183621356 1.1884623899667819 0.660024581398254 0.660024581398254 0.7345293936012188 0.7761169812891754 0.7996896893011066 0.8441583765172385 0.8716502543782072 0.8768944286790848 0.8904345748573494 0.9285254594383272 1.1884623899667819
25 250 0.2372601858632454 1.1852996894639563 0.6413460527678648 0.6413460527678648 0.7417711484846149 0.7715951619040342 0.778043183730753 0.8193223214592784 0.8484800121915311 0.8749275863024502 0.897473557662634 0.9222685110443317 1.1852996894639563
26 260 0.2200495673116103 1.1605769263666854 0.65313962376842 0.65313962376842 0.7157105283277992 0.7630860898201964 0.7757933133544064 0.8131448572359072 0.8368652299270207 0.8591950150941192 0.8912807733161093 0.9389811183157021 1.1605769263666854
27 270 0.20915711141284168 1.126542087832202 0.6455192310744208 0.6455192310744208 0.701776985190937 0.7596068638748459 0.7738263740200136 0.8055905693493484 0.8251027737306023 0.8586098613405188 0.8680276748786623 0.9486549932422849 1.126542087832202
28 280 0.20572574689488426 1.1103233119062634 0.6346251255738807 0.6346251255738807 0.6974298498939873 0.7442027790612349 0.77549573477115 0.7846304886750332 0.8357076929774365 0.8546588320104753 0.8641576423959854 0.9474213585498188 1.1103233119062634
29 290 0.18517955742718908 1.1013229306006986 0.6289120025460124 0.6289120025460124 0.6859433367073785 0.7245307248090178 0.7704407608615121 0.783582348647273 0.8327862087176533 0.8521806491551058 0.866159821198641 0.9729200501630086 1.1013229306006986
30 300 0.17550241666674596 1.1052216918475601 0.6286546177617685 0.6286546177617685 0.6865762463701568 0.7008694657762709 0.7589239753618726 0.7675703624514005 0.8352918370227028 0.8496079605596506 0.8698147274498081 0.9523892634592981 1.1052216918475601
31 310 0.17096830886348705 1.1310188574518727 0.6185154695805587 0.6185154695805587 0.6689488084648718 0.678560949710081 0.7452138523486482 0.7642790039537576 0.8281921853120672 0.8429429573619727 0.8859076897799639 0.9632649858676579 1.1310188574518727
32 320 0.16279984803447398 1.1058162942762453 0.6091759986700584 0.6091759986700584 0.6484906143723275 0.6671982879728104 0.7477557019003794 0.7682483930439061 0.8409616255335282 0.851682558028508 0.8845132621832724 0.9687680487496628 1.1058162942762453
33 330 0.14278965723644732 1.137748892760355 0.5870675363605904 0.5870675363605904 0.6499853852659431 0.6701760638929892 0.7303068651368759 0.7676285150443879 0.8194989176533409 0.8605330802470184 0.8803378583543637 0.9613701329456372 1.137748892760355
34 340 0.12981393478415712 1.137778698749837 0.5863882315952379 0.5863882315952379 0.6427425777880228 0.6555883422800693 0.7252535735736191 0.7599975238919904 0.7893060664457157 0.8621520416504598 0.8729887823706748 0.961900533646223 1.137778698749837
35 350 0.12076013262906062 1.1364356990710731 0.5735069758378086 0.5735069758378086 0.6463417406488162 0.6794455308410503 0.7179555083946259 0.7554665395860234 0.8036005443310521 0.8434424598546031 0.8702286319047486 0.906250611622345 1.1364356990710731
36 360 0.11707195913269847 1.1454409365702138 0.5680212768317707 0.5680212768317707 0.6465309995034142 0.674522543477095 0.7068700084692419 0.745976902273833 0.796223490740624 0.838801219859737 0.842247979024488 0.8805813812068756 1.1454409365702138
37 370 0.10538839823273617 1.1616906004015382 0.5772404070919305 0.5772404070919305 0.6364972682614467 0.6401507402010402 0.7002648247635017 0.7298366287753107 0.78579726287584 0.838647742163836 0.8413968980772428 0.8870424664866143 1.1616906004015382
38 380 0.09799695613968523 1.1621013018099884 0.5673060600453275 0.5673060600453275 0.6236779599360629 0.6405785719849565 0.6866780527241042 0.7261686822419637 0.7779166353614538 0.8149899121020217 0.8366921127005111 0.8816217515916364 1.1621013018099884
39 390 0.08982386281747975 1.1316547486934396 0.5658256882707413 0.5658256882707413 0.6125793296764568 0.6433316846806559 0.6790287924830877 0.7337401573448465 0.7621601950743306 0.8004843233227137 0.831529195103683 0.8684446365587712 1.1316547486934396
40 400 0.08846704013867975 1.1349682679226787 0.5651099242570989 0.5651099242570989 0.5971161905225258 0.6395000430011508 0.6740081538787681 0.7328990261562393 0.753955477922768 0.7832630935447076 0.8112963819637483 0.8800075423244778 1.1349682679226787
41 410 0.08217202834529717 1.1984224646368882 0.5738008155723694 0.5738008155723694 0.6060870164641329 0.6354234359091268 0.6712309808449027 0.6994905698190805 0.7452840152644359 0.7814584352881916 0.8291494897748519 0.8664068841757847 1.1984224646368882
42 420 0.08560806333204744 1.201578487741403 0.5604341863305081 0.5604341863305081 0.6006793375522292 0.6326197755242093 0.6492930122209118 0.6843025789867662 0.7511258439288513 0.7701081120339519 0.8053076171850886 0.8673575187971801 1.201578487741403
43 430 0.08095533996826865 1.2621043205443268 0.5430407623259981 0.5430407623259981 0.5797124196174686 0.6219766227293336 0.6470372502491374 0.6816642609187155 0.7540489040853776 0.7785069873513146 0.8247531657739618 0.8635521373425713 1.2621043205443268
44 440 0.07241798022675186 1.2879239892615006 0.5395560952775382 0.5395560952775382 0.58337465127753 0.6214710075875689 0.637447741913653 0.6845321765904839 0.7196436885593636 0.7677886056153286 0.8019052433061308 0.8407108059584378 1.2879239892615006
45 450 0.06759905798457762 1.252733206547286 0.5366202001048825 0.5366202001048825 0.5719852749716872 0.6134226268879435 0.6215098840421573 0.6838682133576711 0.7147397498071153 0.7673470493200778 0.7927110310250969 0.8358483139543205 1.252733206547286
46 460 0.06527483258409011 1.229025880714536 0.5303515371876909 0.5303515371876909 0.5617256729403853 0.6139990899998591 0.6261237796125638 0.6855595968219063 0.7022796259828246 0.7548539900104768 0.7803667978338528 0.8304832854569568 1.229025880714536
47 470 0.062121952722104745 1.2000872062020584 0.5105369688137417 0.5105369688137417 0.5587432015695201 0.6050140156686462 0.6265840530820651 0.6784131854928414 0.7180890576357853 0.7649786829009726 0.7771747048315648 0.8269863004957614 1.2000872062020584
48 480 0.05367735585506384 1.198573947587884 0.5069735116163571 0.5069735116163571 0.5671191255242255 0.5911658399197601 0.6180867239469711 0.6799429001803005 0.7053025966867954 0.7589210674110303 0.765444437483353 0.8105903939569907 1.198573947587884
49 490 0.05048324125487763 1.175507638612564 0.5018523007722182 0.5018523007722182 0.5667673594878873 0.5884628078596471 0.612376977275375 0.6606525893936663 0.6938999652638078 0.7416735809256999 0.7619166173420254 0.8125052810729734 1.175507638612564
50 500 0.04366623190505006 1.1831946691380983 0.4849172532592867 0.4849172532592867 0.559154791022862 0.5881113622662869 0.6081572283017255 0.6690424158392667 0.68829186493141 0.716314766167514 0.7670955248219012 0.8102004280115096 1.1831946691380983
51 510 0.03861824839559579 1.1386484679338318 0.47556847695136384 0.47556847695136384 0.5584954905158589 0.5753099260099838 0.60535840483484 0.6535376970031787 0.6878646385102721 0.7131592187120289 0.76999089060932 0.7914147894458416 1.1386484679338318
52 520 0.03487279516755219 1.1399748801602136 0.47433738766625566 0.47433738766625566 0.5479488159616236 0.5692249107784445 0.5934390342783 0.6462546829345553 0.6784654787639598 0.6963278178592398 0.7519125492817823 0.7862922023962499 1.1399748801602136
53 530 0.03331537449693942 1.1218986157360216 0.45211088567594215 0.45211088567594215 0.5235011658574833 0.5658401850390803 0.5870174347900052 0.6409099273386959 0.6803095889418797 0.7109588588279645 0.74954625187682 0.780802108855344 1.1218986157360216
54 540 0.03218619830445519 1.1062209606631839 0.4511450779112385 0.4511450779112385 0.521197690220993 0.5566319027447769 0.5836671628812845 0.6340939114062886 0.668008391262125 0.7001166089630431 0.7448804797483634 0.7902252571175115 1.1062209606631839
55 550 0.030856388490737803 1.1052458167035102 0.44256959155436365 0.44256959155436365 0.5174085057482355 0.5729761958033718 0.581737758291315 0.6214739972862768 0.6620603194514367 0.6759283512519196 0.7581100891326267 0.7865095444898027 1.1052458167035102
56 560 0.030456722483444186 1.095124201822848 0.43713398065360426 0.43713398065360426 0.5077976924822424 0.5443794619239578 0.5884637183361079 0.6231079619687548 0.6591747812168787 0.6799647067776436 0.7388485574756319 0.7833776725903067 1.095124201822848
57 570 0.028979791252319666 1.0886644699336308 0.4495302025516417 0.4495302025516417 0.5127341389582141 0.5391877108957835 0.5814160506906525 0.6154871514630894 0.6594336529059537 0.6628071317407843 0.7080545524324665 0.7843903052427319 1.0886644699336308
58 580 0.026933227463648127 1.0794018832053474 0.44843017268299734 0.44843017268299734 0.5036963951666934 0.5290041959764551 0.5838218220226706 0.6176290205556594 0.6353755931834022 0.6618598221786035 0.7113773406794915 0.7672219378346161 1.0794018832053474
59 590 0.02386261332406733 1.0158444662625195 0.4434618727299733 0.4434618727299733 0.501714498086227 0.5286709837999688 0.5833417255348431 0.6014693075194899 0.6329821770986704 0.6606873982862914 0.7082652102795357 0.782018652308349 1.0158444662625195
60 600 0.022434491309233355 0.9769294736834909 0.4500472284609723 0.4500472284609723 0.49332815083617676 0.5179384654035751 0.5768783900262152 0.6018204274263651 0.6116872795361702 0.6558919366306347 0.707545640331931 0.7813852809590436 0.9769294736834909
61 610 0.020789816331606484 0.9419762647914044 0.4422712052431675 0.4422712052431675 0.49243260643887893 0.5158073298228643 0.5761125960496227 0.5963600843312095 0.6033031078378014 0.6518163150729342 0.705372188647623 0.7760536162215798 0.9419762647914044
62 620 0.020982115883700518 0.9471336848428544 0.4404817664006708 0.4404817664006708 0.47494570805718866 0.5109832822248502 0.585332383256302 0.6056123708287228 0.6110195386802787 0.6369681936991054 0.7146036542815614 0.766883598469744 0.9471336848428544
63 630 0.018629951597305842 0.9176666984891164 0.4385659620285538 0.4385659620285538 0.46708584417110677 0.5292044189099245 0.5800249410002325 0.6030849627288968 0.6241303748347353 0.6376420122569455 0.710324150078238 0.7594924717869898 0.9176666984891164
64 640 0.018411535259907165 0.907883800117796 0.4377350129934585 0.4377350129934585 0.46499884802186164 0.5334474297322951 0.565103443727656 0.5955063817202283 0.6057510311368144 0.6245175140696301 0.6917872758040448 0.7548152985893051 0.907883800117796
65 650 0.016625733695129857 0.8916610612426493 0.42238303437603064 0.42238303437603064 0.46960891850548203 0.5307163966436326 0.558773406268375 0.5893015839266358 0.6103928334765957 0.6202553633796812 0.6875758327717338 0.749612203336535 0.8916610612426493
66 660 0.015153127686029446 0.877045688097436 0.4236332764231078 0.4236332764231078 0.4464185555864317 0.5306312254394153 0.5544161765510927 0.5707222527769064 0.6119893898459975 0.618724538960704 0.6885860224685025 0.7429406010002216 0.877045688097436
67 670 0.014537918627969751 0.8393988600536806 0.4219547531463296 0.4219547531463296 0.4509384605266685 0.5200170562169061 0.5501182508367862 0.5535370826329329 0.5956952091156339 0.6187112312563298 0.6910528806946942 0.7346337440379349 0.8393988600536806
68 680 0.013971150098947985 0.8011000401905485 0.42289205755869536 0.42289205755869536 0.44865671488561704 0.5271134842202829 0.5376331482685076 0.5444850828227598 0.5847013365978863 0.6277230820830234 0.685138790927288 0.7448426220662061 0.8011000401905485
69 690 0.012442539103635412 0.7850378051106942 0.41898519859331534 0.41898519859331534 0.4433845758212688 0.5190939731824756 0.5325610715399581 0.5404612413092019 0.5861098510509627 0.6288119585134133 0.677435940388587 0.730439408988639 0.7850378051106942
70 700 0.011225440046463742 0.7987396745587078 0.41810338621102294 0.41810338621102294 0.4429588176264507 0.5155438333257849 0.5211358297766198 0.5344157520679278 0.5748302789377904 0.6177501012789477 0.6736855536870875 0.7174415040308608 0.7987396745587078
71 710 0.0102308095296855 0.8269290056199273 0.4041045472462388 0.4041045472462388 0.4318828627330138 0.5060402060315279 0.515849609453873 0.5309970264775835 0.5736291232340883 0.6069952771442556 0.671169314901276 0.7029524485072535 0.8269290056199273
72 720 0.009688347996365173 0.810706929098497 0.405390123955752 0.405390123955752 0.425795440934906 0.5024089765484914 0.5128062659958822 0.5305055968937098 0.5768279610927942 0.5879608148646653 0.6659300394234481 0.6729094799453027 0.810706929098497
73 730 0.008824722725077309 0.7936890976637634 0.40993186594303815 0.40993186594303815 0.42165272837974677 0.5025333341631503 0.5119459860667205 0.5287165897993998 0.5749086633106377 0.5820577599192837 0.6451858782434325 0.6648678767498295 0.7936890976637634
74 740 0.007773515838323818 0.7947410053285529 0.3959552047709899 0.3959552047709899 0.41747060645522305 0.48739664589513354 0.5083681442657436 0.5237242286086191 0.5624231235470858 0.573454979477028 0.6447511322718327 0.6662830119311434 0.7947410053285529
75 750 0.007829721311499898 0.7878646759726995 0.39209032366182794 0.39209032366182794 0.4123691875943864 0.4686972041984241 0.5009918369050734 0.5237101472205609 0.5505810906259966 0.5764064336013438 0.6372088177641388 0.6523761466051428 0.7878646759726995
76 760 0.008046697876285949 0.7853531399448547 0.39307671511759346 0.39307671511759346 0.42097794939487604 0.4589377498101484 0.4940051813710988 0.5203587710124798 0.5534477445316066 0.5794537796758199 0.6176792885830068 0.6441769482500996 0.7853531399448547
77 770 0.007721951773149601 0.7778295109559495 0.39153352298644256 0.39153352298644256 0.4207717918129451 0.4797555440406149 0.4885639021614435 0.5105595487547931 0.547668539227622 0.5751070529542338 0.6061737996577409 0.6329623199325225 0.7778295109559495
78 780 0.006890151594693352 0.7667298704302763 0.38807332920014254 0.38807332920014254 0.4162736815928242 0.4626435009364917 0.48515295712180745 0.5055664796279306 0.5611172307693465 0.5695605506259471 0.5954758161665507 0.6274206517755228 0.7667298704302763
79 790 0.00652000258123243 0.7677265371604735 0.379910234517867 0.379910234517867 0.4004369556733804 0.4484619597143158 0.4880156183959962 0.5037482759532022 0.5504261277051568 0.5635299838638309 0.6042419245700821 0.6138868397057013 0.7677265371604735
80 800 0.005964077243661015 0.7525140834237816 0.38169016650694076 0.38169016650694076 0.3917128090460807 0.4430922948310112 0.4710034758265691 0.5062698152381879 0.5494153162974103 0.5508069264824672 0.5988009577419778 0.6169598521232375 0.7525140834237816
81 810 0.0054340075091414645 0.7457648044370123 0.3836935037490198 0.3836935037490198 0.3883521355752825 0.43966804047519686 0.4549097137066718 0.5072930130512358 0.5229966059330573 0.5516257792887042 0.6063867986662453 0.6136627383599934 0.7457648044370123
82 820 0.004967587747138535 0.7411713125524456 0.3722264159878146 0.3722264159878146 0.3898525311963468 0.43377318237425244 0.4475002659181034 0.502102666532176 0.5206248615876095 0.5610733084086078 0.5964674324433246 0.6147002285293832 0.7411713125524456
83 830 0.004434612710022791 0.7334244148985891 0.36619833916974265 0.36619833916974265 0.3973713764360628 0.4350156654978997 0.45277492923325346 0.4848158890475231 0.5169111011431333 0.5593371234347756 0.5764622459270166 0.6012882427642584 0.7334244148985891
84 840 0.004134149396339422 0.7194154183458643 0.3515144264883793 0.3515144264883793 0.39494724423601174 0.43029165398380187 0.44655416817754295 0.4810641006284636 0.517937890481668 0.5408700809892014 0.5797988345343292 0.600010041619103 0.7194154183458643
85 850 0.0037360876975372553 0.727507826917784 0.34261493266478854 0.34261493266478854 0.3942999375532494 0.4202017295481518 0.4415350387216578 0.48394461883987383 0.5083585687976061 0.5342798042818321 0.5740822132703338 0.5899477757942544 0.727507826917784
86 860 0.0033666986284011263 0.6799654298478751 0.342733938171365 0.342733938171365 0.3927570592636747 0.41383949041705015 0.4437750828640483 0.4745427462137199 0.5046756076694726 0.5321530809735956 0.5718774154712807 0.5911982680465357 0.6799654298478751
87 870 0.002983601415097663 0.6700181638785508 0.33630496641757757 0.33630496641757757 0.3888437452013076 0.41166461962811807 0.4428699409634192 0.47394070301392005 0.5047884149833398 0.5154301568846954 0.5654928556361811 0.5756631427398858 0.6700181638785508
88 880 0.0027998171929965896 0.6728704711042457 0.33542796671082553 0.33542796671082553 0.3800671689462225 0.40532787837959505 0.4350365413755696 0.4737760207598242 0.4886476719307369 0.5075441934869248 0.550264763129352 0.5755812918881592 0.6728704711042457
89 890 0.0027059543156746275 0.6654512977310126 0.330735340929211 0.330735340929211 0.37994978750581426 0.40174830771718967 0.43015825433982924 0.4688458318692988 0.4852864087375139 0.4962596905850536 0.5475085098369155 0.5684367485977522 0.6654512977310126
90 900 0.0024784151320989475 0.6645901202567603 0.3310521966861986 0.3310521966861986 0.3777625705497601 0.39858548485343326 0.4316109580698435 0.4608890474555583 0.4766754177966668 0.4965298815443746 0.5445008148100522 0.5707677284702123 0.6645901202567603
91 910 0.002143725084521198 0.6543793143822056 0.33151584857770844 0.33151584857770844 0.37647046898347825 0.394906055663345 0.42859648249001703 0.4474080610842645 0.47120548685127334 0.4969360219697722 0.53190081687584 0.56851532773679 0.6543793143822056
92 920 0.0020988757573879753 0.639665336877235 0.33270394763661637 0.33270394763661637 0.36588506338663473 0.39288771759352037 0.4208684832104819 0.4417441548368313 0.45955205377725644 0.49447937331119407 0.5319551919283952 0.5676721996418055 0.639665336877235
93 930 0.00195729376222053 0.6343077248896608 0.33184697787921097 0.33184697787921097 0.3727620979592675 0.383970947376077 0.4156377177692186 0.42705726114159437 0.45461889402892114 0.4855219800881572 0.5513313243456257 0.5585642906833103 0.6343077248896608
94 940 0.0018877385409323696 0.6331804762701463 0.32532197356329207 0.32532197356329207 0.3692501324362974 0.3776304825820444 0.4193299359454456 0.4241528230239773 0.44381202374246065 0.47424599746863644 0.5463212168807575 0.5594146745178682 0.6331804762701463
95 950 0.0018135421616293293 0.6204734738079093 0.32665815708559676 0.32665815708559676 0.36134741303779677 0.37867196326224295 0.41830370014547835 0.4302404899238786 0.4491354843301768 0.4721839544556791 0.5390972104056306 0.5553968390459688 0.6204734738079093
96 960 0.001766854263903269 0.6104623197818433 0.3269708795157647 0.3269708795157647 0.35418869902892436 0.3908779810887174 0.41343466615211105 0.427774966646403 0.4435060726147263 0.47419825357369855 0.5316447617034247 0.5374521767124766 0.6104623197818433
