% # columns="iteration, evaluation, min max(neg(.)) min(pos(.)) max correlation, correlation matrix principle axes lengths  (sorted square roots of eigenvalues of correlation matrix)", seed=1035594, Wed Mar 11 16:01:15 2020
1 10 -0.050941852547168556 -0.022531414562310514 0.00745350028668122 0.03920238109873586 0.9333913700149956 0.9768307142073466 0.9790679135387514 0.9870687852064448 0.9935754469690086 0.9998759820708342 1.004825403888565 1.0179975418596474 1.032176940782681 1.069288112322992
2 20 -0.050941852547168556 -0.022531414562310514 0.00745350028668122 0.03920238109873586 0.9333913700149956 0.9768307142073466 0.9790679135387514 0.9870687852064448 0.9935754469690086 0.9998759820708342 1.004825403888565 1.0179975418596474 1.032176940782681 1.069288112322992
3 30 -0.050941852547168556 -0.022531414562310514 0.00745350028668122 0.03920238109873586 0.9333913700149956 0.9768307142073466 0.9790679135387514 0.9870687852064448 0.9935754469690086 0.9998759820708342 1.004825403888565 1.0179975418596474 1.032176940782681 1.069288112322992
4 40 -0.050941852547168556 -0.022531414562310514 0.00745350028668122 0.03920238109873586 0.9333913700149956 0.9768307142073466 0.9790679135387514 0.9870687852064448 0.9935754469690086 0.9998759820708342 1.004825403888565 1.0179975418596474 1.032176940782681 1.069288112322992
5 50 -0.050941852547168556 -0.022531414562310514 0.00745350028668122 0.03920238109873586 0.9333913700149956 0.9768307142073466 0.9790679135387514 0.9870687852064448 0.9935754469690086 0.9998759820708342 1.004825403888565 1.0179975418596474 1.032176940782681 1.069288112322992
6 60 -0.050941852547168556 -0.022531414562310514 0.00745350028668122 0.03920238109873586 0.9333913700149956 0.9768307142073466 0.9790679135387514 0.9870687852064448 0.9935754469690086 0.9998759820708342 1.004825403888565 1.0179975418596474 1.032176940782681 1.069288112322992
7 70 -0.050941852547168556 -0.022531414562310514 0.00745350028668122 0.03920238109873586 0.9333913700149956 0.9768307142073466 0.9790679135387514 0.9870687852064448 0.9935754469690086 0.9998759820708342 1.004825403888565 1.0179975418596474 1.032176940782681 1.069288112322992
8 80 -0.050941852547168556 -0.022531414562310514 0.00745350028668122 0.03920238109873586 0.9333913700149956 0.9768307142073466 0.9790679135387514 0.9870687852064448 0.9935754469690086 0.9998759820708342 1.004825403888565 1.0179975418596474 1.032176940782681 1.069288112322992
9 90 -0.050941852547168556 -0.022531414562310514 0.00745350028668122 0.03920238109873586 0.9333913700149956 0.9768307142073466 0.9790679135387514 0.9870687852064448 0.9935754469690086 0.9998759820708342 1.004825403888565 1.0179975418596474 1.032176940782681 1.069288112322992
10 100 -0.050941852547168556 -0.022531414562310514 0.00745350028668122 0.03920238109873586 0.9333913700149956 0.9768307142073466 0.9790679135387514 0.9870687852064448 0.9935754469690086 0.9998759820708342 1.004825403888565 1.0179975418596474 1.032176940782681 1.069288112322992
11 110 -0.2771830418609711 -0.12162675539214038 0.012673187423333237 0.16253928782330265 0.4563414959377197 0.8490080900702709 0.9044861341578692 0.9684697290804637 0.9720915788741851 1.0416746684121894 1.0650445588754103 1.127211617886989 1.1606694461189733 1.2380554347355077
12 120 -0.2771830418609711 -0.12162675539214038 0.012673187423333237 0.16253928782330265 0.4563414959377197 0.8490080900702709 0.9044861341578692 0.9684697290804637 0.9720915788741851 1.0416746684121894 1.0650445588754103 1.127211617886989 1.1606694461189733 1.2380554347355077
13 130 -0.2771830418609711 -0.12162675539214038 0.012673187423333237 0.16253928782330265 0.4563414959377197 0.8490080900702709 0.9044861341578692 0.9684697290804637 0.9720915788741851 1.0416746684121894 1.0650445588754103 1.127211617886989 1.1606694461189733 1.2380554347355077
14 140 -0.2771830418609711 -0.12162675539214038 0.012673187423333237 0.16253928782330265 0.4563414959377197 0.8490080900702709 0.9044861341578692 0.9684697290804637 0.9720915788741851 1.0416746684121894 1.0650445588754103 1.127211617886989 1.1606694461189733 1.2380554347355077
15 150 -0.2771830418609711 -0.12162675539214038 0.012673187423333237 0.16253928782330265 0.4563414959377197 0.8490080900702709 0.9044861341578692 0.9684697290804637 0.9720915788741851 1.0416746684121894 1.0650445588754103 1.127211617886989 1.1606694461189733 1.2380554347355077
16 160 -0.2771830418609711 -0.12162675539214038 0.012673187423333237 0.16253928782330265 0.4563414959377197 0.8490080900702709 0.9044861341578692 0.9684697290804637 0.9720915788741851 1.0416746684121894 1.0650445588754103 1.127211617886989 1.1606694461189733 1.2380554347355077
17 170 -0.2771830418609711 -0.12162675539214038 0.012673187423333237 0.16253928782330265 0.4563414959377197 0.8490080900702709 0.9044861341578692 0.9684697290804637 0.9720915788741851 1.0416746684121894 1.0650445588754103 1.127211617886989 1.1606694461189733 1.2380554347355077
18 180 -0.2771830418609711 -0.12162675539214038 0.012673187423333237 0.16253928782330265 0.4563414959377197 0.8490080900702709 0.9044861341578692 0.9684697290804637 0.9720915788741851 1.0416746684121894 1.0650445588754103 1.127211617886989 1.1606694461189733 1.2380554347355077
19 190 -0.2771830418609711 -0.12162675539214038 0.012673187423333237 0.16253928782330265 0.4563414959377197 0.8490080900702709 0.9044861341578692 0.9684697290804637 0.9720915788741851 1.0416746684121894 1.0650445588754103 1.127211617886989 1.1606694461189733 1.2380554347355077
20 200 -0.2771830418609711 -0.12162675539214038 0.012673187423333237 0.16253928782330265 0.4563414959377197 0.8490080900702709 0.9044861341578692 0.9684697290804637 0.9720915788741851 1.0416746684121894 1.0650445588754103 1.127211617886989 1.1606694461189733 1.2380554347355077
21 210 -0.33197849535368995 -0.13431761171399564 0.003826378611704496 0.22890383517269863 0.5026531719093419 0.8174786734032323 0.8615960256935289 0.8896901198271092 0.9549241764032727 1.0324990049530904 1.0591014312765665 1.14577455741612 1.2195904266635684 1.2827087828573238
22 220 -0.33197849535368995 -0.13431761171399564 0.003826378611704496 0.22890383517269863 0.5026531719093419 0.8174786734032323 0.8615960256935289 0.8896901198271092 0.9549241764032727 1.0324990049530904 1.0591014312765665 1.14577455741612 1.2195904266635684 1.2827087828573238
23 230 -0.33197849535368995 -0.13431761171399564 0.003826378611704496 0.22890383517269863 0.5026531719093419 0.8174786734032323 0.8615960256935289 0.8896901198271092 0.9549241764032727 1.0324990049530904 1.0591014312765665 1.14577455741612 1.2195904266635684 1.2827087828573238
24 240 -0.33197849535368995 -0.13431761171399564 0.003826378611704496 0.22890383517269863 0.5026531719093419 0.8174786734032323 0.8615960256935289 0.8896901198271092 0.9549241764032727 1.0324990049530904 1.0591014312765665 1.14577455741612 1.2195904266635684 1.2827087828573238
25 250 -0.33197849535368995 -0.13431761171399564 0.003826378611704496 0.22890383517269863 0.5026531719093419 0.8174786734032323 0.8615960256935289 0.8896901198271092 0.9549241764032727 1.0324990049530904 1.0591014312765665 1.14577455741612 1.2195904266635684 1.2827087828573238
26 260 -0.33197849535368995 -0.13431761171399564 0.003826378611704496 0.22890383517269863 0.5026531719093419 0.8174786734032323 0.8615960256935289 0.8896901198271092 0.9549241764032727 1.0324990049530904 1.0591014312765665 1.14577455741612 1.2195904266635684 1.2827087828573238
27 270 -0.33197849535368995 -0.13431761171399564 0.003826378611704496 0.22890383517269863 0.5026531719093419 0.8174786734032323 0.8615960256935289 0.8896901198271092 0.9549241764032727 1.0324990049530904 1.0591014312765665 1.14577455741612 1.2195904266635684 1.2827087828573238
28 280 -0.33197849535368995 -0.13431761171399564 0.003826378611704496 0.22890383517269863 0.5026531719093419 0.8174786734032323 0.8615960256935289 0.8896901198271092 0.9549241764032727 1.0324990049530904 1.0591014312765665 1.14577455741612 1.2195904266635684 1.2827087828573238
29 290 -0.33197849535368995 -0.13431761171399564 0.003826378611704496 0.22890383517269863 0.5026531719093419 0.8174786734032323 0.8615960256935289 0.8896901198271092 0.9549241764032727 1.0324990049530904 1.0591014312765665 1.14577455741612 1.2195904266635684 1.2827087828573238
30 300 -0.33197849535368995 -0.13431761171399564 0.003826378611704496 0.22890383517269863 0.5026531719093419 0.8174786734032323 0.8615960256935289 0.8896901198271092 0.9549241764032727 1.0324990049530904 1.0591014312765665 1.14577455741612 1.2195904266635684 1.2827087828573238
31 310 -0.33629887826216764 -0.14456054193288653 0.007862747159109609 0.23119945273802114 0.4734831713514369 0.8007393732305272 0.8709615017279246 0.8974288153944084 0.959700283044419 1.0304815034433101 1.0618056370266524 1.1253463342880803 1.222709988916965 1.3034207548923533
32 320 -0.33629887826216764 -0.14456054193288653 0.007862747159109609 0.23119945273802114 0.4734831713514369 0.8007393732305272 0.8709615017279246 0.8974288153944084 0.959700283044419 1.0304815034433101 1.0618056370266524 1.1253463342880803 1.222709988916965 1.3034207548923533
33 330 -0.33629887826216764 -0.14456054193288653 0.007862747159109609 0.23119945273802114 0.4734831713514369 0.8007393732305272 0.8709615017279246 0.8974288153944084 0.959700283044419 1.0304815034433101 1.0618056370266524 1.1253463342880803 1.222709988916965 1.3034207548923533
34 340 -0.33629887826216764 -0.14456054193288653 0.007862747159109609 0.23119945273802114 0.4734831713514369 0.8007393732305272 0.8709615017279246 0.8974288153944084 0.959700283044419 1.0304815034433101 1.0618056370266524 1.1253463342880803 1.222709988916965 1.3034207548923533
35 350 -0.33629887826216764 -0.14456054193288653 0.007862747159109609 0.23119945273802114 0.4734831713514369 0.8007393732305272 0.8709615017279246 0.8974288153944084 0.959700283044419 1.0304815034433101 1.0618056370266524 1.1253463342880803 1.222709988916965 1.3034207548923533
36 360 -0.33629887826216764 -0.14456054193288653 0.007862747159109609 0.23119945273802114 0.4734831713514369 0.8007393732305272 0.8709615017279246 0.8974288153944084 0.959700283044419 1.0304815034433101 1.0618056370266524 1.1253463342880803 1.222709988916965 1.3034207548923533
37 370 -0.33629887826216764 -0.14456054193288653 0.007862747159109609 0.23119945273802114 0.4734831713514369 0.8007393732305272 0.8709615017279246 0.8974288153944084 0.959700283044419 1.0304815034433101 1.0618056370266524 1.1253463342880803 1.222709988916965 1.3034207548923533
38 380 -0.33629887826216764 -0.14456054193288653 0.007862747159109609 0.23119945273802114 0.4734831713514369 0.8007393732305272 0.8709615017279246 0.8974288153944084 0.959700283044419 1.0304815034433101 1.0618056370266524 1.1253463342880803 1.222709988916965 1.3034207548923533
39 390 -0.33629887826216764 -0.14456054193288653 0.007862747159109609 0.23119945273802114 0.4734831713514369 0.8007393732305272 0.8709615017279246 0.8974288153944084 0.959700283044419 1.0304815034433101 1.0618056370266524 1.1253463342880803 1.222709988916965 1.3034207548923533
40 400 -0.33629887826216764 -0.14456054193288653 0.007862747159109609 0.23119945273802114 0.4734831713514369 0.8007393732305272 0.8709615017279246 0.8974288153944084 0.959700283044419 1.0304815034433101 1.0618056370266524 1.1253463342880803 1.222709988916965 1.3034207548923533
41 410 -0.3679068762240062 -0.17007724538354202 -0.005814385168000667 0.19692899090649718 0.43288724873473633 0.7342543773857073 0.8663537128136399 0.9074913383123496 0.98750062554878 1.0379616336635837 1.0610219507404428 1.0733615766677085 1.233044797096111 1.3596234368650175
42 420 -0.3679068762240062 -0.17007724538354202 -0.005814385168000667 0.19692899090649718 0.43288724873473633 0.7342543773857073 0.8663537128136399 0.9074913383123496 0.98750062554878 1.0379616336635837 1.0610219507404428 1.0733615766677085 1.233044797096111 1.3596234368650175
43 430 -0.3679068762240062 -0.17007724538354202 -0.005814385168000667 0.19692899090649718 0.43288724873473633 0.7342543773857073 0.8663537128136399 0.9074913383123496 0.98750062554878 1.0379616336635837 1.0610219507404428 1.0733615766677085 1.233044797096111 1.3596234368650175
44 440 -0.3679068762240062 -0.17007724538354202 -0.005814385168000667 0.19692899090649718 0.43288724873473633 0.7342543773857073 0.8663537128136399 0.9074913383123496 0.98750062554878 1.0379616336635837 1.0610219507404428 1.0733615766677085 1.233044797096111 1.3596234368650175
45 450 -0.3679068762240062 -0.17007724538354202 -0.005814385168000667 0.19692899090649718 0.43288724873473633 0.7342543773857073 0.8663537128136399 0.9074913383123496 0.98750062554878 1.0379616336635837 1.0610219507404428 1.0733615766677085 1.233044797096111 1.3596234368650175
46 460 -0.3679068762240062 -0.17007724538354202 -0.005814385168000667 0.19692899090649718 0.43288724873473633 0.7342543773857073 0.8663537128136399 0.9074913383123496 0.98750062554878 1.0379616336635837 1.0610219507404428 1.0733615766677085 1.233044797096111 1.3596234368650175
