% # columns="iteration, evaluation, min max(neg(.)) min(pos(.)) max correlation, correlation matrix principle axes lengths  (sorted square roots of eigenvalues of correlation matrix)", seed=853030, Mon Mar  9 17:25:50 2020
1 10 -0.07095559427334645 -0.026083855066782673 0.01775775759382553 0.07042512949499989 0.9224567712234153 0.9537245590908849 0.9831491732137345 0.9914159654125866 0.9940621399588767 1.0001033309240244 1.0140779527673511 1.0168447380356578 1.0252683661765816 1.090012068042448
2 20 -0.12112647913513888 -0.03492709455252209 0.03837266994117876 0.09153938831560879 0.9224567712234153 0.9537245590908849 0.9831491732137345 0.9914159654125866 0.9940621399588767 1.0001033309240244 1.0140779527673511 1.0168447380356578 1.0252683661765816 1.090012068042448
3 30 -0.12359333276412603 -0.03554443510836183 0.04471636332986253 0.13329574108156775 0.9224567712234153 0.9537245590908849 0.9831491732137345 0.9914159654125866 0.9940621399588767 1.0001033309240244 1.0140779527673511 1.0168447380356578 1.0252683661765816 1.090012068042448
4 40 -0.15459303393999055 -0.03564313698188751 0.0701561887935778 0.19925795328947546 0.9224567712234153 0.9537245590908849 0.9831491732137345 0.9914159654125866 0.9940621399588767 1.0001033309240244 1.0140779527673511 1.0168447380356578 1.0252683661765816 1.090012068042448
5 50 -0.14172610856674606 -0.045365763953331785 0.0714413648798742 0.185300280874656 0.9224567712234153 0.9537245590908849 0.9831491732137345 0.9914159654125866 0.9940621399588767 1.0001033309240244 1.0140779527673511 1.0168447380356578 1.0252683661765816 1.090012068042448
6 60 -0.12392152773501451 -0.05141047655759719 0.08302935878983694 0.2173548089699498 0.9224567712234153 0.9537245590908849 0.9831491732137345 0.9914159654125866 0.9940621399588767 1.0001033309240244 1.0140779527673511 1.0168447380356578 1.0252683661765816 1.090012068042448
7 70 -0.10601988412581197 -0.030247897729383973 0.09572941272927155 0.25199514343008694 0.9224567712234153 0.9537245590908849 0.9831491732137345 0.9914159654125866 0.9940621399588767 1.0001033309240244 1.0140779527673511 1.0168447380356578 1.0252683661765816 1.090012068042448
8 80 -0.12726470978172533 -0.03155681506972979 0.09506606266011569 0.28813835011574035 0.9224567712234153 0.9537245590908849 0.9831491732137345 0.9914159654125866 0.9940621399588767 1.0001033309240244 1.0140779527673511 1.0168447380356578 1.0252683661765816 1.090012068042448
9 90 -0.12503331289135683 -0.0428877058326926 0.089350116509233 0.2964710351279758 0.9224567712234153 0.9537245590908849 0.9831491732137345 0.9914159654125866 0.9940621399588767 1.0001033309240244 1.0140779527673511 1.0168447380356578 1.0252683661765816 1.090012068042448
10 100 -0.11906511728393455 -0.05266711520155305 0.07899414866276849 0.24155671178768506 0.9224567712234153 0.9537245590908849 0.9831491732137345 0.9914159654125866 0.9940621399588767 1.0001033309240244 1.0140779527673511 1.0168447380356578 1.0252683661765816 1.090012068042448
11 110 -0.16527429284828124 -0.0658613144026716 0.09466697269955596 0.30178359804239596 0.7760565345045499 0.8452966963594517 0.9050649550774613 0.9245579397312033 0.9521966552929688 0.9713630996049053 0.9941940641887156 1.0692495206981059 1.1032469024884444 1.345423706231793
12 120 -0.17852325377369896 -0.059454449415163514 0.10097487638927488 0.3193200788983778 0.7760565345045499 0.8452966963594517 0.9050649550774613 0.9245579397312033 0.9521966552929688 0.9713630996049053 0.9941940641887156 1.0692495206981059 1.1032469024884444 1.345423706231793
13 130 -0.19833790939240842 -0.04243429186216084 0.10692003056291657 0.31561138532122474 0.7760565345045499 0.8452966963594517 0.9050649550774613 0.9245579397312033 0.9521966552929688 0.9713630996049053 0.9941940641887156 1.0692495206981059 1.1032469024884444 1.345423706231793
14 140 -0.2182131819718201 -0.06260208958540411 0.11668595711511238 0.30645515155930414 0.7760565345045499 0.8452966963594517 0.9050649550774613 0.9245579397312033 0.9521966552929688 0.9713630996049053 0.9941940641887156 1.0692495206981059 1.1032469024884444 1.345423706231793
15 150 -0.19223421356921852 -0.06481739961524041 0.1038877561727708 0.2834782289593021 0.7760565345045499 0.8452966963594517 0.9050649550774613 0.9245579397312033 0.9521966552929688 0.9713630996049053 0.9941940641887156 1.0692495206981059 1.1032469024884444 1.345423706231793
16 160 -0.18272069440075686 -0.05675139538826708 0.10268915024253952 0.2753398630633358 0.7760565345045499 0.8452966963594517 0.9050649550774613 0.9245579397312033 0.9521966552929688 0.9713630996049053 0.9941940641887156 1.0692495206981059 1.1032469024884444 1.345423706231793
17 170 -0.15028510042709742 -0.04852396252297738 0.10206935346727743 0.26844756458079927 0.7760565345045499 0.8452966963594517 0.9050649550774613 0.9245579397312033 0.9521966552929688 0.9713630996049053 0.9941940641887156 1.0692495206981059 1.1032469024884444 1.345423706231793
18 180 -0.09456774798029005 -0.03533255136659477 0.09777108833743778 0.2704314439139355 0.7760565345045499 0.8452966963594517 0.9050649550774613 0.9245579397312033 0.9521966552929688 0.9713630996049053 0.9941940641887156 1.0692495206981059 1.1032469024884444 1.345423706231793
19 190 -0.10701551720594514 -0.01811659207958897 0.09800567689539162 0.28682165280925825 0.7760565345045499 0.8452966963594517 0.9050649550774613 0.9245579397312033 0.9521966552929688 0.9713630996049053 0.9941940641887156 1.0692495206981059 1.1032469024884444 1.345423706231793
20 200 -0.12264437324916694 -0.021650220838672712 0.09992745322448356 0.3121875962003228 0.7760565345045499 0.8452966963594517 0.9050649550774613 0.9245579397312033 0.9521966552929688 0.9713630996049053 0.9941940641887156 1.0692495206981059 1.1032469024884444 1.345423706231793
21 210 -0.11577577308694477 -0.006099184023484486 0.08771867586658064 0.30824550784310356 0.8071143956048352 0.8344427769806244 0.8716054840227604 0.9363879407248347 0.9811967810086686 1.0066915887570786 1.0295029874403347 1.0591741669897548 1.078641827305893 1.3016848782720103
22 220 -0.10348325901198732 -0.018739994569921155 0.07991279936462373 0.2685114967168093 0.8071143956048352 0.8344427769806244 0.8716054840227604 0.9363879407248347 0.9811967810086686 1.0066915887570786 1.0295029874403347 1.0591741669897548 1.078641827305893 1.3016848782720103
23 230 -0.1215308117330627 -0.020681229696940036 0.08611660671810492 0.20537149328393486 0.8071143956048352 0.8344427769806244 0.8716054840227604 0.9363879407248347 0.9811967810086686 1.0066915887570786 1.0295029874403347 1.0591741669897548 1.078641827305893 1.3016848782720103
24 240 -0.1269337972489382 -0.035328052161824046 0.07981227007393855 0.23669633814275765 0.8071143956048352 0.8344427769806244 0.8716054840227604 0.9363879407248347 0.9811967810086686 1.0066915887570786 1.0295029874403347 1.0591741669897548 1.078641827305893 1.3016848782720103
25 250 -0.11941469979815442 -0.04191529697487751 0.09602825318603649 0.21485382278244416 0.8071143956048352 0.8344427769806244 0.8716054840227604 0.9363879407248347 0.9811967810086686 1.0066915887570786 1.0295029874403347 1.0591741669897548 1.078641827305893 1.3016848782720103
26 260 -0.13287056279346615 -0.025832730060943714 0.08667367847293465 0.2279872131176106 0.8071143956048352 0.8344427769806244 0.8716054840227604 0.9363879407248347 0.9811967810086686 1.0066915887570786 1.0295029874403347 1.0591741669897548 1.078641827305893 1.3016848782720103
27 270 -0.1556096002852501 -0.029456621391964886 0.09345749461521541 0.23080946479631642 0.8071143956048352 0.8344427769806244 0.8716054840227604 0.9363879407248347 0.9811967810086686 1.0066915887570786 1.0295029874403347 1.0591741669897548 1.078641827305893 1.3016848782720103
28 280 -0.17619312747453178 -0.026103373097956156 0.10275626295284773 0.21956008833985352 0.8071143956048352 0.8344427769806244 0.8716054840227604 0.9363879407248347 0.9811967810086686 1.0066915887570786 1.0295029874403347 1.0591741669897548 1.078641827305893 1.3016848782720103
29 290 -0.19819273495546375 -0.002780116581089114 0.10788123406827468 0.24722396079971895 0.8071143956048352 0.8344427769806244 0.8716054840227604 0.9363879407248347 0.9811967810086686 1.0066915887570786 1.0295029874403347 1.0591741669897548 1.078641827305893 1.3016848782720103
30 300 -0.22199847877578557 -0.002191841379266101 0.11240482374672436 0.2791059371953715 0.8071143956048352 0.8344427769806244 0.8716054840227604 0.9363879407248347 0.9811967810086686 1.0066915887570786 1.0295029874403347 1.0591741669897548 1.078641827305893 1.3016848782720103
31 310 -0.24486237015361875 -0.017369049180824464 0.10649983819075459 0.26022972728448834 0.7669280836197357 0.7937075335691237 0.828578795802783 0.9053791881242502 0.9585278155522955 1.0119438250018462 1.0465179883353968 1.1087401675451565 1.1855489667774792 1.2660009797614145
32 320 -0.25439098791440423 -0.02734348667750133 0.12485799401710214 0.2682056573936558 0.7669280836197357 0.7937075335691237 0.828578795802783 0.9053791881242502 0.9585278155522955 1.0119438250018462 1.0465179883353968 1.1087401675451565 1.1855489667774792 1.2660009797614145
33 330 -0.2511312630299188 -0.028412174256420484 0.12068559951198957 0.2858661440882228 0.7669280836197357 0.7937075335691237 0.828578795802783 0.9053791881242502 0.9585278155522955 1.0119438250018462 1.0465179883353968 1.1087401675451565 1.1855489667774792 1.2660009797614145
34 340 -0.24407006106212564 -0.024222690386196358 0.11734123229318524 0.3017431099574081 0.7669280836197357 0.7937075335691237 0.828578795802783 0.9053791881242502 0.9585278155522955 1.0119438250018462 1.0465179883353968 1.1087401675451565 1.1855489667774792 1.2660009797614145
35 350 -0.23507925852617734 -0.016297348869860697 0.12313018104111687 0.32102678794221806 0.7669280836197357 0.7937075335691237 0.828578795802783 0.9053791881242502 0.9585278155522955 1.0119438250018462 1.0465179883353968 1.1087401675451565 1.1855489667774792 1.2660009797614145
36 360 -0.22618170450852765 -0.019971094740630153 0.15446016592198347 0.3207926530933221 0.7669280836197357 0.7937075335691237 0.828578795802783 0.9053791881242502 0.9585278155522955 1.0119438250018462 1.0465179883353968 1.1087401675451565 1.1855489667774792 1.2660009797614145
37 370 -0.1943068082919155 -0.011270557482792088 0.1539434488596738 0.3476294159410114 0.7669280836197357 0.7937075335691237 0.828578795802783 0.9053791881242502 0.9585278155522955 1.0119438250018462 1.0465179883353968 1.1087401675451565 1.1855489667774792 1.2660009797614145
38 380 -0.1981298972724416 -0.005275189960842584 0.1458940021374377 0.3255019380116097 0.7669280836197357 0.7937075335691237 0.828578795802783 0.9053791881242502 0.9585278155522955 1.0119438250018462 1.0465179883353968 1.1087401675451565 1.1855489667774792 1.2660009797614145
39 390 -0.20991382831700406 -0.013498816567352733 0.15480965947795355 0.33753464125917715 0.7669280836197357 0.7937075335691237 0.828578795802783 0.9053791881242502 0.9585278155522955 1.0119438250018462 1.0465179883353968 1.1087401675451565 1.1855489667774792 1.2660009797614145
40 400 -0.17179857031009196 -0.017343850301340356 0.16392916371366323 0.36649274798460324 0.7669280836197357 0.7937075335691237 0.828578795802783 0.9053791881242502 0.9585278155522955 1.0119438250018462 1.0465179883353968 1.1087401675451565 1.1855489667774792 1.2660009797614145
41 410 -0.15967240236716557 -0.009421347158164645 0.1557595114429765 0.36686450910296486 0.7372943683954002 0.767476279277269 0.8136667000280244 0.8635486338090375 0.932376091380852 0.969149477049664 1.038816910127171 1.0652815801514601 1.1456984570323228 1.4575462862374309
42 420 -0.15503073209090087 0.026206914024733557 0.17842867913008084 0.40079724151270557 0.7372943683954002 0.767476279277269 0.8136667000280244 0.8635486338090375 0.932376091380852 0.969149477049664 1.038816910127171 1.0652815801514601 1.1456984570323228 1.4575462862374309
43 430 -0.13950797444247934 0.03119287024249044 0.19011689362635703 0.418094223728237 0.7372943683954002 0.767476279277269 0.8136667000280244 0.8635486338090375 0.932376091380852 0.969149477049664 1.038816910127171 1.0652815801514601 1.1456984570323228 1.4575462862374309
44 440 -0.16308411387280766 0.02390967647048031 0.18762531913087097 0.40153220645628174 0.7372943683954002 0.767476279277269 0.8136667000280244 0.8635486338090375 0.932376091380852 0.969149477049664 1.038816910127171 1.0652815801514601 1.1456984570323228 1.4575462862374309
45 450 -0.1939685140322566 0.011065155158324966 0.16496850325924028 0.3799204834195865 0.7372943683954002 0.767476279277269 0.8136667000280244 0.8635486338090375 0.932376091380852 0.969149477049664 1.038816910127171 1.0652815801514601 1.1456984570323228 1.4575462862374309
46 460 -0.20049311769842765 0.003364082785224203 0.15794282932121068 0.37374997118887804 0.7372943683954002 0.767476279277269 0.8136667000280244 0.8635486338090375 0.932376091380852 0.969149477049664 1.038816910127171 1.0652815801514601 1.1456984570323228 1.4575462862374309
47 470 -0.19580286848578893 0.008215369690303256 0.1783611967885118 0.39217330251032534 0.7372943683954002 0.767476279277269 0.8136667000280244 0.8635486338090375 0.932376091380852 0.969149477049664 1.038816910127171 1.0652815801514601 1.1456984570323228 1.4575462862374309
48 480 -0.1606013986088288 0.007243774827982507 0.1689425690501059 0.4004884775389898 0.7372943683954002 0.767476279277269 0.8136667000280244 0.8635486338090375 0.932376091380852 0.969149477049664 1.038816910127171 1.0652815801514601 1.1456984570323228 1.4575462862374309
49 490 -0.24180641865037372 -0.006678765620550157 0.16662142567850757 0.4190350974534181 0.7372943683954002 0.767476279277269 0.8136667000280244 0.8635486338090375 0.932376091380852 0.969149477049664 1.038816910127171 1.0652815801514601 1.1456984570323228 1.4575462862374309
50 500 -0.2513143804402281 0.00745544075930071 0.158048076821939 0.39633627064280624 0.7372943683954002 0.767476279277269 0.8136667000280244 0.8635486338090375 0.932376091380852 0.969149477049664 1.038816910127171 1.0652815801514601 1.1456984570323228 1.4575462862374309
51 510 -0.23049997217265267 -0.012351901696347402 0.1706869241611232 0.40215900236197755 0.7079108547572606 0.758840367621475 0.8425893297892402 0.8712725481628331 0.9179924250690469 0.972707681043911 1.0199331464653327 1.0941939000058742 1.1214647144869192 1.4730490627179296
52 520 -0.24452571389958905 -0.008472033073962215 0.17985431624307904 0.43990835767278796 0.7079108547572606 0.758840367621475 0.8425893297892402 0.8712725481628331 0.9179924250690469 0.972707681043911 1.0199331464653327 1.0941939000058742 1.1214647144869192 1.4730490627179296
53 530 -0.2388969431557362 -0.029344459142606104 0.1621913154473413 0.4351449547361476 0.7079108547572606 0.758840367621475 0.8425893297892402 0.8712725481628331 0.9179924250690469 0.972707681043911 1.0199331464653327 1.0941939000058742 1.1214647144869192 1.4730490627179296
54 540 -0.24422056088889998 -0.02425196328409497 0.17281689815254683 0.4053108151709948 0.7079108547572606 0.758840367621475 0.8425893297892402 0.8712725481628331 0.9179924250690469 0.972707681043911 1.0199331464653327 1.0941939000058742 1.1214647144869192 1.4730490627179296
55 550 -0.2323517438217176 -0.022477731308459196 0.1757529257119434 0.39167789734290576 0.7079108547572606 0.758840367621475 0.8425893297892402 0.8712725481628331 0.9179924250690469 0.972707681043911 1.0199331464653327 1.0941939000058742 1.1214647144869192 1.4730490627179296
56 560 -0.21452066156423982 -0.02112279444813262 0.15678984324552767 0.40953319978196345 0.7079108547572606 0.758840367621475 0.8425893297892402 0.8712725481628331 0.9179924250690469 0.972707681043911 1.0199331464653327 1.0941939000058742 1.1214647144869192 1.4730490627179296
57 570 -0.20777261555755513 -0.013643677187579755 0.13510643990810275 0.4007245328270479 0.7079108547572606 0.758840367621475 0.8425893297892402 0.8712725481628331 0.9179924250690469 0.972707681043911 1.0199331464653327 1.0941939000058742 1.1214647144869192 1.4730490627179296
58 580 -0.21992643679732354 -0.019050110712041303 0.1320292904659745 0.33906714310245467 0.7079108547572606 0.758840367621475 0.8425893297892402 0.8712725481628331 0.9179924250690469 0.972707681043911 1.0199331464653327 1.0941939000058742 1.1214647144869192 1.4730490627179296
59 590 -0.25307025980019887 -0.04389723418565949 0.1259309124063154 0.3298672145044156 0.7079108547572606 0.758840367621475 0.8425893297892402 0.8712725481628331 0.9179924250690469 0.972707681043911 1.0199331464653327 1.0941939000058742 1.1214647144869192 1.4730490627179296
60 600 -0.254022208658212 -0.030876089583847792 0.12331579586756529 0.31174355120664193 0.7079108547572606 0.758840367621475 0.8425893297892402 0.8712725481628331 0.9179924250690469 0.972707681043911 1.0199331464653327 1.0941939000058742 1.1214647144869192 1.4730490627179296
61 610 -0.26908398722597693 -0.04973952235489461 0.13258620431205045 0.30763049350020927 0.7349278419119444 0.7576438071389315 0.7859833411533071 0.9046686669449306 0.9723188125148878 0.9978787725712147 1.0371434741587948 1.1126455871435645 1.1627394371317294 1.3575293786891005
62 620 -0.2394705669120944 -0.04778726373695443 0.11901364709444151 0.30114389438488703 0.7349278419119444 0.7576438071389315 0.7859833411533071 0.9046686669449306 0.9723188125148878 0.9978787725712147 1.0371434741587948 1.1126455871435645 1.1627394371317294 1.3575293786891005
63 630 -0.21977338464961582 -0.03680848383188213 0.12405553490607588 0.29321418124523796 0.7349278419119444 0.7576438071389315 0.7859833411533071 0.9046686669449306 0.9723188125148878 0.9978787725712147 1.0371434741587948 1.1126455871435645 1.1627394371317294 1.3575293786891005
64 640 -0.23714032722466907 -0.041322005900265496 0.10868382355411044 0.2931020737041834 0.7349278419119444 0.7576438071389315 0.7859833411533071 0.9046686669449306 0.9723188125148878 0.9978787725712147 1.0371434741587948 1.1126455871435645 1.1627394371317294 1.3575293786891005
65 650 -0.25455693308793126 -0.04850944190966115 0.10255413302813696 0.31385271849060453 0.7349278419119444 0.7576438071389315 0.7859833411533071 0.9046686669449306 0.9723188125148878 0.9978787725712147 1.0371434741587948 1.1126455871435645 1.1627394371317294 1.3575293786891005
66 660 -0.23143838032126562 -0.05690364907622112 0.09948305643012077 0.30337604030031773 0.7349278419119444 0.7576438071389315 0.7859833411533071 0.9046686669449306 0.9723188125148878 0.9978787725712147 1.0371434741587948 1.1126455871435645 1.1627394371317294 1.3575293786891005
67 670 -0.236259367971665 -0.05095100719166573 0.09186468634573326 0.27702274863945037 0.7349278419119444 0.7576438071389315 0.7859833411533071 0.9046686669449306 0.9723188125148878 0.9978787725712147 1.0371434741587948 1.1126455871435645 1.1627394371317294 1.3575293786891005
68 680 -0.24284573442510868 -0.05845315912082302 0.09402975328193794 0.2634543745377785 0.7349278419119444 0.7576438071389315 0.7859833411533071 0.9046686669449306 0.9723188125148878 0.9978787725712147 1.0371434741587948 1.1126455871435645 1.1627394371317294 1.3575293786891005
69 690 -0.2829109530383952 -0.06511596919090129 0.08730810013098786 0.27301600184749786 0.7349278419119444 0.7576438071389315 0.7859833411533071 0.9046686669449306 0.9723188125148878 0.9978787725712147 1.0371434741587948 1.1126455871435645 1.1627394371317294 1.3575293786891005
70 700 -0.266661955650439 -0.07565521683597438 0.09277816703282013 0.3415609181177468 0.7349278419119444 0.7576438071389315 0.7859833411533071 0.9046686669449306 0.9723188125148878 0.9978787725712147 1.0371434741587948 1.1126455871435645 1.1627394371317294 1.3575293786891005
71 710 -0.2594681644950381 -0.05993029525503724 0.06472340981322115 0.33402514653307286 0.7163347710618283 0.7746004177395891 0.8324280406406538 0.9006888935357825 0.9530440504018504 1.010390812247019 1.0690511702762429 1.1077172076731283 1.1767555075648146 1.3033947467724678
72 720 -0.24242907172360983 -0.05928805042708704 0.06974954835870205 0.36274427502929724 0.7163347710618283 0.7746004177395891 0.8324280406406538 0.9006888935357825 0.9530440504018504 1.010390812247019 1.0690511702762429 1.1077172076731283 1.1767555075648146 1.3033947467724678
73 730 -0.2438347035631603 -0.0692646552056394 0.07577690338159732 0.3742355510414727 0.7163347710618283 0.7746004177395891 0.8324280406406538 0.9006888935357825 0.9530440504018504 1.010390812247019 1.0690511702762429 1.1077172076731283 1.1767555075648146 1.3033947467724678
74 740 -0.2589314677186849 -0.08080199710986362 0.09306157951593297 0.364133628877668 0.7163347710618283 0.7746004177395891 0.8324280406406538 0.9006888935357825 0.9530440504018504 1.010390812247019 1.0690511702762429 1.1077172076731283 1.1767555075648146 1.3033947467724678
75 750 -0.26467536864402946 -0.06949243394960528 0.0843517688233808 0.3769727528622451 0.7163347710618283 0.7746004177395891 0.8324280406406538 0.9006888935357825 0.9530440504018504 1.010390812247019 1.0690511702762429 1.1077172076731283 1.1767555075648146 1.3033947467724678
76 760 -0.27589897704128546 -0.07161315733158845 0.10164482135895893 0.3486575503283764 0.7163347710618283 0.7746004177395891 0.8324280406406538 0.9006888935357825 0.9530440504018504 1.010390812247019 1.0690511702762429 1.1077172076731283 1.1767555075648146 1.3033947467724678
77 770 -0.2693011994164344 -0.06165413016481529 0.09558500298989384 0.33226265120248794 0.7163347710618283 0.7746004177395891 0.8324280406406538 0.9006888935357825 0.9530440504018504 1.010390812247019 1.0690511702762429 1.1077172076731283 1.1767555075648146 1.3033947467724678
78 780 -0.27240745246371595 -0.05969960726727641 0.09236443192985867 0.32978207341589294 0.7163347710618283 0.7746004177395891 0.8324280406406538 0.9006888935357825 0.9530440504018504 1.010390812247019 1.0690511702762429 1.1077172076731283 1.1767555075648146 1.3033947467724678
79 790 -0.2859617706705288 -0.06909559546866886 0.08102177860142384 0.32358308000104585 0.7163347710618283 0.7746004177395891 0.8324280406406538 0.9006888935357825 0.9530440504018504 1.010390812247019 1.0690511702762429 1.1077172076731283 1.1767555075648146 1.3033947467724678
80 800 -0.28302292894372444 -0.06896139471637347 0.05561193367597056 0.3459087749942889 0.7163347710618283 0.7746004177395891 0.8324280406406538 0.9006888935357825 0.9530440504018504 1.010390812247019 1.0690511702762429 1.1077172076731283 1.1767555075648146 1.3033947467724678
81 810 -0.2713929916618933 -0.07043702196151451 0.062351831258952634 0.34716612898547283 0.7275873905617817 0.7781900917071858 0.8173059911806779 0.8905575967696503 0.9161841608580138 1.03451650751188 1.0629727578088461 1.101313561649455 1.1940797584455303 1.3136620259840537
82 820 -0.2458709077919822 -0.07227490920519834 0.07815087038329065 0.3293485817974362 0.7275873905617817 0.7781900917071858 0.8173059911806779 0.8905575967696503 0.9161841608580138 1.03451650751188 1.0629727578088461 1.101313561649455 1.1940797584455303 1.3136620259840537
83 830 -0.2638219769220033 -0.07085182099637487 0.08237388615657149 0.3405746362561307 0.7275873905617817 0.7781900917071858 0.8173059911806779 0.8905575967696503 0.9161841608580138 1.03451650751188 1.0629727578088461 1.101313561649455 1.1940797584455303 1.3136620259840537
84 840 -0.27629127634734796 -0.0767218629401753 0.0885378617692602 0.35126521710624253 0.7275873905617817 0.7781900917071858 0.8173059911806779 0.8905575967696503 0.9161841608580138 1.03451650751188 1.0629727578088461 1.101313561649455 1.1940797584455303 1.3136620259840537
85 850 -0.28754949546749087 -0.08613737043140965 0.05632831943848281 0.2912584884756125 0.7275873905617817 0.7781900917071858 0.8173059911806779 0.8905575967696503 0.9161841608580138 1.03451650751188 1.0629727578088461 1.101313561649455 1.1940797584455303 1.3136620259840537
86 860 -0.29950164497504966 -0.08217473165544732 0.06213105341203036 0.2744619074977051 0.7275873905617817 0.7781900917071858 0.8173059911806779 0.8905575967696503 0.9161841608580138 1.03451650751188 1.0629727578088461 1.101313561649455 1.1940797584455303 1.3136620259840537
87 870 -0.2848252589186951 -0.09033208868702462 0.0617964934031294 0.27960288561378044 0.7275873905617817 0.7781900917071858 0.8173059911806779 0.8905575967696503 0.9161841608580138 1.03451650751188 1.0629727578088461 1.101313561649455 1.1940797584455303 1.3136620259840537
88 880 -0.2829066753943617 -0.09142048853022797 0.06729712856578329 0.2870138830440905 0.7275873905617817 0.7781900917071858 0.8173059911806779 0.8905575967696503 0.9161841608580138 1.03451650751188 1.0629727578088461 1.101313561649455 1.1940797584455303 1.3136620259840537
89 890 -0.2853721869511919 -0.09718869835865501 0.05890498153010225 0.2594255148929512 0.7275873905617817 0.7781900917071858 0.8173059911806779 0.8905575967696503 0.9161841608580138 1.03451650751188 1.0629727578088461 1.101313561649455 1.1940797584455303 1.3136620259840537
90 900 -0.2768564626737634 -0.10019287778822132 0.035589657892586495 0.2342636466065007 0.7275873905617817 0.7781900917071858 0.8173059911806779 0.8905575967696503 0.9161841608580138 1.03451650751188 1.0629727578088461 1.101313561649455 1.1940797584455303 1.3136620259840537
91 910 -0.2919734834859259 -0.10388747171738438 0.03532297874202444 0.2550715209960064 0.719782941002466 0.8014416961575915 0.8593042810968281 0.8685640637995485 0.9680331814303255 0.990130810703186 1.070746701150293 1.087655257223075 1.194359148010181 1.2935852702423067
92 920 -0.286267411019129 -0.10854837116872339 0.04315862791301142 0.2292163885987196 0.719782941002466 0.8014416961575915 0.8593042810968281 0.8685640637995485 0.9680331814303255 0.990130810703186 1.070746701150293 1.087655257223075 1.194359148010181 1.2935852702423067
93 930 -0.3070548239190224 -0.0956151277154656 0.0513936292619408 0.2366106806325153 0.719782941002466 0.8014416961575915 0.8593042810968281 0.8685640637995485 0.9680331814303255 0.990130810703186 1.070746701150293 1.087655257223075 1.194359148010181 1.2935852702423067
94 940 -0.32673868864195266 -0.08252134472513319 0.05233207172597899 0.23856050081716285 0.719782941002466 0.8014416961575915 0.8593042810968281 0.8685640637995485 0.9680331814303255 0.990130810703186 1.070746701150293 1.087655257223075 1.194359148010181 1.2935852702423067
95 950 -0.3450509231926015 -0.08693681616831452 0.059147584182573 0.22111070913637662 0.719782941002466 0.8014416961575915 0.8593042810968281 0.8685640637995485 0.9680331814303255 0.990130810703186 1.070746701150293 1.087655257223075 1.194359148010181 1.2935852702423067
96 960 -0.3313378296653236 -0.07202103350122387 0.04575459332905779 0.2610164832215392 0.719782941002466 0.8014416961575915 0.8593042810968281 0.8685640637995485 0.9680331814303255 0.990130810703186 1.070746701150293 1.087655257223075 1.194359148010181 1.2935852702423067
