% # columns="iteration, evaluation, void, void, void, xmean", seed=1035594, Wed Mar 11 16:01:15 2020, <python>{}</python> # scaling_of_variables: 1, typical_x: 0
1 10 0 0 0 -0.8843480683259581 -0.8976142676980872 -1.001933729669809 -1.038708233834698 -0.8318504439560324 -0.8951437980897958 -0.9611585865033522 -0.88847650789036 -0.9222484303585295 -0.7930864917909999
2 20 0 0 0 -0.9200184746826201 -0.8736652791287536 -0.9039035267410058 -0.9886897936403222 -0.6688428341865122 -0.7345746692491765 -0.9113324984755442 -0.8228016024545837 -0.8966112269077585 -0.6235221589208036
3 30 0 0 0 -0.8127406484769406 -0.8517806118136154 -0.9185662104745134 -1.0696032975067107 -0.3540670727760092 -0.750302480121038 -0.7849544551213739 -0.92263074411742 -0.857163419534043 -0.6504761901198478
4 40 0 0 0 -0.7684892557422289 -0.8752932376456143 -0.8948508687235155 -0.9616738840879642 -0.47562044373611245 -0.6831738914846951 -0.7494200410328125 -0.8952252106524868 -0.8643511661208757 -0.6468262361540859
5 50 0 0 0 -0.6334940370451069 -0.9213427176689575 -0.7961898731446881 -1.1172463146100735 -0.4565841424104684 -0.691715196233881 -0.49071726563646506 -0.9398375827352219 -0.816725646074768 -0.4738811662680515
6 60 0 0 0 -0.5247787595529324 -0.718636985533678 -0.8894844214770792 -1.1919561037115087 -0.11156147997431004 -0.7949433285598924 -0.3150379871154403 -0.8360844790430059 -0.7852619059149281 -0.2831930900894441
7 70 0 0 0 -0.33976716458279066 -0.7268824938505624 -0.902188091267817 -1.1130149921167527 0.04899125938432669 -0.7758251940494889 -0.24823828957631802 -0.856809246965259 -0.6113566777358479 -0.22234688498426794
8 80 0 0 0 -0.28800487295618604 -0.4238498449689747 -0.9390227580912385 -1.070560385467529 0.09601658808687999 -0.6855830473469942 -0.20116062782326202 -0.6721840553280185 -0.7640818004610586 -0.1833179365228725
9 90 0 0 0 -0.19698703269589277 -0.2468375931422203 -0.8885128040882538 -1.1521541148984018 0.46743609254673824 -0.42068245332097076 0.09896312231205565 -0.3473050534014244 -0.7424484665164016 0.006862273979819783
10 100 0 0 0 0.08326806047121346 -0.08669331320416773 -0.647853832814626 -1.276351768672299 0.9689154333388357 -0.2743989452294016 0.24963710648862292 -0.2916333240576204 -0.5332014101958699 0.3311630570413453
11 110 0 0 0 0.4284822619207428 0.05101968456436887 -0.8310638049599272 -1.0307371891696586 1.0421246173367498 -0.23105637412201152 0.3909961299616554 0.15408147266542443 -0.6424079657643493 0.49161645379346874
12 120 0 0 0 0.4086178027965984 0.0887691620887029 -0.8110416060701962 -0.4734633577588556 0.6647941202154638 -0.27170112048793 0.38772774182713693 0.3593518362764364 -0.6338691267840011 0.33330600370813374
13 130 0 0 0 0.6119250694464063 0.5412756552061049 -0.8879374668259116 -0.31373348366490394 0.619165256693887 0.06719372720562694 0.4006834623941865 0.2886557227973166 -0.626091426423563 0.16813906155309
14 140 0 0 0 0.7506567847087084 0.32359178812176864 -0.4565766171755017 -0.08208982929058134 0.1537590298774597 -0.13209648805822227 0.22361009433658308 -0.189907475773128 -0.2779512743252699 0.10832477265125622
15 150 0 0 0 0.5964363089964024 0.05503997518239101 -0.10560748774797007 -0.1436169674857942 0.06526978630208419 0.3373131142392305 0.3692610459686092 0.0521593591615139 -0.26451777294913337 0.13196545060849355
16 160 0 0 0 0.518094678790841 0.02285104146643191 -0.23417890230921667 -0.17311434297557846 0.2245100024580489 0.12408432662736407 0.3853587988334413 -0.04128304109847987 -0.30155980666544885 0.09769840165098265
17 170 0 0 0 0.5208118983228004 0.18930872746736568 -0.3041300239935373 0.32718639135984573 -0.1497190979552779 0.26898742692111444 -0.08439784730373784 0.3456416090888426 -0.16055474812699816 -0.06960965257670837
18 180 0 0 0 0.6772190956679194 0.3704200026019223 0.11759494715613489 0.3061634979709567 0.057474252832230455 0.19399616928108335 0.28632986217244233 0.3236048752037006 0.007926080186494822 0.13948402612744637
19 190 0 0 0 0.7497942905564882 0.3744933928277545 0.34634501288487946 0.19036745251676981 0.42763846361015445 0.0873350091409554 0.6989648346521793 -0.011970398711731667 0.3019582284043974 0.222161811642646
20 200 0 0 0 0.46225269719200285 0.5577985408594802 0.018272309807511877 0.36458735322793934 0.4432125599623363 0.5225960361970613 0.40262249165048386 0.21354648082172598 0.4122034911732513 0.37118693232426375
21 210 0 0 0 0.12013651959670929 0.24314842578228546 0.28104763684926287 0.3573468385711425 0.26974561707399763 0.3835343135063514 0.20429299084911026 0.26600082606979414 0.49146286471702194 0.31238241646379866
22 220 0 0 0 0.524184833197484 0.5407203816297673 0.5315799770428662 0.34371137359594583 0.5970982937206633 0.5289534786562654 0.5121869555205629 0.6001257212416312 0.6229407089670145 0.5529730667200246
23 230 0 0 0 0.5454379246370834 0.4587018335392577 0.37239144732074386 0.2505090122980953 0.5751021962032863 0.40215302545824055 0.6084897877343625 0.41412773924590845 0.6552963149451776 0.4003856663019751
24 240 0 0 0 0.39271179522467387 0.7474034920462629 0.587037589005605 0.4737825480205398 0.6225652018701365 0.2767699841612645 0.5421004207818463 0.44017911947548094 0.6823084060691499 0.4476613460490655
25 250 0 0 0 0.5521490188809044 0.5933586886145127 0.5808038121333087 0.37735081762516537 0.7557636919250583 0.4070267891090305 0.38843740932749177 0.28620591792388456 0.724778224008177 0.5628789286846122
26 260 0 0 0 0.5438314915667991 0.6593828243957275 0.6468412183157307 0.5132376645873664 0.6069630592631609 0.3842807495132795 0.1989166953960041 0.34859182566704583 0.6962978131982615 0.5183342820847985
27 270 0 0 0 0.5364298899756152 0.5199285653194293 0.5751521611616479 0.4548053853614793 0.6704231824018958 0.35550837711018335 0.46452871464643597 0.35792827956218365 0.5563614922123068 0.5931865952022303
28 280 0 0 0 0.5112393994523672 0.6125919861040307 0.4664213569008016 0.5433591483685904 0.4797422769501868 0.5090681808440495 0.6196291811760443 0.5276946628948258 0.697885944714906 0.649358354330435
29 290 0 0 0 0.5358613453623144 0.4518886689575363 0.5147631320577771 0.44361258653854846 0.3604103855328053 0.4299894911847703 0.5820394517929068 0.47026835208232187 0.5609208415396276 0.6099115235853297
30 300 0 0 0 0.6942142475856713 0.4428887009928197 0.47678835526010177 0.5158210980591139 0.4325845614587361 0.5642727588848712 0.6478292135191338 0.5571456167857599 0.6025677175114157 0.5208437857250893
31 310 0 0 0 0.852420621700697 0.5436370706990326 0.41886491332801984 0.5338694018538218 0.5327563515800491 0.6485981299426657 0.7248903249625422 0.5364394890127124 0.704362269480646 0.5340897364998598
32 320 0 0 0 0.6205960310540923 0.3849612611928843 0.3807383784674413 0.4868345032165421 0.35339059745915297 0.5797255673473215 0.6113212387798654 0.534684979140508 0.6157439638592982 0.4937423257337726
33 330 0 0 0 0.7466881337558751 0.4159830807899538 0.36088058691183666 0.4357921235173939 0.4741794221462636 0.6807185686654845 0.7964397598338316 0.5908608958102282 0.6718079711475007 0.41935762443131386
34 340 0 0 0 0.8051608773531023 0.4724897638899761 0.3145853874710112 0.5474390434915314 0.5010960086354878 0.7785163329309926 0.7620473305817846 0.5466819789278576 0.6719315947874369 0.5271890475968588
35 350 0 0 0 0.8711132730173452 0.4413313106233656 0.3373204172347495 0.5145382858953806 0.5314829649492177 0.7383016355710129 0.7623711098626548 0.6627584540375945 0.6591485385765834 0.5765025886996897
36 360 0 0 0 0.6974548595536308 0.40298404357217504 0.4238865641543361 0.38011120864809955 0.381638402042347 0.7201247739471982 0.6115396396559976 0.4727404465438215 0.55619009916161 0.41811290958927594
37 370 0 0 0 0.6629759378453711 0.4643745039363356 0.42244354293772163 0.4990767022868292 0.47333247573019444 0.5971478811495141 0.5402159860063211 0.5190847574623739 0.575632259374772 0.52771989623489
38 380 0 0 0 0.6252214993089158 0.5266001411896477 0.4172848717763042 0.5279146795530302 0.5414340993108868 0.6518740762967161 0.537997539104994 0.559001704234483 0.5745813149362392 0.49858686652379275
39 390 0 0 0 0.6322828008247324 0.5836886960190678 0.4994003858269047 0.5654715104529914 0.5534925541908777 0.6134770365724818 0.5792972676629803 0.6275569334190689 0.6134177395702537 0.49381218205851785
40 400 0 0 0 0.6074564729732875 0.6394948689800017 0.5294473818497875 0.5283856477350108 0.5943189793561582 0.6555186422371372 0.6206086667961128 0.6771692708566401 0.610402097196478 0.5301414953018733
41 410 0 0 0 0.6053600171275239 0.635891909849673 0.5710918911020046 0.6214814914104176 0.5844127088118599 0.5835433297775562 0.6507374645062995 0.6595941546377154 0.6727167080970964 0.5594263706632743
42 420 0 0 0 0.6151872379564794 0.6957216423553084 0.6319504344182649 0.6098776769128885 0.6151571181646128 0.5673634829363411 0.7020649483455708 0.6676523239328412 0.6715559035865379 0.5924311727690248
43 430 0 0 0 0.5938829359595191 0.744882470341719 0.7198552210411607 0.5378682459369467 0.6499955278504643 0.581982591589439 0.6498879676197783 0.673280702016962 0.6436497722608681 0.5751409305205554
44 440 0 0 0 0.6317874780107684 0.7674581716880979 0.7441117239652475 0.5681341666539186 0.6831789631746252 0.5239730932646489 0.6388259256756151 0.693391701579532 0.6598674403129442 0.6186156487064634
45 450 0 0 0 0.721512668360676 0.7592315415687474 0.6759800051228092 0.5905924573942286 0.683701681915182 0.5872225129300109 0.6734405360768111 0.7103790757822797 0.7118057611193669 0.6771602988149319
46 460 0 0 0 0.6568847859098199 0.7184253844326387 0.6401143400147128 0.6225981130272502 0.6194332001468699 0.5957286823859983 0.6280156367638122 0.7116473702360959 0.7442087574396308 0.6716893029578844
