% # columns="iteration, evaluation, sigma, void, void,  stds==sigma*sqrt(diag(C))", seed=1047392, Wed Mar 11 16:01:15 2020, <python>{}</python>
1 10 0.19465855389810502 0 0 0.1939000216592321 0.19677365954306847 0.19243996583122888 0.1938571193897101 0.19281566584735846 0.19161135370424415 0.19176617381833544 0.19988674304996273 0.19682730592712375 0.1918947367913095
2 20 0.1985961976023982 0 0 0.1975317981609926 0.20097467531622748 0.19579014971451011 0.19613295207665848 0.1980523998343609 0.1907926636429738 0.20078124069417466 0.20660174844905504 0.19478317442539544 0.19291843304854014
3 30 0.21128220600298553 0 0 0.20697770354075032 0.21505413945539922 0.20462929566106125 0.20275936800277564 0.21075431395808522 0.21038060522270327 0.2153117898618967 0.22029111339012025 0.21495628958685914 0.20536438169799873
4 40 0.2316024106764194 0 0 0.22782067842168371 0.23884263633428432 0.22419580934799935 0.2171212333531577 0.2267151313435889 0.23046302904215746 0.24637928892544686 0.23921653460642167 0.24872662026575992 0.22308417163922573
5 50 0.26899167994469747 0 0 0.2706606410672969 0.276331792640005 0.2597901118623587 0.25181384317033534 0.2542702172764091 0.2828997227649238 0.28895955460792905 0.2745080495801802 0.2877268296999074 0.25932863233768505
6 60 0.32609509559980926 0 0 0.326480784394277 0.3362029382570216 0.3245457223004431 0.31058891460486254 0.306853564993361 0.35357235954615235 0.35129132307140853 0.3262497211479697 0.3546036159030042 0.3038676880042277
7 70 0.40176294732939427 0 0 0.39928688886810654 0.4168057946575935 0.40460543107149366 0.36993438686918556 0.37609882439577513 0.4517186160172862 0.4241939304929549 0.398037675589601 0.43031359331910335 0.37329369551265945
8 80 0.43026911957507347 0 0 0.4258694546505583 0.4460832664281614 0.4284933634873511 0.39511163841725866 0.39841555043536075 0.47998305451747253 0.45587189072975676 0.4240538163083877 0.4611411957097189 0.3915767412970513
9 90 0.47131111218574745 0 0 0.45669167060344507 0.5024384103057634 0.4609309842689288 0.42992182823872876 0.43748823581727964 0.517867607936061 0.4993198462010018 0.4644771473861815 0.5018024536534268 0.4300037081222064
10 100 0.47806276416995175 0 0 0.45265996114528995 0.5152958973508525 0.4460530905526866 0.4401628426119632 0.4426474354292959 0.5185819287210329 0.5114977567240078 0.4717476570868634 0.5027471993463906 0.4309445637550924
11 110 0.4986990638544708 0 0 0.4802586137934135 0.5374440907785987 0.489751935315046 0.4588306716727693 0.460665725205221 0.5368067319092661 0.5160977774882801 0.483189515061546 0.5172763081489461 0.4485304702941342
12 120 0.5034605848885879 0 0 0.4745817064236662 0.5256169002696287 0.49245460101972777 0.45410521550781136 0.4552346011307198 0.5471018899357319 0.5178922329160668 0.4993640719903104 0.5234202881132262 0.4488085737650094
13 130 0.5408486554900493 0 0 0.5201708180487664 0.5690693533373457 0.523114933181117 0.49692197855564496 0.5128771340630983 0.5945519562751794 0.5551675247108933 0.5446412380179833 0.5376556264941897 0.47579582594818737
14 140 0.5246134243743725 0 0 0.4947052197375256 0.5349379867167361 0.5040398402810963 0.48641223395250377 0.48965769113832636 0.5785009786899938 0.530387459073603 0.5193441071498488 0.5217415282525588 0.4687849309745982
15 150 0.4913306703531023 0 0 0.4763115665496822 0.4869747209343739 0.47300724481849926 0.4509212873934375 0.4587232071968948 0.5304648707281765 0.4891931988382826 0.48033193147775816 0.49150183048522667 0.43634090804550835
16 160 0.5010191134974943 0 0 0.49461378067166994 0.48430946872519404 0.4824489812546393 0.45844079477866645 0.4664485303784023 0.5388802022029726 0.5018398400394498 0.5063891887576858 0.49550158361452307 0.4442135250725953
17 170 0.48590697805103783 0 0 0.4791217487867681 0.45532208140016306 0.4784974408561168 0.4389876973861503 0.45161555828182653 0.5211828977695908 0.4662457736404338 0.4778717028239623 0.47713898183345455 0.42660520863926543
18 180 0.4782326757746795 0 0 0.474176269062201 0.4396737063315412 0.4711072273302483 0.4294231518620815 0.4372034712228845 0.5010488530211956 0.45592886194814386 0.4686390206208035 0.46591022859861303 0.42437009037903073
19 190 0.43838624057264086 0 0 0.42734242557774454 0.3989412848460301 0.43115955573890946 0.3908447309167569 0.3979493914793549 0.4595447957214 0.41609374909833247 0.40936900360409006 0.4235627495054013 0.3865728168361728
20 200 0.413181121718949 0 0 0.39654737041366356 0.37747389940704207 0.40475726057961836 0.3702783922512251 0.3676779445130485 0.4353836427219232 0.37770366706527353 0.37522569934996486 0.4020479723637383 0.36463921765324214
21 210 0.40868425799930375 0 0 0.386564774280982 0.3710475793566632 0.3864094418180237 0.3644727739848669 0.36242408476999455 0.4381387816989359 0.3782291753739462 0.37257800278317565 0.3955233466181936 0.3635829688188905
22 220 0.368513560266572 0 0 0.34625327232673875 0.327241988928751 0.34433482337884097 0.32140183066100875 0.3149667100610652 0.3955133411977324 0.337313909587353 0.33477948280312975 0.3552981463202189 0.3271000288648674
23 230 0.36822681787025296 0 0 0.3601573723017078 0.3237732840335689 0.3415840510799577 0.316692582265892 0.3181172229765227 0.39470306893352225 0.33451214018884917 0.32773751185015704 0.36765975515976973 0.33306910318215704
24 240 0.36635869500241675 0 0 0.3651187213721557 0.3094509465149751 0.34296817558286946 0.31266293289719876 0.3172793471192847 0.39612297677296576 0.335452456876611 0.3239203237028478 0.36445758111007087 0.3282512144419634
25 250 0.3540236489226076 0 0 0.34984613899505757 0.2983455513936101 0.3230887946132591 0.30106126631859076 0.30264178780103657 0.37798177726833543 0.3239548373312853 0.31448773497680355 0.347299839644812 0.3047077018833741
26 260 0.3653170836433098 0 0 0.36187163858437377 0.31000871124623675 0.32959011868305405 0.30983995844885065 0.3113310348507469 0.3818992433288862 0.34118278300641164 0.3255286695744934 0.3532511125695639 0.3072348744241271
27 270 0.37951710973509156 0 0 0.37521088420398474 0.32593998349027864 0.3421225337626643 0.3292136142933909 0.3242032348173965 0.38787361329424896 0.3427463934835258 0.3370875731945102 0.3685027873206018 0.32303681575090054
28 280 0.3813834182013289 0 0 0.3722361284232569 0.3194863079144177 0.34044117837048415 0.33167641787804936 0.3286237410283747 0.3878165877284882 0.3466899344290435 0.328282200313369 0.36795698251671605 0.32715140230522005
29 290 0.3593126641944918 0 0 0.34643426858561743 0.29718321838101985 0.32118038806773413 0.30615727469210213 0.3134162151647549 0.3513940952172311 0.3216895168724297 0.3047842943001491 0.34500235662611795 0.30802458230137814
30 300 0.3514492822093421 0 0 0.32804506385380455 0.29009632090325804 0.3141227107096699 0.29365192667438333 0.29671229741245225 0.3461463975088333 0.31316851514548755 0.30219904861011343 0.3323022269555716 0.3049427130234787
31 310 0.33751474339841564 0 0 0.3080429351834592 0.28288528446782724 0.2943885452106463 0.2773324621662393 0.2807245508248393 0.33341543312344923 0.2977089147202466 0.28891405512469853 0.3195291773363474 0.2895057245734966
32 320 0.3259055851519588 0 0 0.2967797473351743 0.2767809751756964 0.28156445055890356 0.26102884136403265 0.26982383823366046 0.32370582327263414 0.28643819604248727 0.27973448067077716 0.30285161198713745 0.26676846242361363
33 330 0.31317922217550115 0 0 0.2842399797186283 0.2683893892079377 0.2707458679204645 0.24663482953822474 0.2617479642644019 0.29633731796558643 0.2602951565271351 0.2671427183165017 0.29100162830185206 0.2598188657852208
34 340 0.2865756579705577 0 0 0.2586296945343142 0.24339991808290426 0.2460733013600423 0.22700307405322365 0.23834182926778533 0.2723495423308944 0.23308882503291029 0.2429485117173149 0.2552533369506861 0.2353024131256537
35 350 0.2714415459744086 0 0 0.2374252196823053 0.23261366097065195 0.23638798111619128 0.213593589426491 0.2269349937110537 0.2616934849881901 0.22192399918657024 0.21858604262474235 0.23682631348792502 0.21793666772297116
36 360 0.2567435310572561 0 0 0.2220684807330771 0.21663967257352149 0.2223668305634554 0.19718759877868444 0.21845629285996684 0.24473082151395978 0.21017605664523553 0.2074492895546559 0.21947519202285556 0.20517569355021098
37 370 0.22941603139829328 0 0 0.1948021195798835 0.18618214123893193 0.19809261062661074 0.17637194388194224 0.19002868062261216 0.21989627534219272 0.18596848557372286 0.18440125678468744 0.19546676725986936 0.18074064116898694
38 380 0.19847986045166402 0 0 0.16942001007166738 0.15878745945683245 0.17082088504328366 0.15003897159357893 0.16245595861335285 0.1875474825035977 0.15669350103082366 0.15711603817392394 0.16299801365024846 0.15656551961747817
39 390 0.19107164819659664 0 0 0.16279488975322548 0.1494476245151304 0.16252714914603156 0.14067122510194716 0.15529605613432762 0.1800277773831061 0.15128020357132269 0.15370943388239533 0.1558354009978394 0.14994239918857458
40 400 0.19434338202293697 0 0 0.16726702214759623 0.15416324295911343 0.16444798402160699 0.14111661112426618 0.158037451191407 0.1804015495989199 0.15138997243757177 0.15914473805553306 0.15418245902975453 0.1552191680750942
41 410 0.1786702018453645 0 0 0.15309715452263387 0.14178870764365994 0.15007975715936825 0.12710319415779525 0.1430557435285895 0.1666890088717236 0.1376238184630029 0.14563927594748263 0.14281535696955205 0.13951900882810503
42 420 0.15961805499238152 0 0 0.13390710016026097 0.1279803705167458 0.13151138746271082 0.11412337468676945 0.12785622539107075 0.14579811923593813 0.11963885052705431 0.12787679031084384 0.12529763748915324 0.12374809813990416
43 430 0.15261831199639214 0 0 0.12552407834324963 0.12305822874091751 0.12245239586650543 0.1145255807423327 0.12029892285969625 0.13530798827454357 0.11366721641599392 0.12152055203978523 0.116850711991 0.116770710814486
44 440 0.14527252785906808 0 0 0.11576726028871694 0.11728321594126709 0.11604479941919388 0.11016388874477574 0.11362714740944035 0.12812051737128127 0.10576359335629106 0.11793580796706811 0.11088484349556672 0.11106811913282412
45 450 0.14538558158752626 0 0 0.12157632974996294 0.11401360792259295 0.11634728308507465 0.11095560603821254 0.11526788486499744 0.12651299142408548 0.10414855122078406 0.11473737098223419 0.11085304573278312 0.11101665689838747
46 460 0.15089605323335092 0 0 0.12749919690769748 0.11015722809843101 0.12107433236350616 0.11905984648956526 0.12333848605877698 0.13076270884540506 0.10707367748792261 0.11680608830355 0.11573264679049247 0.11222311180660932
47 470 0.14837200935549097 0 0 0.1256958766792067 0.10859103153779567 0.11921438680976147 0.11591872084027051 0.12544577961769462 0.12514727756831825 0.10323645558091557 0.11522313761001876 0.11273621583808584 0.10897660954104678
48 480 0.14053821120478271 0 0 0.11863563974796938 0.10388950557569353 0.11278325533095192 0.10978505677096319 0.11476829682266665 0.11625832982105555 0.09702907991619386 0.10810990559773488 0.10357730663193668 0.10290664983063798
49 490 0.12308301847934236 0 0 0.10205098469996378 0.0912468747613968 0.09638562004328757 0.09560829863487369 0.09845678172931199 0.10091853811685936 0.08468882931144248 0.09258804495918861 0.09024715255321414 0.08932344653900609
50 500 0.1145072575964555 0 0 0.09315254742346767 0.08752705412512486 0.08909096280721181 0.08748697843883521 0.09203623707775195 0.09079067384616356 0.07844802502399136 0.08396943980460575 0.0801150392749502 0.083314975273919
51 510 0.11208620792430703 0 0 0.08769426652528431 0.08516282948428361 0.0869854010733426 0.08437472441027176 0.0900698360985223 0.08876295368678644 0.0773742863560154 0.0799489101926255 0.0773621003258455 0.08147869131214136
