% # columns="iteration, evaluation, min max(neg(.)) min(pos(.)) max correlation, correlation matrix principle axes lengths  (sorted square roots of eigenvalues of correlation matrix)", seed=865980, Mon Mar  9 17:26:09 2020
1 10 -0.04282789818964299 -0.01025290160850082 0.01834878317593132 0.04248235734955109 0.9492805748196997 0.9734958643413935 0.9753811995777409 0.9829671013822624 0.9871591115105015 0.9949527937052964 1.0123110114680336 1.0236788100385337 1.032104737457763 1.0635944401915354
2 20 -0.04282789818964299 -0.01025290160850082 0.01834878317593132 0.04248235734955109 0.9492805748196997 0.9734958643413935 0.9753811995777409 0.9829671013822624 0.9871591115105015 0.9949527937052964 1.0123110114680336 1.0236788100385337 1.032104737457763 1.0635944401915354
3 30 -0.04282789818964299 -0.01025290160850082 0.01834878317593132 0.04248235734955109 0.9492805748196997 0.9734958643413935 0.9753811995777409 0.9829671013822624 0.9871591115105015 0.9949527937052964 1.0123110114680336 1.0236788100385337 1.032104737457763 1.0635944401915354
4 40 -0.04282789818964299 -0.01025290160850082 0.01834878317593132 0.04248235734955109 0.9492805748196997 0.9734958643413935 0.9753811995777409 0.9829671013822624 0.9871591115105015 0.9949527937052964 1.0123110114680336 1.0236788100385337 1.032104737457763 1.0635944401915354
5 50 -0.04282789818964299 -0.01025290160850082 0.01834878317593132 0.04248235734955109 0.9492805748196997 0.9734958643413935 0.9753811995777409 0.9829671013822624 0.9871591115105015 0.9949527937052964 1.0123110114680336 1.0236788100385337 1.032104737457763 1.0635944401915354
6 60 -0.04282789818964299 -0.01025290160850082 0.01834878317593132 0.04248235734955109 0.9492805748196997 0.9734958643413935 0.9753811995777409 0.9829671013822624 0.9871591115105015 0.9949527937052964 1.0123110114680336 1.0236788100385337 1.032104737457763 1.0635944401915354
7 70 -0.04282789818964299 -0.01025290160850082 0.01834878317593132 0.04248235734955109 0.9492805748196997 0.9734958643413935 0.9753811995777409 0.9829671013822624 0.9871591115105015 0.9949527937052964 1.0123110114680336 1.0236788100385337 1.032104737457763 1.0635944401915354
8 80 -0.04282789818964299 -0.01025290160850082 0.01834878317593132 0.04248235734955109 0.9492805748196997 0.9734958643413935 0.9753811995777409 0.9829671013822624 0.9871591115105015 0.9949527937052964 1.0123110114680336 1.0236788100385337 1.032104737457763 1.0635944401915354
9 90 -0.04282789818964299 -0.01025290160850082 0.01834878317593132 0.04248235734955109 0.9492805748196997 0.9734958643413935 0.9753811995777409 0.9829671013822624 0.9871591115105015 0.9949527937052964 1.0123110114680336 1.0236788100385337 1.032104737457763 1.0635944401915354
10 100 -0.04282789818964299 -0.01025290160850082 0.01834878317593132 0.04248235734955109 0.9492805748196997 0.9734958643413935 0.9753811995777409 0.9829671013822624 0.9871591115105015 0.9949527937052964 1.0123110114680336 1.0236788100385337 1.032104737457763 1.0635944401915354
11 110 -0.1829221291091841 -0.0811348497167418 0.03840040983196294 0.1111424402526589 0.8227454742851169 0.856335470909318 0.9132826616583026 0.9452693729877623 0.9646906817404379 0.994916129002519 1.0748453546288848 1.0949097838684667 1.117666357641344 1.156881914822719
12 120 -0.1829221291091841 -0.0811348497167418 0.03840040983196294 0.1111424402526589 0.8227454742851169 0.856335470909318 0.9132826616583026 0.9452693729877623 0.9646906817404379 0.994916129002519 1.0748453546288848 1.0949097838684667 1.117666357641344 1.156881914822719
13 130 -0.1829221291091841 -0.0811348497167418 0.03840040983196294 0.1111424402526589 0.8227454742851169 0.856335470909318 0.9132826616583026 0.9452693729877623 0.9646906817404379 0.994916129002519 1.0748453546288848 1.0949097838684667 1.117666357641344 1.156881914822719
14 140 -0.1829221291091841 -0.0811348497167418 0.03840040983196294 0.1111424402526589 0.8227454742851169 0.856335470909318 0.9132826616583026 0.9452693729877623 0.9646906817404379 0.994916129002519 1.0748453546288848 1.0949097838684667 1.117666357641344 1.156881914822719
15 150 -0.1829221291091841 -0.0811348497167418 0.03840040983196294 0.1111424402526589 0.8227454742851169 0.856335470909318 0.9132826616583026 0.9452693729877623 0.9646906817404379 0.994916129002519 1.0748453546288848 1.0949097838684667 1.117666357641344 1.156881914822719
16 160 -0.1829221291091841 -0.0811348497167418 0.03840040983196294 0.1111424402526589 0.8227454742851169 0.856335470909318 0.9132826616583026 0.9452693729877623 0.9646906817404379 0.994916129002519 1.0748453546288848 1.0949097838684667 1.117666357641344 1.156881914822719
17 170 -0.1829221291091841 -0.0811348497167418 0.03840040983196294 0.1111424402526589 0.8227454742851169 0.856335470909318 0.9132826616583026 0.9452693729877623 0.9646906817404379 0.994916129002519 1.0748453546288848 1.0949097838684667 1.117666357641344 1.156881914822719
18 180 -0.1829221291091841 -0.0811348497167418 0.03840040983196294 0.1111424402526589 0.8227454742851169 0.856335470909318 0.9132826616583026 0.9452693729877623 0.9646906817404379 0.994916129002519 1.0748453546288848 1.0949097838684667 1.117666357641344 1.156881914822719
19 190 -0.1829221291091841 -0.0811348497167418 0.03840040983196294 0.1111424402526589 0.8227454742851169 0.856335470909318 0.9132826616583026 0.9452693729877623 0.9646906817404379 0.994916129002519 1.0748453546288848 1.0949097838684667 1.117666357641344 1.156881914822719
20 200 -0.1829221291091841 -0.0811348497167418 0.03840040983196294 0.1111424402526589 0.8227454742851169 0.856335470909318 0.9132826616583026 0.9452693729877623 0.9646906817404379 0.994916129002519 1.0748453546288848 1.0949097838684667 1.117666357641344 1.156881914822719
21 210 -0.17286489375244196 -0.07807543860025802 0.03334952826822503 0.12445653380231333 0.8007340381550614 0.8715998460774803 0.8937210674950953 0.9302095274526893 0.9824828876659144 1.0261080402520026 1.027186695788018 1.0948300585036066 1.142518007178082 1.1652589842820449
22 220 -0.17286489375244196 -0.07807543860025802 0.03334952826822503 0.12445653380231333 0.8007340381550614 0.8715998460774803 0.8937210674950953 0.9302095274526893 0.9824828876659144 1.0261080402520026 1.027186695788018 1.0948300585036066 1.142518007178082 1.1652589842820449
23 230 -0.17286489375244196 -0.07807543860025802 0.03334952826822503 0.12445653380231333 0.8007340381550614 0.8715998460774803 0.8937210674950953 0.9302095274526893 0.9824828876659144 1.0261080402520026 1.027186695788018 1.0948300585036066 1.142518007178082 1.1652589842820449
24 240 -0.17286489375244196 -0.07807543860025802 0.03334952826822503 0.12445653380231333 0.8007340381550614 0.8715998460774803 0.8937210674950953 0.9302095274526893 0.9824828876659144 1.0261080402520026 1.027186695788018 1.0948300585036066 1.142518007178082 1.1652589842820449
25 250 -0.17286489375244196 -0.07807543860025802 0.03334952826822503 0.12445653380231333 0.8007340381550614 0.8715998460774803 0.8937210674950953 0.9302095274526893 0.9824828876659144 1.0261080402520026 1.027186695788018 1.0948300585036066 1.142518007178082 1.1652589842820449
26 260 -0.17286489375244196 -0.07807543860025802 0.03334952826822503 0.12445653380231333 0.8007340381550614 0.8715998460774803 0.8937210674950953 0.9302095274526893 0.9824828876659144 1.0261080402520026 1.027186695788018 1.0948300585036066 1.142518007178082 1.1652589842820449
27 270 -0.17286489375244196 -0.07807543860025802 0.03334952826822503 0.12445653380231333 0.8007340381550614 0.8715998460774803 0.8937210674950953 0.9302095274526893 0.9824828876659144 1.0261080402520026 1.027186695788018 1.0948300585036066 1.142518007178082 1.1652589842820449
28 280 -0.17286489375244196 -0.07807543860025802 0.03334952826822503 0.12445653380231333 0.8007340381550614 0.8715998460774803 0.8937210674950953 0.9302095274526893 0.9824828876659144 1.0261080402520026 1.027186695788018 1.0948300585036066 1.142518007178082 1.1652589842820449
29 290 -0.17286489375244196 -0.07807543860025802 0.03334952826822503 0.12445653380231333 0.8007340381550614 0.8715998460774803 0.8937210674950953 0.9302095274526893 0.9824828876659144 1.0261080402520026 1.027186695788018 1.0948300585036066 1.142518007178082 1.1652589842820449
30 300 -0.17286489375244196 -0.07807543860025802 0.03334952826822503 0.12445653380231333 0.8007340381550614 0.8715998460774803 0.8937210674950953 0.9302095274526893 0.9824828876659144 1.0261080402520026 1.027186695788018 1.0948300585036066 1.142518007178082 1.1652589842820449
31 310 -0.22984052220154777 -0.11517983149994555 0.060995235976585425 0.2321885312386614 0.6814444841958875 0.8232259682642533 0.8780572774899302 0.8843984728289742 0.9290157349120972 0.990577066620758 1.0229820703217574 1.1188184582585798 1.2117597437952075 1.301485798150468
32 320 -0.22984052220154777 -0.11517983149994555 0.060995235976585425 0.2321885312386614 0.6814444841958875 0.8232259682642533 0.8780572774899302 0.8843984728289742 0.9290157349120972 0.990577066620758 1.0229820703217574 1.1188184582585798 1.2117597437952075 1.301485798150468
33 330 -0.22984052220154777 -0.11517983149994555 0.060995235976585425 0.2321885312386614 0.6814444841958875 0.8232259682642533 0.8780572774899302 0.8843984728289742 0.9290157349120972 0.990577066620758 1.0229820703217574 1.1188184582585798 1.2117597437952075 1.301485798150468
34 340 -0.22984052220154777 -0.11517983149994555 0.060995235976585425 0.2321885312386614 0.6814444841958875 0.8232259682642533 0.8780572774899302 0.8843984728289742 0.9290157349120972 0.990577066620758 1.0229820703217574 1.1188184582585798 1.2117597437952075 1.301485798150468
35 350 -0.22984052220154777 -0.11517983149994555 0.060995235976585425 0.2321885312386614 0.6814444841958875 0.8232259682642533 0.8780572774899302 0.8843984728289742 0.9290157349120972 0.990577066620758 1.0229820703217574 1.1188184582585798 1.2117597437952075 1.301485798150468
36 360 -0.22984052220154777 -0.11517983149994555 0.060995235976585425 0.2321885312386614 0.6814444841958875 0.8232259682642533 0.8780572774899302 0.8843984728289742 0.9290157349120972 0.990577066620758 1.0229820703217574 1.1188184582585798 1.2117597437952075 1.301485798150468
37 370 -0.22984052220154777 -0.11517983149994555 0.060995235976585425 0.2321885312386614 0.6814444841958875 0.8232259682642533 0.8780572774899302 0.8843984728289742 0.9290157349120972 0.990577066620758 1.0229820703217574 1.1188184582585798 1.2117597437952075 1.301485798150468
38 380 -0.22984052220154777 -0.11517983149994555 0.060995235976585425 0.2321885312386614 0.6814444841958875 0.8232259682642533 0.8780572774899302 0.8843984728289742 0.9290157349120972 0.990577066620758 1.0229820703217574 1.1188184582585798 1.2117597437952075 1.301485798150468
39 390 -0.22984052220154777 -0.11517983149994555 0.060995235976585425 0.2321885312386614 0.6814444841958875 0.8232259682642533 0.8780572774899302 0.8843984728289742 0.9290157349120972 0.990577066620758 1.0229820703217574 1.1188184582585798 1.2117597437952075 1.301485798150468
40 400 -0.22984052220154777 -0.11517983149994555 0.060995235976585425 0.2321885312386614 0.6814444841958875 0.8232259682642533 0.8780572774899302 0.8843984728289742 0.9290157349120972 0.990577066620758 1.0229820703217574 1.1188184582585798 1.2117597437952075 1.301485798150468
41 410 -0.3222961104277565 -0.1002015187070535 0.05097246815286882 0.19558826172226199 0.6493908756622834 0.7862739893890941 0.8215890320119725 0.8951823878002496 0.9329038127160969 0.9916046665930109 1.027261111081546 1.1795332331747874 1.2417407129163152 1.2812615986047342
42 420 -0.3222961104277565 -0.1002015187070535 0.05097246815286882 0.19558826172226199 0.6493908756622834 0.7862739893890941 0.8215890320119725 0.8951823878002496 0.9329038127160969 0.9916046665930109 1.027261111081546 1.1795332331747874 1.2417407129163152 1.2812615986047342
43 430 -0.3222961104277565 -0.1002015187070535 0.05097246815286882 0.19558826172226199 0.6493908756622834 0.7862739893890941 0.8215890320119725 0.8951823878002496 0.9329038127160969 0.9916046665930109 1.027261111081546 1.1795332331747874 1.2417407129163152 1.2812615986047342
44 440 -0.3222961104277565 -0.1002015187070535 0.05097246815286882 0.19558826172226199 0.6493908756622834 0.7862739893890941 0.8215890320119725 0.8951823878002496 0.9329038127160969 0.9916046665930109 1.027261111081546 1.1795332331747874 1.2417407129163152 1.2812615986047342
45 450 -0.3222961104277565 -0.1002015187070535 0.05097246815286882 0.19558826172226199 0.6493908756622834 0.7862739893890941 0.8215890320119725 0.8951823878002496 0.9329038127160969 0.9916046665930109 1.027261111081546 1.1795332331747874 1.2417407129163152 1.2812615986047342
46 460 -0.3222961104277565 -0.1002015187070535 0.05097246815286882 0.19558826172226199 0.6493908756622834 0.7862739893890941 0.8215890320119725 0.8951823878002496 0.9329038127160969 0.9916046665930109 1.027261111081546 1.1795332331747874 1.2417407129163152 1.2812615986047342
47 470 -0.3222961104277565 -0.1002015187070535 0.05097246815286882 0.19558826172226199 0.6493908756622834 0.7862739893890941 0.8215890320119725 0.8951823878002496 0.9329038127160969 0.9916046665930109 1.027261111081546 1.1795332331747874 1.2417407129163152 1.2812615986047342
48 480 -0.3222961104277565 -0.1002015187070535 0.05097246815286882 0.19558826172226199 0.6493908756622834 0.7862739893890941 0.8215890320119725 0.8951823878002496 0.9329038127160969 0.9916046665930109 1.027261111081546 1.1795332331747874 1.2417407129163152 1.2812615986047342
49 490 -0.3222961104277565 -0.1002015187070535 0.05097246815286882 0.19558826172226199 0.6493908756622834 0.7862739893890941 0.8215890320119725 0.8951823878002496 0.9329038127160969 0.9916046665930109 1.027261111081546 1.1795332331747874 1.2417407129163152 1.2812615986047342
50 500 -0.3222961104277565 -0.1002015187070535 0.05097246815286882 0.19558826172226199 0.6493908756622834 0.7862739893890941 0.8215890320119725 0.8951823878002496 0.9329038127160969 0.9916046665930109 1.027261111081546 1.1795332331747874 1.2417407129163152 1.2812615986047342
51 510 -0.44704653852043624 -0.10868350194536308 0.06438324331117315 0.21803475578939274 0.6368313897596379 0.7670945179429304 0.8240357042955689 0.8496609738101304 0.9432910802570026 0.971278951333838 1.0182693730223853 1.1607864847003073 1.2647631614813368 1.3371419790185672
52 520 -0.44704653852043624 -0.10868350194536308 0.06438324331117315 0.21803475578939274 0.6368313897596379 0.7670945179429304 0.8240357042955689 0.8496609738101304 0.9432910802570026 0.971278951333838 1.0182693730223853 1.1607864847003073 1.2647631614813368 1.3371419790185672
53 530 -0.44704653852043624 -0.10868350194536308 0.06438324331117315 0.21803475578939274 0.6368313897596379 0.7670945179429304 0.8240357042955689 0.8496609738101304 0.9432910802570026 0.971278951333838 1.0182693730223853 1.1607864847003073 1.2647631614813368 1.3371419790185672
54 540 -0.44704653852043624 -0.10868350194536308 0.06438324331117315 0.21803475578939274 0.6368313897596379 0.7670945179429304 0.8240357042955689 0.8496609738101304 0.9432910802570026 0.971278951333838 1.0182693730223853 1.1607864847003073 1.2647631614813368 1.3371419790185672
55 550 -0.44704653852043624 -0.10868350194536308 0.06438324331117315 0.21803475578939274 0.6368313897596379 0.7670945179429304 0.8240357042955689 0.8496609738101304 0.9432910802570026 0.971278951333838 1.0182693730223853 1.1607864847003073 1.2647631614813368 1.3371419790185672
56 560 -0.44704653852043624 -0.10868350194536308 0.06438324331117315 0.21803475578939274 0.6368313897596379 0.7670945179429304 0.8240357042955689 0.8496609738101304 0.9432910802570026 0.971278951333838 1.0182693730223853 1.1607864847003073 1.2647631614813368 1.3371419790185672
57 570 -0.44704653852043624 -0.10868350194536308 0.06438324331117315 0.21803475578939274 0.6368313897596379 0.7670945179429304 0.8240357042955689 0.8496609738101304 0.9432910802570026 0.971278951333838 1.0182693730223853 1.1607864847003073 1.2647631614813368 1.3371419790185672
58 580 -0.44704653852043624 -0.10868350194536308 0.06438324331117315 0.21803475578939274 0.6368313897596379 0.7670945179429304 0.8240357042955689 0.8496609738101304 0.9432910802570026 0.971278951333838 1.0182693730223853 1.1607864847003073 1.2647631614813368 1.3371419790185672
59 590 -0.44704653852043624 -0.10868350194536308 0.06438324331117315 0.21803475578939274 0.6368313897596379 0.7670945179429304 0.8240357042955689 0.8496609738101304 0.9432910802570026 0.971278951333838 1.0182693730223853 1.1607864847003073 1.2647631614813368 1.3371419790185672
60 600 -0.44704653852043624 -0.10868350194536308 0.06438324331117315 0.21803475578939274 0.6368313897596379 0.7670945179429304 0.8240357042955689 0.8496609738101304 0.9432910802570026 0.971278951333838 1.0182693730223853 1.1607864847003073 1.2647631614813368 1.3371419790185672
61 610 -0.4312296988536777 -0.11211345891893233 0.07111712756136501 0.22552524810151572 0.6772382242585436 0.7429504590926533 0.8108441202930052 0.8759829994986005 0.8799435076638548 0.9843976106326812 1.058226234842813 1.1706064280808255 1.214886253978491 1.362023709020556
62 620 -0.4312296988536777 -0.11211345891893233 0.07111712756136501 0.22552524810151572 0.6772382242585436 0.7429504590926533 0.8108441202930052 0.8759829994986005 0.8799435076638548 0.9843976106326812 1.058226234842813 1.1706064280808255 1.214886253978491 1.362023709020556
63 630 -0.4312296988536777 -0.11211345891893233 0.07111712756136501 0.22552524810151572 0.6772382242585436 0.7429504590926533 0.8108441202930052 0.8759829994986005 0.8799435076638548 0.9843976106326812 1.058226234842813 1.1706064280808255 1.214886253978491 1.362023709020556
64 640 -0.4312296988536777 -0.11211345891893233 0.07111712756136501 0.22552524810151572 0.6772382242585436 0.7429504590926533 0.8108441202930052 0.8759829994986005 0.8799435076638548 0.9843976106326812 1.058226234842813 1.1706064280808255 1.214886253978491 1.362023709020556
65 650 -0.4312296988536777 -0.11211345891893233 0.07111712756136501 0.22552524810151572 0.6772382242585436 0.7429504590926533 0.8108441202930052 0.8759829994986005 0.8799435076638548 0.9843976106326812 1.058226234842813 1.1706064280808255 1.214886253978491 1.362023709020556
66 660 -0.4312296988536777 -0.11211345891893233 0.07111712756136501 0.22552524810151572 0.6772382242585436 0.7429504590926533 0.8108441202930052 0.8759829994986005 0.8799435076638548 0.9843976106326812 1.058226234842813 1.1706064280808255 1.214886253978491 1.362023709020556
67 670 -0.4312296988536777 -0.11211345891893233 0.07111712756136501 0.22552524810151572 0.6772382242585436 0.7429504590926533 0.8108441202930052 0.8759829994986005 0.8799435076638548 0.9843976106326812 1.058226234842813 1.1706064280808255 1.214886253978491 1.362023709020556
68 680 -0.4312296988536777 -0.11211345891893233 0.07111712756136501 0.22552524810151572 0.6772382242585436 0.7429504590926533 0.8108441202930052 0.8759829994986005 0.8799435076638548 0.9843976106326812 1.058226234842813 1.1706064280808255 1.214886253978491 1.362023709020556
69 690 -0.4312296988536777 -0.11211345891893233 0.07111712756136501 0.22552524810151572 0.6772382242585436 0.7429504590926533 0.8108441202930052 0.8759829994986005 0.8799435076638548 0.9843976106326812 1.058226234842813 1.1706064280808255 1.214886253978491 1.362023709020556
70 700 -0.4312296988536777 -0.11211345891893233 0.07111712756136501 0.22552524810151572 0.6772382242585436 0.7429504590926533 0.8108441202930052 0.8759829994986005 0.8799435076638548 0.9843976106326812 1.058226234842813 1.1706064280808255 1.214886253978491 1.362023709020556
71 710 -0.36118459191596114 -0.11220387641889977 0.07391997839135257 0.22846004591691849 0.6910830006389538 0.7810029538513579 0.8003897729683872 0.8436335915091075 0.885080437925933 0.9890680677411173 1.0823773640857801 1.1470691426139854 1.2111888770979906 1.3580085973423388
72 720 -0.36118459191596114 -0.11220387641889977 0.07391997839135257 0.22846004591691849 0.6910830006389538 0.7810029538513579 0.8003897729683872 0.8436335915091075 0.885080437925933 0.9890680677411173 1.0823773640857801 1.1470691426139854 1.2111888770979906 1.3580085973423388
73 730 -0.36118459191596114 -0.11220387641889977 0.07391997839135257 0.22846004591691849 0.6910830006389538 0.7810029538513579 0.8003897729683872 0.8436335915091075 0.885080437925933 0.9890680677411173 1.0823773640857801 1.1470691426139854 1.2111888770979906 1.3580085973423388
74 740 -0.36118459191596114 -0.11220387641889977 0.07391997839135257 0.22846004591691849 0.6910830006389538 0.7810029538513579 0.8003897729683872 0.8436335915091075 0.885080437925933 0.9890680677411173 1.0823773640857801 1.1470691426139854 1.2111888770979906 1.3580085973423388
75 750 -0.36118459191596114 -0.11220387641889977 0.07391997839135257 0.22846004591691849 0.6910830006389538 0.7810029538513579 0.8003897729683872 0.8436335915091075 0.885080437925933 0.9890680677411173 1.0823773640857801 1.1470691426139854 1.2111888770979906 1.3580085973423388
76 760 -0.36118459191596114 -0.11220387641889977 0.07391997839135257 0.22846004591691849 0.6910830006389538 0.7810029538513579 0.8003897729683872 0.8436335915091075 0.885080437925933 0.9890680677411173 1.0823773640857801 1.1470691426139854 1.2111888770979906 1.3580085973423388
77 770 -0.36118459191596114 -0.11220387641889977 0.07391997839135257 0.22846004591691849 0.6910830006389538 0.7810029538513579 0.8003897729683872 0.8436335915091075 0.885080437925933 0.9890680677411173 1.0823773640857801 1.1470691426139854 1.2111888770979906 1.3580085973423388
78 780 -0.36118459191596114 -0.11220387641889977 0.07391997839135257 0.22846004591691849 0.6910830006389538 0.7810029538513579 0.8003897729683872 0.8436335915091075 0.885080437925933 0.9890680677411173 1.0823773640857801 1.1470691426139854 1.2111888770979906 1.3580085973423388
79 790 -0.36118459191596114 -0.11220387641889977 0.07391997839135257 0.22846004591691849 0.6910830006389538 0.7810029538513579 0.8003897729683872 0.8436335915091075 0.885080437925933 0.9890680677411173 1.0823773640857801 1.1470691426139854 1.2111888770979906 1.3580085973423388
80 800 -0.36118459191596114 -0.11220387641889977 0.07391997839135257 0.22846004591691849 0.6910830006389538 0.7810029538513579 0.8003897729683872 0.8436335915091075 0.885080437925933 0.9890680677411173 1.0823773640857801 1.1470691426139854 1.2111888770979906 1.3580085973423388
81 810 -0.2731138691640441 -0.11632307033879577 0.09375191234152276 0.24154113899249371 0.6468711586888242 0.7875643531739377 0.8222664086156368 0.8526154006435992 0.9244821754137518 1.020958527645422 1.1028612124871928 1.1397567878857637 1.2062229927926922 1.3003380790402888
82 820 -0.2731138691640441 -0.11632307033879577 0.09375191234152276 0.24154113899249371 0.6468711586888242 0.7875643531739377 0.8222664086156368 0.8526154006435992 0.9244821754137518 1.020958527645422 1.1028612124871928 1.1397567878857637 1.2062229927926922 1.3003380790402888
83 830 -0.2731138691640441 -0.11632307033879577 0.09375191234152276 0.24154113899249371 0.6468711586888242 0.7875643531739377 0.8222664086156368 0.8526154006435992 0.9244821754137518 1.020958527645422 1.1028612124871928 1.1397567878857637 1.2062229927926922 1.3003380790402888
84 840 -0.2731138691640441 -0.11632307033879577 0.09375191234152276 0.24154113899249371 0.6468711586888242 0.7875643531739377 0.8222664086156368 0.8526154006435992 0.9244821754137518 1.020958527645422 1.1028612124871928 1.1397567878857637 1.2062229927926922 1.3003380790402888
85 850 -0.2731138691640441 -0.11632307033879577 0.09375191234152276 0.24154113899249371 0.6468711586888242 0.7875643531739377 0.8222664086156368 0.8526154006435992 0.9244821754137518 1.020958527645422 1.1028612124871928 1.1397567878857637 1.2062229927926922 1.3003380790402888
86 860 -0.2731138691640441 -0.11632307033879577 0.09375191234152276 0.24154113899249371 0.6468711586888242 0.7875643531739377 0.8222664086156368 0.8526154006435992 0.9244821754137518 1.020958527645422 1.1028612124871928 1.1397567878857637 1.2062229927926922 1.3003380790402888
87 870 -0.2731138691640441 -0.11632307033879577 0.09375191234152276 0.24154113899249371 0.6468711586888242 0.7875643531739377 0.8222664086156368 0.8526154006435992 0.9244821754137518 1.020958527645422 1.1028612124871928 1.1397567878857637 1.2062229927926922 1.3003380790402888
88 880 -0.2731138691640441 -0.11632307033879577 0.09375191234152276 0.24154113899249371 0.6468711586888242 0.7875643531739377 0.8222664086156368 0.8526154006435992 0.9244821754137518 1.020958527645422 1.1028612124871928 1.1397567878857637 1.2062229927926922 1.3003380790402888
89 890 -0.2731138691640441 -0.11632307033879577 0.09375191234152276 0.24154113899249371 0.6468711586888242 0.7875643531739377 0.8222664086156368 0.8526154006435992 0.9244821754137518 1.020958527645422 1.1028612124871928 1.1397567878857637 1.2062229927926922 1.3003380790402888
90 900 -0.2731138691640441 -0.11632307033879577 0.09375191234152276 0.24154113899249371 0.6468711586888242 0.7875643531739377 0.8222664086156368 0.8526154006435992 0.9244821754137518 1.020958527645422 1.1028612124871928 1.1397567878857637 1.2062229927926922 1.3003380790402888
