% # columns="iteration, evaluation, sigma, void, void,  stds==sigma*sqrt(diag(C))", seed=865980, Mon Mar  9 17:26:09 2020, <python>{}</python>
1 10 0.1777984339073807 0 0 0.17731009734359138 0.177083200877994 0.1723804780307773 0.17524762919034514 0.17617353393043889 0.17860032451577562 0.17665031435978526 0.1760080895673511 0.17603670166287413 0.17497243082247252
2 20 0.18014111683416398 0 0 0.17385660413566753 0.17970614375724364 0.1754954879682047 0.17561695287974763 0.1783288060951005 0.19136352717891744 0.17996974560544163 0.17739729634154822 0.1805473594489483 0.17405702619688262
3 30 0.16384652694100313 0 0 0.15540741374665556 0.16165039746288465 0.1574770868679791 0.1576002903325403 0.16285629671535248 0.17536212280550137 0.16087584088105578 0.15768160583837476 0.16263751311124464 0.15651664481208005
4 40 0.14861355283127894 0 0 0.140193913733273 0.1451337957118752 0.13871482583994474 0.1407380173980904 0.14985941942951936 0.15705593957647243 0.14731809706117757 0.13918691504117972 0.1452773978647042 0.14144389105582814
5 50 0.13018080496074624 0 0 0.12120051753042048 0.12862561478132295 0.12207954699996694 0.12236091414976603 0.12951988766514932 0.13220841597711358 0.12814295724749666 0.12203983394708456 0.12379859731178634 0.12298685179145212
6 60 0.1198042282645021 0 0 0.11212560924134822 0.11806269785577943 0.10851372368814528 0.1115894089183105 0.11880065260420948 0.12220053542662303 0.11467582383240157 0.11162680949613432 0.11139891428484626 0.11260752231066709
7 70 0.11179737753184578 0 0 0.10513270057362857 0.1093567970768856 0.10016524939553544 0.10063030603038009 0.11000594415689774 0.1152078492120751 0.10624768916877195 0.10396494503232323 0.10586959861957183 0.10354378796720379
8 80 0.10153414747102125 0 0 0.09184616959200721 0.09866426051824263 0.09074090061963047 0.09084205365763175 0.09987858665162912 0.10215298537969633 0.09565726622714375 0.0937222024680341 0.09516238918922841 0.0945915934673295
9 90 0.0983147637969286 0 0 0.08629821902291895 0.09512540885286662 0.08812574695957287 0.0879298889467329 0.09827823478453812 0.0994857856136163 0.09226992411947664 0.09041241604899705 0.09140254396075469 0.08981212605514742
10 100 0.09109283112152089 0 0 0.0799447609321906 0.08795059302996157 0.08178060835378148 0.08128095186562137 0.08985623170230973 0.09027876713491297 0.08322928501301574 0.08486286370771012 0.08384813989934664 0.08197796281638976
11 110 0.08300976958406556 0 0 0.07253449041993296 0.07926617837007618 0.07407116421997677 0.07363947956820277 0.08210203985404003 0.08041609022405669 0.07452396031677003 0.07766833700416413 0.07435618321259156 0.07434316310577675
12 120 0.07279559158244646 0 0 0.06366651906404099 0.06830557890387776 0.06436341639278896 0.06261421015836424 0.07166220972294461 0.07104040685171864 0.06546352008866103 0.06452825076523956 0.06330107491657398 0.06618610421061176
13 130 0.06476198318664267 0 0 0.0542405715758339 0.060769747493705485 0.05756336494340249 0.054213157352838756 0.06464206769986967 0.06319421214478885 0.058246008880343855 0.057044653190022616 0.0545815695090573 0.05816387702430321
14 140 0.061120176364424676 0 0 0.04964796099565426 0.056249324091033455 0.05440593449180653 0.05104903337237668 0.06211300983553889 0.05962438249994091 0.05149334190263796 0.053609095717913384 0.05134549499756171 0.05503189614967522
15 150 0.06012258066712199 0 0 0.049146786807396065 0.054976390699603944 0.053894458511126155 0.04922073466072414 0.06198870854972049 0.05788114917502347 0.04905657792693572 0.05152612317103643 0.04953909587126226 0.05387353860949302
16 160 0.05583974588718035 0 0 0.045957780498157706 0.05091663606264622 0.05007416480302375 0.04605868705876624 0.056914825261759686 0.052775947687107694 0.045160475199629554 0.04709249621700917 0.04502190871611415 0.0488593789020763
17 170 0.05186806748722644 0 0 0.042436296511976654 0.04650364618048516 0.04445515269674684 0.041902191454563364 0.052966560421696195 0.04787126462283455 0.0418812600076563 0.04322085305950919 0.04185486683953173 0.04520811715312316
18 180 0.04843364960122909 0 0 0.0390899050177531 0.043321660948490354 0.04166027587498856 0.038130854776101446 0.05053095381611461 0.042959399020789484 0.038370001476415984 0.039776805965464755 0.03880222195444404 0.04205940201708812
19 190 0.048917257450908684 0 0 0.03932689375290253 0.04448230819452439 0.04274787760985718 0.037743895579092954 0.050990165164295456 0.04292727141174274 0.03883411927467033 0.03914846643110064 0.03929061971276215 0.0416929327113635
20 200 0.047677363395294096 0 0 0.03860991595057813 0.042160967801352915 0.0414735109663182 0.03632831321074059 0.04921807660417914 0.041838803607981916 0.037126510406320874 0.038210258029083274 0.03699750949162041 0.04088384911155199
21 210 0.04640723167137638 0 0 0.03713754701523503 0.04076663683920537 0.04098345122696262 0.03539306681547859 0.04776033368989077 0.0398865831436396 0.03604025605601058 0.03690989085238599 0.035733363380815016 0.040359291038555734
22 220 0.04377223175488462 0 0 0.0345015006224796 0.03839563711810654 0.03785701981959079 0.03365257789563288 0.04517479142800964 0.03686282090996259 0.033542061647981354 0.03413318682886422 0.032748356943120824 0.03789060155714749
23 230 0.03863963449026132 0 0 0.030198966263935086 0.033703102694222185 0.032009060080123254 0.029491241899468244 0.03905040468624164 0.032172297218221256 0.029576093110400478 0.029578628019442253 0.028679466667645127 0.03358517253016774
24 240 0.035841431494945133 0 0 0.027073436575548657 0.03160800740067403 0.02962168361077209 0.026656020757828202 0.03597658459618784 0.030061916858233402 0.027386665311090772 0.02730017922052929 0.026694580873450724 0.03080624984929528
25 250 0.03360529309688647 0 0 0.025440814095535298 0.02938052834155392 0.02785929244771335 0.02557421803626847 0.034012148255640445 0.027856503883663647 0.025446736563710007 0.02513072129163545 0.024432879456075904 0.028684400253130387
26 260 0.030608941881902857 0 0 0.023748039955733543 0.025876149278269738 0.024517960233188134 0.023473181035332438 0.03056934071775784 0.02520908098242403 0.023547995965263205 0.022818636992112538 0.02228568341936996 0.025426265120497397
27 270 0.02928690846546308 0 0 0.02190384355007316 0.024774695717851188 0.02335627423499421 0.022215503652364306 0.030231847742025458 0.02440064062823453 0.022188467369074587 0.022125550359315408 0.020301908324613625 0.023790915304355575
28 280 0.02676295104838993 0 0 0.01969741826465374 0.022614495897221105 0.020360881653998346 0.020173016178689298 0.027738594251544298 0.022067175915970738 0.020090315630623443 0.019917454546792716 0.018425175817908 0.02174280969331935
29 290 0.025035100366925307 0 0 0.01886108327755884 0.02093917115119664 0.01870453758140553 0.018351788074875083 0.02560670158305099 0.020580782487720075 0.018714892810372172 0.01876101182990711 0.017083620966024855 0.01992652149672208
30 300 0.024671290997991053 0 0 0.018053956781403462 0.02050903026806595 0.018270260718914137 0.018450438532277298 0.0248307117223968 0.019899101950497683 0.018772791069590327 0.01881017069087725 0.016727584455250778 0.019736869278940177
31 310 0.02490178403450624 0 0 0.017689119692136997 0.020394096363338696 0.018263933650350186 0.019015470279742323 0.02464197368954108 0.019720482966773045 0.01900933774603465 0.018759539332760616 0.017005024139065843 0.02003455219706128
32 320 0.02460059265319542 0 0 0.017424730534387742 0.020272736794726687 0.018117522239084312 0.018829481807593574 0.02406528194965932 0.018795128940059618 0.01822395921109305 0.018948152504060255 0.01728001961023164 0.019648822594369113
33 330 0.022780381672314144 0 0 0.01616571897199298 0.018431848420154932 0.016964508708029416 0.01730342406960336 0.021555568484581726 0.017356165503990145 0.016953598200118453 0.017433052362735284 0.01571602898365784 0.01831736187254123
34 340 0.022705395480815998 0 0 0.016125000895786636 0.01823810631752026 0.016464308619950737 0.017062969739160747 0.021546418443043974 0.017147445871479445 0.0173709691957595 0.017293622104814596 0.015409387302994362 0.018145827070426567
35 350 0.022929406804256477 0 0 0.0161596205226055 0.01845266745644541 0.016499401589397954 0.01737564723601822 0.020933851581093926 0.01752158687562483 0.017435362149377458 0.017354877412310225 0.015665091710008173 0.01824574876666043
36 360 0.021276052891403156 0 0 0.014854476382946935 0.016783619702014224 0.01481818237430201 0.015874024315350316 0.019340031730366955 0.016108565322937654 0.015991599712284733 0.016436778597356285 0.014202798400369051 0.01689090887183781
37 370 0.020406777705880733 0 0 0.013923794951017063 0.01622358937236088 0.014336491649579761 0.01530501819267773 0.018615652201910478 0.0149998700900638 0.015252927023105527 0.015569440779609237 0.013799838062776465 0.01569020713906147
38 380 0.02090209710102236 0 0 0.014571977817798136 0.0169818583301498 0.014717284310489548 0.015652572298297165 0.01799524416920835 0.015598472782848278 0.015404982062829847 0.0155848076191296 0.014174570000999748 0.015852334243890383
39 390 0.01970755212228162 0 0 0.01321515378813718 0.015812394866454766 0.01396833454575992 0.014851206008618568 0.016685130191950438 0.014884981628171076 0.014447754404200094 0.014171110891658088 0.013284532284410183 0.014711528764021365
40 400 0.0184652597912581 0 0 0.011899997992213456 0.014637977579608557 0.013085792343843664 0.013638632022903212 0.015516501810048055 0.01402154243189901 0.013311418003402332 0.013304495340228354 0.012319690622450377 0.013574961083072642
41 410 0.017160754125671456 0 0 0.011004067570942699 0.01323323147874676 0.011966594698840715 0.012582029936826777 0.014478754118274052 0.012621120466454883 0.01211739688304221 0.012333477189153315 0.011467685728551332 0.01251748131635034
42 420 0.016695347604242683 0 0 0.010817804002222271 0.01289201184349902 0.011591253497742994 0.012151758564007747 0.013954054684612246 0.011717635353259844 0.011434798053011975 0.012011206037328704 0.011407540245220026 0.012140339315384538
43 430 0.017538928918095945 0 0 0.011450711860541463 0.013388895007645256 0.012082701535064933 0.013011890975853226 0.014230128219828919 0.012504078172863989 0.01180066686185995 0.012628427241563753 0.012208714451854756 0.012652865581525098
44 440 0.01685247697370547 0 0 0.011229299941999496 0.01281371575223382 0.011650203502162351 0.012011617804653183 0.01364689496502933 0.011803183631983297 0.011296298038318041 0.01210233487043485 0.011422976690386506 0.011740066442286404
45 450 0.016471790027441483 0 0 0.011348435250196815 0.012423369508756232 0.011321084351642228 0.011798360067282842 0.01355032299972148 0.010821208540096843 0.011013598434899994 0.011656578346277195 0.01078298334718481 0.011414945115298588
46 460 0.015574149723495686 0 0 0.010934826067150766 0.011728539923256846 0.010421340242755324 0.01095002110472193 0.012882432131867995 0.010057271104122743 0.010173900392462003 0.01086309687806808 0.009848088892761772 0.01068530904912277
47 470 0.01521467679295596 0 0 0.010940484865399632 0.012130746610477002 0.010181472453473535 0.010554654472055188 0.012472709862225661 0.009902647071449005 0.009843625205541641 0.010325786526330552 0.009687289231994826 0.010095158171989853
48 480 0.014059421493002204 0 0 0.009924621181633099 0.011170846616976498 0.009311842864491389 0.009751983025135438 0.011324852178490438 0.00889984389275837 0.009041625566098842 0.009382075573108143 0.009057336005340083 0.009277301604765918
49 490 0.012502113032537548 0 0 0.008743688855783789 0.009490060155064914 0.008143602982040558 0.008643907799056477 0.010064301504480047 0.007934979429392214 0.008109588569287673 0.008189994119699727 0.008053910512605407 0.008087790718287512
50 500 0.011223813750009071 0 0 0.007808374943223713 0.008655222481217056 0.00725811584345165 0.007661953845452248 0.008970426221549421 0.007029964376949425 0.007129284919047791 0.007184228544001427 0.007143739622969395 0.007078699097509823
51 510 0.01060435684392979 0 0 0.007352310664380474 0.008215992091436454 0.006908854481311919 0.007206319175323325 0.008485949117362468 0.0065708377469387265 0.006473984552971624 0.00675507285974296 0.006691028588926089 0.006449382480400902
52 520 0.01013713779814437 0 0 0.0070439982817928 0.0075992110858517205 0.006699452571779762 0.006570419337013412 0.008120830369498745 0.006315821722584551 0.006130114223762423 0.006348881116086968 0.00624137610808227 0.006235686568293982
53 530 0.009417237735995456 0 0 0.006369095974246449 0.006988826939577669 0.006261384358499775 0.005927135588040274 0.007265654964953573 0.005882739907746567 0.0056866219208261655 0.005751580756182459 0.0057073334085247125 0.0058360305046486465
54 540 0.008725564311018228 0 0 0.005908327831315398 0.006557912740061179 0.005749636190443645 0.005512808352981112 0.006776444326252709 0.005347166298576196 0.005243722714658929 0.005199182055874798 0.005216298255382636 0.005333509877143642
55 550 0.008765529575391885 0 0 0.005910063392025986 0.006455622339215958 0.005897765153600801 0.005549582472032418 0.006807327614454248 0.00538428925126 0.005288584707497738 0.004903171699786527 0.005255601956170506 0.005204655337405747
56 560 0.008284672191703278 0 0 0.005507794570956403 0.00598881048074406 0.005439108889967751 0.005240258150324452 0.006400200168034261 0.004994758697516131 0.0049414712562150555 0.004571873433084691 0.004922321939375233 0.004931162903464175
57 570 0.007959882162575106 0 0 0.005182692044272559 0.005786564700413513 0.0052009225485332745 0.005008839410850285 0.006154419728788138 0.004745207430998954 0.004642355890248051 0.004360514732046158 0.004748346753992194 0.004657124298024657
58 580 0.007224992276689409 0 0 0.004685715650873805 0.005286308458208413 0.004683132066430212 0.004454934617873651 0.005380264676546231 0.004329710923127053 0.004171294090681926 0.003848164427150638 0.0042954196266247946 0.004250653138622102
59 590 0.006814042771373723 0 0 0.004385513243785122 0.005057259137229026 0.0043419565184671825 0.004079270891994411 0.004957117883059661 0.00396141668795409 0.003980910745660831 0.0035305261190573755 0.004036868876553144 0.004029233385600989
60 600 0.0059147655165475285 0 0 0.0037922609731748627 0.004315868189181604 0.0036919761773074183 0.0034382811400207394 0.004280912747709775 0.0034207666425946598 0.0034840460955503838 0.0029471133466911596 0.0035021109876766546 0.0034534663280333094
61 610 0.005230030809047558 0 0 0.0032686268588070382 0.003816357949076446 0.003252941684675788 0.002938125897709278 0.0038169564592053142 0.0030029719722100387 0.003024123744670365 0.00256807006092092 0.003098926828426409 0.0029766143045145657
62 620 0.00477684741569727 0 0 0.002908231385963743 0.003463623780084249 0.002905101864903953 0.0026677081404099237 0.0034570789806274566 0.0027234989078986473 0.0027435820087179817 0.0023194816317654355 0.0028242166084737038 0.002718032260500513
63 630 0.0045523377768980095 0 0 0.0027423214565424994 0.003314663610012576 0.0027521050220331053 0.0025220710752523446 0.0032445261284519576 0.0026159846314236256 0.0025623730644791206 0.0021144598111838744 0.0026167803751081763 0.0025851780268838823
64 640 0.004391101139860267 0 0 0.002604002027968036 0.0031911533060279226 0.0026516820198532955 0.002471327539529564 0.0031144396688436303 0.0025256479771309003 0.0024457947137514827 0.0020116828554912884 0.0024573051573151122 0.0024850993886188187
65 650 0.004300748681374883 0 0 0.0025334955391336134 0.0031405792638170456 0.002582095324709712 0.0023533402668008967 0.003017740297200444 0.0024671547387973003 0.002445465739244462 0.0019210462222648077 0.0023693250341787877 0.0023877475475145202
66 660 0.003993652917029856 0 0 0.0023259869272564777 0.002853062984781186 0.0023803426292635607 0.002184897370762201 0.0027548352284601624 0.002255945970276683 0.0022563250755583885 0.0017525827553267514 0.002179914966370143 0.002231865277942124
67 670 0.0038631108975359825 0 0 0.002210577770285274 0.002738842121787781 0.002290728396839918 0.0021072290767492445 0.0026160846526696925 0.00221470210582143 0.002158308970406643 0.0016654550615298116 0.0020975147206284506 0.0021473486222288456
68 680 0.00383554911583539 0 0 0.0021731717875718127 0.0027296448100993295 0.0022460294985134654 0.002056760026992284 0.002515665081387625 0.002173264367775775 0.002145891433508784 0.001643344650821006 0.002096543442430936 0.002144026330468543
69 690 0.004104320271990547 0 0 0.002304507287581334 0.0028635669915061312 0.0023547403348390724 0.0021983013731502504 0.002694731307795565 0.0023338930038636634 0.0022120842012537494 0.001745812270892949 0.0022324251008540037 0.0025293504736566643
70 700 0.004148911360843179 0 0 0.0023543936207373823 0.0028899951641880705 0.0023571790890789435 0.0022816283950199846 0.002607956219871016 0.0023548632850103244 0.0022116226214795353 0.0017390330064491913 0.0022040127564509327 0.0025788802924828266
71 710 0.003914063332559899 0 0 0.002246829117466954 0.0026773177429085604 0.002173984684340655 0.0021176534203349415 0.002463644464465232 0.0022123825861096176 0.0020499653788569527 0.0016718708771517189 0.0020759582571860924 0.002397385186312526
72 720 0.0037330661344863385 0 0 0.0021469433450526606 0.0025518516683534186 0.0020709133013381547 0.002018915818120355 0.0022952213410246457 0.002129825547464611 0.0019391951373359815 0.001593775137891903 0.0019296977303562282 0.0022052200696510323
73 730 0.0036417824771538044 0 0 0.002151621181006137 0.0024775110648603237 0.0020200751376095024 0.0019290315614380578 0.0021976139830555087 0.00208454799454117 0.0018649102726345822 0.0015613007772068619 0.0018198722680344479 0.0020961556753110156
74 740 0.003733175322555788 0 0 0.0021835875925719146 0.002544179464020555 0.0020978095091633174 0.001957256299345096 0.002181308517097214 0.0020852719558048538 0.0019705692760729997 0.0016434131475339794 0.001862466573067199 0.0021737160148442175
75 750 0.0038144551044360414 0 0 0.0022481654502909424 0.002597485183359218 0.002120364025808901 0.0019514082713053913 0.0022181369860976925 0.00212725047966485 0.001987379030196774 0.0016719669290392674 0.0018764379019680197 0.0021958417624576595
76 760 0.00369073199766307 0 0 0.0021634925947405692 0.0024786556240964756 0.0020120258948882024 0.001823039847483392 0.002129968043365717 0.002013410977386213 0.0019744960392364427 0.0016135829128916953 0.0017799741933661308 0.0022148112331258716
77 770 0.0035396364664296667 0 0 0.002071804012396617 0.002244622097459717 0.0019146130452769936 0.001789676049812761 0.002038895978399406 0.0019275677709722193 0.001898630678678404 0.0014842637835252208 0.0017110198813528724 0.002138127957476202
78 780 0.00323120341170922 0 0 0.0018674356176916146 0.002031348065297702 0.0017572461706441588 0.001607523740902927 0.0018319221462453658 0.00170820652539428 0.0017148392019389815 0.0013286844800095667 0.0015512860576130832 0.001939619045581006
79 790 0.003042236134099194 0 0 0.0017600655492772245 0.0018897790950957647 0.0016220944184588493 0.0015268579723490404 0.001642230109738013 0.0016200619196452578 0.0016551106888235607 0.0012415065186759146 0.0014390310795315804 0.0017909938293154903
80 800 0.0030033593639792527 0 0 0.0017390750989576406 0.0018303655927052085 0.0016106875483091854 0.0015071712437015748 0.0015854290757292416 0.001647055953989925 0.0015912385354538553 0.0012165699528004432 0.001419628246707345 0.0017472077162408448
81 810 0.0028151311452587913 0 0 0.001626886688987414 0.001662074138462448 0.0015207516659544139 0.0014107907230771549 0.0014732975663494256 0.0015606575088984098 0.0015096394941071297 0.0010990780892075488 0.0012918185780551447 0.0016123065689940702
82 820 0.0027110122338205355 0 0 0.0015418143057496184 0.0015862599257071002 0.0014831306093063465 0.0013074056187147927 0.0014278837015106816 0.0014822553093298847 0.001456545021927923 0.001038530314862566 0.0012268819965192239 0.0015335470626696665
83 830 0.0025524112879601836 0 0 0.00140209745561573 0.0014778360169432517 0.0014143806431287363 0.001231354910465394 0.0013368196996926104 0.001398870964111237 0.0013469440842856035 0.0009688623509153942 0.0011307023030948545 0.001432185798123066
84 840 0.0024405513206378127 0 0 0.0013458839715308909 0.0013713826438752814 0.0013470336636875707 0.0011726177205206457 0.0012916737240435908 0.0012445514749406955 0.0012811018198807143 0.0009224778920548474 0.0010801870354538103 0.001353483380832135
85 850 0.0022974118869540645 0 0 0.0012625704968616774 0.0012548518008768613 0.00125727230909286 0.0010700799992936867 0.0012137754972183573 0.001193393968101107 0.0011969282705223765 0.0008746312395734771 0.0010343508958744686 0.0012633551542594647
86 860 0.002180121425785008 0 0 0.0011661905834872582 0.001179239331219659 0.0011640182720665524 0.000972147330866909 0.0011583182141622142 0.0011084659737290723 0.0011290423925485998 0.0008295613698807223 0.0009701598497445222 0.0012015212638996921
87 870 0.002136075489045681 0 0 0.0011450627378847872 0.00113952576334747 0.0011296616623092217 0.000950510935452545 0.001126777837806072 0.0010475837347098354 0.0011018649753187705 0.0008098987611861432 0.0009908494532089229 0.001182075464146096
88 880 0.001967710295538083 0 0 0.001044850542363553 0.001037314765912901 0.0010333580888150598 0.0008747410381796898 0.0010224089897979413 0.0009602611755426748 0.0010014348125955384 0.000736709849399752 0.000885290903167623 0.0010810428652525631
89 890 0.0018204626864762917 0 0 0.0009568944929751821 0.0009555772393767773 0.0009384306297976487 0.0008044923252800634 0.0009329974558561573 0.000856794113431245 0.0009172740443935278 0.0006881038582163366 0.0008004664887328397 0.0010016358906582462
90 900 0.0016369884486392928 0 0 0.0008584109107979638 0.0008472429374736748 0.000843523300760854 0.0006917574583475868 0.0008447016034307798 0.000760992118515267 0.000792811292076284 0.0006109971881354544 0.0007284034092606382 0.0008926981493331845
