% # columns="iter, evals, sigma, 0, fitness, xbest" seed=1089939, Wed Mar 11 16:01:03 2020, <python>{}</python>
1 10 0.17284188652158708 0 0.009666113929267733 -0.2879658856359226 0.10337685440453535 -0.0007336132249790326 0.08728596164482866 0.07349027773341131 0.1831643641420354 0.008496410439921422 0.15733352597660358 0.0398241926996271 -0.04356921094807117
2 20 0.1517649230972259 0 0.0021572146227089722 0.08735505936227862 0.06439218575702342 -0.09103237888279815 0.09635590527804208 0.05253403417067819 0.08093601280708074 0.15664507148028475 -0.05982220312516259 0.034384495485600845 0.24392337445505427
3 30 0.13731611298182053 0 -0.0001001863355595473 0.11733554898068345 -0.03909502484623308 0.11369789624685993 -0.06728324744892408 -0.020650495991420884 -0.04176300747396087 0.09428841958371126 -0.13172169306921866 0.06562153333787478 0.14854955250367086
4 40 0.13209552306800693 0 0.0027135301942991757 0.2551686341310114 0.08233315066909885 -0.09914850349287627 -0.010935514647412178 -0.12979939585193695 -0.10898764514596315 0.3112530248685825 0.13081153431677708 0.07863946012965728 0.1961965491535132
5 50 0.12477490459120795 0 -0.0002200772250470312 -0.002245562297090581 0.05131258654025439 -0.029731597170357605 0.17460345223045123 -0.04358754148144096 0.09181968390538428 0.21439678696632597 -0.012703853197136489 0.026313780759833906 0.24326027190905825
6 60 0.11640857040081128 0 -0.0011007044656919968 0.15838413666469453 0.14042674202353295 -0.019576764551623962 0.0757148038882641 -0.041354434532592826 -0.03496372456972367 0.21173326144585494 0.0328909841944791 0.0977634104110164 0.06341619516572647
7 70 0.10884522617763549 0 -0.000500390276114544 0.10744035544112084 0.19447897806096812 -8.941286265198162e-05 0.1157490881518358 0.06373075056403232 0.009232516235205237 -0.024207164528160796 -0.0908160605136598 0.11779041609248148 0.12024772498237407
8 80 0.1090834253894717 0 -0.0002014191995870669 0.45172700731287435 0.21240380511628792 0.2587704117536295 0.09206303765746437 0.04437344281586307 -0.011445247411808211 0.2536898455645432 0.004709682508071869 0.046338692654215474 0.1686091747265229
9 90 0.09763913793744748 0 -0.0005293056079434085 0.28620978392525076 0.027947789543175616 0.2004649727999944 0.11763718227736286 -0.05485353579956795 -0.021030411163164144 0.160203110069445 0.0361483261627379 0.08312490326423602 0.11866433738934568
10 100 0.09090230312528434 0 -0.0023365244957104384 0.10369166307035922 0.06533352875816902 0.1077672277979771 0.06608697435096131 0.026715776222320835 -0.01854921549930211 0.1270371445854573 0.2643558764598888 0.11958951432089757 0.1265544269806952
11 110 0.08643571702712764 0 -0.004508103586261243 0.17749933140184543 0.03395136763005186 0.10133777902190505 0.25848704198582845 0.021181937940433406 -0.024606305558468697 0.13860916722002814 0.158616816064164 0.1279511134723663 0.2101362501208628
12 120 0.08484944912135432 0 -0.004554685605757811 0.09554307349365872 0.06618260795766728 0.13652161905093335 0.19010217992171927 0.16561981369073842 0.15080342056685492 0.10830388167872443 0.23866194077260616 0.10358055172778505 0.10177597186667103
13 130 0.07971799893614591 0 -0.0054223570865080855 0.09946723851574243 0.13462132260578621 0.16484997199405457 0.16525795317580308 0.06680805652894974 0.09207205332411393 0.14303071124646208 0.20098711173515074 0.20246050607610683 0.12387727046171136
14 140 0.08298194321119386 0 -0.006344292288656574 0.03311874391193301 0.014071259147163992 0.19649183022879183 0.14751974232138917 0.17942075320704481 0.225843205999493 0.08344433949195772 0.1548346853131135 0.17500153835509993 0.2270427549720622
15 150 0.07772053456693637 0 -0.004883265499310841 0.09745195786519965 0.04297675257388864 0.1371567971112029 0.19768489814051435 0.16747384498918425 0.1192988949329397 0.20320797420041475 0.2010046466086516 0.15998426009032535 0.21620385701836953
16 160 0.07872517620902306 0 -0.004543884568199494 0.09962505084927863 0.24162578044742655 0.08827443676211066 0.07019427505760824 0.26170667749800314 0.08632781435557703 0.16022533593451369 0.1380585145889141 0.2393301077559336 0.14679425844566463
17 170 0.07632500000683584 0 -0.002705083498716683 0.1685874274430525 0.21223957146628514 0.10415470713371137 0.0125638347339503 0.17645146480958918 0.11412445113786691 0.0545744068765929 0.1921014519943289 0.15156797033602726 0.20637113533401347
18 180 0.07244526392949491 0 -0.0026414110209599887 0.04856224587661073 0.19379749903995713 0.11285587776105899 0.13244790546202573 0.04843672346905194 0.2111023180067445 0.09153345927466204 0.16498532725331622 0.19914815390934265 0.1701255592775099
19 190 0.06583678090130626 0 -0.002324313871061371 0.11519635285049902 0.08256683254662917 0.15607073947535866 0.24512313503439614 0.15865881914528324 0.1144036578556856 0.06764005296753986 0.1574833247421014 0.18251385997992572 0.20030781640920498
20 200 0.060650665962018 0 -0.002348664358233354 0.09779779310323826 0.14929679678120406 0.1236858402202083 0.19472971367858802 0.12465338652600087 0.07841191898347968 0.1493174629376412 0.05715911983982762 0.16415132168697755 0.20333356778125927
21 210 0.05709732497890445 0 -0.001383419407228211 0.15850399127922477 0.09075068789227005 0.13537462324476748 0.19350703139101333 0.10657838019435782 0.1337240063528168 0.212428255290678 0.14824618709602827 0.2146883208809205 0.1467575892225622
22 220 0.05428098812168829 0 -0.0016128696058308526 0.18989217811785897 0.1721623296270924 0.1323384739629114 0.17658310190186555 0.13872343448254898 0.08689851528806777 0.18484708226639612 0.1454886029098304 0.14188612292491784 0.10878586941142464
23 230 0.05274461835692821 0 -0.002403685160946373 0.1800241711656465 0.1096478332781477 0.18100525856003943 0.18694226540839984 0.18849566139195267 0.104533125964722 0.20299687077464626 0.1586453839548901 0.1604898831240594 0.11177200788376873
24 240 0.04866018498109677 0 -0.0025863143701040157 0.1427797321403038 0.22430732431661538 0.12585579249916395 0.1575620334085111 0.190415915954319 0.1295790210107603 0.22093187331852976 0.14294789474765798 0.16877443580792625 0.1946665793177155
25 250 0.04540652290523685 0 -0.002569016744873257 0.16814649520708047 0.16819806625736966 0.13496862703276905 0.19884009562150085 0.17178985321547666 0.13045604737628821 0.21440122559401287 0.1539253025997171 0.2523632460272362 0.1502974886417555
26 260 0.041934446664857114 0 -0.002630875887243528 0.18971308332011433 0.17993242495133024 0.1870158333027405 0.1719511816056637 0.12603892786954304 0.1472801275839247 0.20738800378758462 0.15990266882761411 0.232086267582668 0.1755914631096099
27 270 0.039584002480447765 0 -0.0022863522716818933 0.18411299597766603 0.15009213171226107 0.18684924195920571 0.2341308255986682 0.18609548739392906 0.15408473814356377 0.19701915179144458 0.13263903956322357 0.19316466795500892 0.217130135761254
28 280 0.03752679834947824 0 -0.0026587049421670514 0.18590859758934888 0.18706082738375435 0.15744937936988132 0.18751960962619174 0.12833495730656955 0.18696107525499267 0.1684599172231093 0.1795440430153808 0.23261355443438517 0.19021049264137033
29 290 0.03683911949025019 0 -0.0029483358313748833 0.1918033281855876 0.21599390691352113 0.20527273213252742 0.18701338949428575 0.16217728790635702 0.17936394667466202 0.1947492610412466 0.15938868654911165 0.22665239666497977 0.18351363067181103
30 300 0.03516077879282038 0 -0.004151656046917288 0.19571214541717802 0.1968606115087441 0.19950993077917553 0.2046691218663852 0.16531607373951107 0.16105816365400125 0.1908306730024221 0.16444852414554298 0.22548894923388751 0.17360690307931934
31 310 0.034577314251584376 0 -0.0037875000311540933 0.23376314127625292 0.21395671000749733 0.18347961451029657 0.19253331150179057 0.1352652707518101 0.2166161057411251 0.19002166566419168 0.16450151315608463 0.20931799259814937 0.20221021804224987
32 320 0.03294130111656255 0 -0.004430686870411925 0.20816452822424727 0.21351736264194285 0.21896594471786102 0.23111414589779053 0.1715405504453227 0.19476587906016002 0.181297798235441 0.16685066054101183 0.22893123323941314 0.19574498113985264
33 330 0.03111741137783216 0 -0.005012667572156384 0.21664195995890478 0.1534208870340371 0.21003784882098117 0.2416494991174949 0.18677880346277306 0.20967210347824602 0.20099030749445257 0.19235112291357293 0.20766913581194701 0.19410786210521414
34 340 0.0297870192637858 0 -0.004327317605286144 0.20068684698777947 0.1694793434058436 0.19070558908264498 0.25017675185162347 0.1791622127406334 0.21593473721722226 0.2127780914147413 0.22930521238174087 0.22423749040062405 0.17424267862151557
35 350 0.02873498188820744 0 -0.0034605332535331585 0.20198298855454183 0.1899920962974766 0.2027712019485107 0.23785087811228045 0.20493447043377624 0.18702790391577218 0.18622601242289125 0.21337278130218545 0.23371636484246713 0.16454718068355118
36 360 0.027239134230184432 0 -0.0036149630773163887 0.20469005171462148 0.192213710595449 0.20700755482215455 0.25214354527758287 0.18876100168032495 0.1833220259347345 0.19249272469347622 0.22860449002521127 0.1817835984643591 0.201720673210579
37 370 0.02766185509399078 0 -0.004133548569262162 0.22385692282804623 0.2001763503666079 0.21845028550488166 0.2502137687750318 0.19722213706226915 0.21951716437672375 0.17496288110840014 0.24581406668199515 0.23239990892228363 0.1989922663403874
38 380 0.02738858741970958 0 -0.004125147064363683 0.2508775501207185 0.2172319544300256 0.20985680866763373 0.2263338009158908 0.16739959362420934 0.18809102440916947 0.2073992301835484 0.23989578859673874 0.2302733842540001 0.22573763498648816
39 390 0.027215377152217547 0 -0.0038567145101501567 0.2187659171328563 0.22794886459143135 0.19343688512235024 0.24562145325448712 0.19160672366103326 0.16881941074044776 0.2083045425645332 0.25200282636405924 0.21572090762480448 0.2427571130905084
40 400 0.02597144842044946 0 -0.004361980841500699 0.2193522980416679 0.22670411164626222 0.21611653645536247 0.22698800983987333 0.2016426874010481 0.21722726988651153 0.18762472503154018 0.26726190401431676 0.21499844969906284 0.21537949069466567
41 410 0.0257438982241417 0 -0.004325384828030337 0.22524814606815213 0.22344067365290887 0.23588436313773556 0.24869310757782176 0.2279450443372722 0.21505299809146466 0.18173994891613696 0.26051303315607965 0.1980949714469084 0.24330298500279537
42 420 0.02440898756695446 0 -0.0046676544063239496 0.23209539031271081 0.235693206333576 0.21497687476049107 0.2575029394859078 0.21127379322534262 0.1972358421021231 0.19640333588348488 0.19911525587853354 0.22391472643647903 0.21332575614337054
43 430 0.024896693400055157 0 -0.004550363046749927 0.23554111037044936 0.21815683684379078 0.24638685440756883 0.25049657625400223 0.19591949608756246 0.22306772451692386 0.2380525492282928 0.19072418509536418 0.20686991289681173 0.21244573379028292
44 440 0.025111055731897185 0 -0.004475966176566498 0.23255820671844848 0.22118664130214313 0.27002187222751595 0.2370124370039015 0.2038738663933903 0.2075535303627774 0.21273439615755826 0.23675767183263827 0.20914846961159933 0.23380146886821995
45 450 0.025235789215170643 0 -0.004438643760793606 0.23190604825834144 0.23893542274315605 0.27238231527490187 0.2377281183785174 0.22658848140915 0.24609457011609165 0.21387196781911938 0.23788121125649328 0.2186371349611202 0.21042522834058322
46 460 0.02525609322719445 0 -0.004962184653641306 0.2383112736267706 0.2511546471075465 0.2471388912799856 0.2568027980522818 0.20973261210751828 0.20791881103029383 0.19335755322684342 0.23957219738458854 0.25027771643642416 0.24008050159298402
47 470 0.024148076285462353 0 -0.004594579994010107 0.22030757639757925 0.23608629370297793 0.2625091271923836 0.262891782930642 0.19884523978670404 0.2277989591184194 0.20939291857765593 0.23424237037738715 0.2294160749076826 0.25719166779003344
48 480 0.022153223526932483 0 -0.004505758682418011 0.21716197615714591 0.23176332865964616 0.26212640099219175 0.253980440955432 0.23260361908337698 0.20922517087692535 0.18949541992574576 0.2387641966827291 0.24151360477774717 0.24697127088489895
49 490 0.021618458393337356 0 -0.0044971779719437605 0.23797466800104425 0.24513138577963176 0.23601164795935095 0.2436753245596311 0.22715766413238322 0.22215684091542295 0.21259718736269523 0.22562600662854482 0.21781228537935 0.23763302710402565
50 500 0.021377494193123882 0 -0.004513966467985991 0.2299101469619296 0.23669374131349807 0.23998342738022452 0.2346957570888227 0.2617914598471936 0.2183586112529633 0.2208391825636318 0.23048477078600343 0.2163725589806265 0.23004510487409735
51 510 0.022800240243779076 0 -0.004745881783452986 0.2492212323766754 0.23327285174420878 0.24576684779091137 0.21910698382246893 0.24078143330704635 0.22219981002747458 0.2211097810175565 0.253729158274635 0.2337374705545556 0.2580957728314803
52 520 0.023437800669610247 0 -0.004703295855785661 0.2334369657863247 0.2492643321488092 0.2356296154956163 0.23399486689056334 0.2570460315967528 0.23458418213363538 0.23015950486161812 0.2366868335086992 0.2388845871894846 0.24854714311002435
53 530 0.023147214343883477 0 -0.004886681936297082 0.24297542923060642 0.24283712815777636 0.24548409518653494 0.22458426257983852 0.253793047386397 0.20835591645331752 0.22948618958466868 0.2452965130877109 0.24839100959847166 0.23416570673195844
54 540 0.0213865317946465 0 -0.004739237135314213 0.2401243333993065 0.22133019174438823 0.2517485033382759 0.2454791624881142 0.2456116948123367 0.22094568180274624 0.23421706113512783 0.241952036107908 0.23078074851747327 0.26370347435570896
55 550 0.02017754700492611 0 -0.004787304471680037 0.25109430220788964 0.21953846418953785 0.23561241152729992 0.23690221441519607 0.266133284711541 0.2283169180842019 0.22338133430118567 0.24830908332727497 0.23395014573093653 0.25435498732565465
56 560 0.019933445207121585 0 -0.004797346694658095 0.2295084797105775 0.23031711715248981 0.23490429335392163 0.25239646931025134 0.24002023739667352 0.24032142620286367 0.2483792601936655 0.23821198595294057 0.22600330136430444 0.23771255124106938
57 570 0.02119776831963854 0 -0.005092510317300074 0.22381300630702503 0.21986567179503472 0.2687146069625635 0.2416739369781868 0.2587397045671208 0.2501874521636539 0.2650797201286577 0.2513051737408346 0.22393329799851597 0.2393150714482731
58 580 0.020604731407054905 0 -0.005101757448649374 0.22183884394896733 0.22516051221825292 0.22361526851342436 0.25538631008978746 0.2605484595600051 0.2461666352308077 0.24356982132131524 0.2577771915855002 0.24520437578884746 0.23538679851465982
59 590 0.020944934153733896 0 -0.005055131305731543 0.23502220860753056 0.2456898033392992 0.2498930322468759 0.22650178272665566 0.25045217996563146 0.25419914291368734 0.23143504956858119 0.2628732844815402 0.2493399324480218 0.22749426387843857
60 600 0.021007041020549296 0 -0.005306166806490728 0.24941001548589956 0.2429219166992057 0.24185588521627255 0.22822923169231116 0.26578681397008586 0.2411936241522897 0.24397072892506547 0.2592082427353029 0.2635229569815171 0.2510850808070758
61 610 0.021377594139993773 0 -0.005077064866527024 0.2457394871776684 0.24968910516119217 0.2462106006959205 0.24233082748577311 0.24722507094442453 0.2625665905577939 0.24261002805079304 0.2611341234100039 0.24891780186644064 0.2330084565053354
62 620 0.020241858600027297 0 -0.005076261732574272 0.2612879615194771 0.2472865727670068 0.24457465323614735 0.25162416626195017 0.25923001630081743 0.2546830996336611 0.25051089212186495 0.24688894207797765 0.2582385732098142 0.2379850257974368
63 630 0.01945867287677949 0 -0.005017229673101813 0.25484221525533274 0.25664967457267807 0.23919811154348108 0.2461958278666017 0.25178685109660054 0.24458510932585653 0.24112650826202747 0.2331214324032183 0.25938033629244683 0.26958049745867185
64 640 0.018698749410599246 0 -0.005004529681976261 0.2519696752682578 0.2572072748878125 0.23383719209359394 0.2591675143754782 0.274386675947408 0.24795516210373234 0.2327915065418036 0.2410685544302829 0.24619510060418065 0.2540920920050536
65 650 0.017855522142188936 0 -0.005081976760137542 0.24338105965522935 0.25683222852129717 0.23303314587514132 0.2546602291681444 0.25931263646361 0.25196795004664524 0.24344085697293455 0.23645285974023647 0.2571781942310011 0.26163054650355383
66 660 0.01700759521695073 0 -0.005321398956519546 0.2549235707702999 0.25588580750269374 0.25129393336504247 0.2509965383009045 0.2571196749890791 0.2656243220556462 0.2472073065300187 0.247670771166129 0.24029032990115953 0.25377514764674725
67 670 0.015634338321851675 0 -0.005322113346685725 0.24460519637937123 0.2541182732884082 0.2533408041791518 0.25205858335295256 0.24301893437335495 0.261595871943778 0.24953150853547115 0.25776268604672375 0.24831605045992597 0.26153359009598626
68 680 0.01506027672869795 0 -0.00524040970600034 0.2589512982475741 0.26174507714961004 0.2510419217821631 0.25734138755993585 0.2472469116310419 0.25922280176119356 0.24477519695038408 0.2553015451691348 0.25016246823931243 0.25181514845933567
69 690 0.014554751707583836 0 -0.005275170184365099 0.266757804621539 0.2589734734771842 0.2607680988694052 0.2571812318514538 0.25814221158585626 0.2643179132824282 0.24882604126661928 0.23774306372672083 0.2546666524342072 0.23532058547751766
70 700 0.013550680886865016 0 -0.005285736000297237 0.25635366310446 0.2602213759763786 0.2572078522947885 0.2520306498067824 0.24439137075261222 0.2652756258957408 0.252559025828271 0.2519574733681516 0.25362131629132234 0.24426454344041465
71 710 0.012681949435901525 0 -0.005374010200249566 0.2532605264279246 0.25288108880013754 0.2569606952381277 0.25620550384616914 0.25984780023858556 0.26678394110710285 0.25713738544196346 0.2563700756260698 0.2559479690434459 0.24357257810545724
72 720 0.01195711502191321 0 -0.005371856552875593 0.2551401431168686 0.25929816308056164 0.25241418949180144 0.2600149777933939 0.2579986751408723 0.26414239632927033 0.2472838569104304 0.25026373669467694 0.24357834543496062 0.2503511677740449
73 730 0.011599670867828163 0 -0.005432633615403876 0.26147325200612026 0.2684565341661562 0.25186616993282773 0.26286429825597424 0.2615664690178052 0.25719121844399817 0.24806028993039755 0.24641116921034825 0.24289919259669732 0.26082073341594764
74 740 0.01066614001985204 0 -0.005465338154347085 0.2645761150117086 0.2620346817006185 0.2479506328228581 0.2582320719178288 0.2511388106876099 0.25535343561250334 0.24350952951897847 0.2611334401747364 0.25392420154703155 0.25390530667697414
75 750 0.009710195079925866 0 -0.0054398750526189485 0.26322776563560546 0.2558438795872638 0.2475701509598861 0.26092420009448847 0.2600681459363658 0.2514376241844375 0.2558686793074569 0.2514489896170809 0.24842634815908507 0.25493471933231465
76 760 0.009354214911435382 0 -0.005553263506369748 0.2633415983712516 0.25169385452467113 0.2556986333797033 0.258690339229905 0.25645503699851985 0.25255783174363783 0.24760582238813159 0.2566182029660753 0.25772528228246405 0.2537499589068512
77 770 0.009385149671082353 0 -0.005505755052490921 0.26140188814580706 0.24879529502722275 0.2538866692939935 0.25473643989628725 0.26240010524158097 0.24662792626819582 0.2630516768334249 0.2598763679796716 0.26149099977375323 0.2541889857711082
78 780 0.0088278736738749 0 -0.005476015692991038 0.26688693148425835 0.25503753035762 0.2544796449392487 0.25693945788839867 0.2518294367186577 0.2590541724710412 0.2493565507110994 0.2542931902854353 0.26351845544813207 0.2539979303668314
79 790 0.008534382420275002 0 -0.005611836813208373 0.266397565106329 0.2608413517446118 0.25061911035909945 0.24965876651775262 0.24948124730736201 0.26107834585986406 0.26145754368327007 0.26233354541368725 0.2549811582050325 0.2547495016309096
80 800 0.007717783049368137 0 -0.005595590059575237 0.2682031172186676 0.25780188959509226 0.2523971610777183 0.24923183091357903 0.2538649275850214 0.2580643241907318 0.25631768496061763 0.2599185333631482 0.26102247266932627 0.2571304389410669
81 810 0.006802002753134523 0 -0.005680684977792032 0.2666449616839102 0.2539377692939196 0.2536530527968429 0.25362706433779497 0.2593531644870412 0.25748662710857895 0.25520455555223565 0.26031813394280184 0.2546831511392137 0.2546813716828515
82 820 0.006553762961160782 0 -0.0057295256477179705 0.2639540636000921 0.2599636268825557 0.2565975762350737 0.252834868585296 0.25626778858332483 0.2607216766678578 0.25376838777378335 0.2593305594051997 0.25627564507800776 0.26104015488348836
83 830 0.007000892945145245 0 -0.005729135281888766 0.2696277276469897 0.2557163803808808 0.255007551738131 0.2617247729728629 0.26221755233409905 0.258328473202388 0.25850085522582217 0.2582602998508942 0.2602602703936794 0.2591022523394594
84 840 0.006668769748104464 0 -0.005686809399141565 0.26281125720586407 0.25937307884008975 0.25775447246019734 0.2567161385727436 0.2555409310341141 0.25272311787374646 0.2570816833208978 0.2653753942739451 0.26306499533133576 0.25846533438322045
85 850 0.006679123743422183 0 -0.005719457145491345 0.26263419497971807 0.2567971487929588 0.25976611792140764 0.2578590582109129 0.25344148276468786 0.26128300427767376 0.25544195352093785 0.26067840578270723 0.26032545944001245 0.264968663728972
86 860 0.006427736989419045 0 -0.00572717854711988 0.2648630989761465 0.2553158971378442 0.25652030577241586 0.26588075593994337 0.2609925143246598 0.25769250859953935 0.26007649634369495 0.2585368851825826 0.26016009155991204 0.2605059600149606
87 870 0.006520494219302721 0 -0.005726716997085493 0.26579512557047474 0.25772162799081777 0.25650509265914917 0.2565380147111882 0.2620242756714175 0.2668087103512688 0.2585466095805277 0.2579904600217897 0.2614991664621013 0.25732655327525517
88 880 0.006336249909443506 0 -0.0057688816980778655 0.2664241053091013 0.2599519917383549 0.2576623618570829 0.263441771747 0.257314266356444 0.25973482768653616 0.2645626762568976 0.2618633156117869 0.2602195896210201 0.2610595180048963
89 890 0.006303450458853298 0 -0.005840244373480602 0.2647243147319463 0.26353546773895253 0.2606616832296084 0.2616916354455062 0.2573851515095077 0.26329985414672624 0.2578475317041137 0.25672193654448633 0.2564296991676482 0.2613474760975782
90 900 0.006245903369413471 0 -0.0058246370734979045 0.26650232206336977 0.26096365802368726 0.2618752158263798 0.2638884743245423 0.25804709755564864 0.2656073199567941 0.26210843841805137 0.2531483445404983 0.2628234295330715 0.2619134710379017
91 910 0.0061258998860458675 0 -0.005837655930976662 0.26747529767797396 0.26479030431312317 0.26349866789448073 0.26006047563169377 0.25871162077971294 0.2609379836380931 0.2656577638089294 0.2557984894519944 0.2638517069993417 0.2629418490992366
92 920 0.005790873791839789 0 -0.005806083364559521 0.26442715991387555 0.26058543246214716 0.2612822963038244 0.2623303916128865 0.25631186535165207 0.2596930331867313 0.26648750605483296 0.26037367684587603 0.2663553894062466 0.261146655797989
93 930 0.0054853171829854375 0 -0.005860408568365737 0.2643739562180427 0.2568358451928938 0.26864362854493334 0.2648048772454285 0.258017421542549 0.26323405401676436 0.2669526161601938 0.25949457397625025 0.25963994932019213 0.2650962359340899
94 940 0.005300813179289558 0 -0.005840545881247796 0.26371510194828646 0.25943216290895693 0.26488240913505323 0.2619156378067267 0.25857148366621435 0.26198282910228016 0.26619040538817706 0.26020974817177983 0.2609973876162406 0.26836353195778323
95 950 0.005174424798436457 0 -0.005858201539181939 0.2635830003426487 0.25974153735913114 0.2654022596884294 0.2645190888728083 0.2597717117365835 0.2646405296410016 0.26804518986643194 0.2588915470166971 0.25841906303535006 0.26613639543518197
96 960 0.004911395038580672 0 -0.005880123652549819 0.263829143731639 0.2567915408378955 0.2668063144831106 0.2640723944106982 0.2603720901646671 0.2610007299020305 0.2688443720792413 0.2606745763341948 0.26202195955033947 0.26487079659720403
97 970 0.0048529829396476015 0 -0.005964233021251181 0.26601849646280157 0.25782184250521534 0.26700558202000396 0.27024828033562764 0.2591688366681387 0.26129601015111 0.26825018530878986 0.25953661839106573 0.2628538627280671 0.2673595065749494
98 980 0.004736023155791029 0 -0.00594719626076629 0.26461804450130394 0.2594116561256785 0.26436462016056833 0.26626595267809783 0.2573269290277313 0.2619644763731764 0.2701461078377678 0.26342222083322936 0.26488472232630517 0.26546377840580243
99 990 0.004772916546510068 0 -0.005935953954956008 0.2666631871367867 0.2583481446162692 0.2659080741865347 0.26900024289193425 0.26058521393030054 0.25969703633984137 0.2661285725278669 0.26573276019192893 0.26542958538232875 0.2640886114453429
100 1000 0.004842119037160946 0 -0.005936493939613246 0.26485605636193676 0.265593236378373 0.26384744896704226 0.26751098804054363 0.2569436550012737 0.26369508179120954 0.26512707093931054 0.2632368030705325 0.2661031184632066 0.26384973985065563
101 1010 0.005169893620908253 0 -0.00596376670689662 0.26679995526756556 0.26235691835808894 0.2676153842629867 0.2688176515693676 0.2615470330595938 0.26613934499185293 0.26338288503267393 0.2642906854662913 0.26096731158511455 0.2660568067140467
102 1020 0.005236377961195088 0 -0.0059634533826386825 0.2624122935074241 0.26062956860884307 0.26727072525477263 0.2714848388169947 0.2645609873314453 0.26318911397942596 0.26533421332033336 0.2622010301428753 0.2659250509531567 0.26394001404827644
103 1030 0.005476379684617399 0 -0.005985973100339133 0.26394212973157455 0.2643398020594349 0.2664933548104409 0.2698477477798039 0.2615337166189654 0.2631352453329728 0.2671321252358114 0.26906478870163203 0.2664576972051714 0.26113199577638657
104 1040 0.005528662526576606 0 -0.005957081718364475 0.2632041653332588 0.2656686093375499 0.2643808190220228 0.26794059993167335 0.26560288288894496 0.2606816652783248 0.2697027969167342 0.263096803609746 0.2652838501231093 0.26589403040057463
105 1050 0.0057901074108160245 0 -0.0059876597476675834 0.264139995585228 0.26565131183878893 0.26516893389050666 0.2704047993842603 0.2693151112237052 0.26484111843412905 0.26499910899482987 0.26464549337890325 0.2642123285841561 0.2608811974783449
106 1060 0.005539945560016213 0 -0.005998888196507847 0.26487500767174715 0.26451673939737885 0.26473051727973507 0.26556564400134447 0.26637644564234425 0.2628828433682399 0.2679198809261905 0.2658419208942699 0.2635589965756586 0.26246477047104505
107 1070 0.005415058666793071 0 -0.00600289697156279 0.2630167295800476 0.2637826449138562 0.2626059734746051 0.26783183130481325 0.26481566555053593 0.2679161583861343 0.2621806895277695 0.26348491255617945 0.26300895047561074 0.2653296820754741
108 1080 0.005342893025676568 0 -0.006020695176175319 0.26606125545473613 0.2600432543550085 0.26346888473079766 0.2695337558718942 0.26817480655386117 0.2653984536285229 0.2642488286527032 0.26535206749036194 0.26215514323910943 0.2639913730225228
109 1090 0.005171903600572104 0 -0.006014288665426942 0.26751936843427326 0.26140842829730204 0.2667654819189049 0.26784958637442763 0.2677304959169138 0.2624030293735069 0.26252068720003413 0.26606580005223995 0.26295533014857936 0.26341588453999715
110 1100 0.004717974095683566 0 -0.00603909512750169 0.26570199896668295 0.2618957148499299 0.26418470799978216 0.2688025904308318 0.26694264682116026 0.26868406162715724 0.2620058774640047 0.2650398854192224 0.2623941619860926 0.2642303897634708
111 1110 0.004385929229261142 0 -0.006020261778196063 0.2673867211033264 0.26159936124471894 0.2663539425304518 0.26675128660586445 0.26953861369134996 0.262091087385607 0.26708219938338995 0.2666209528719455 0.26579626212618523 0.26707365786635723
112 1120 0.004178794258560376 0 -0.0060248710604527385 0.2656492702204958 0.2624874070771015 0.2654355763614843 0.2665035666838982 0.2674617214224257 0.2682079692316929 0.2652105536062193 0.265498082575365 0.2624685958116388 0.26687287704417434
113 1130 0.004135473668798348 0 -0.00601929967630981 0.26403086796709696 0.26632330118942116 0.26660475243317305 0.269117549420929 0.2662702916787903 0.2657875670691217 0.26587930643282726 0.2634910213142179 0.26419427991509514 0.26844773464465316
114 1140 0.004096555698687104 0 -0.006034906429784381 0.2646357711423711 0.26497113002639305 0.2651252272653675 0.26687568064806094 0.2669210608278853 0.2672026352754895 0.2671884037395482 0.26323675069928454 0.2673433901131221 0.26629506336443226
115 1150 0.003956197499615703 0 -0.006066640204172456 0.2648150848375675 0.26582448742702713 0.2643261372599631 0.264716079743577 0.2670906476443684 0.2650344445884662 0.2694891918978996 0.26586467093555083 0.26526332620622534 0.26758278879936714
116 1160 0.003846657120045259 0 -0.006066660108270168 0.2652404491465841 0.2647457533509724 0.26480920162700883 0.2673499548952003 0.2657502156820879 0.26468423718545 0.2676017242791872 0.26635893520040754 0.26867046276121304 0.26918294530890347
117 1170 0.0034950956748805466 0 -0.006101311532782247 0.26550491684261435 0.2650258308982351 0.26732134046625466 0.2681923150273685 0.2672291704232301 0.265698453570289 0.2675953306318397 0.2637447705514212 0.26673131242794523 0.26687742056765446
118 1180 0.0033088760616320455 0 -0.006115849863450109 0.2661070281243604 0.26713783962384735 0.26515774654476887 0.2659611129384414 0.26735595255430444 0.26685295271125153 0.26355492055762986 0.26433606890879 0.26725783080794924 0.2665262118041763
119 1190 0.003011537979162655 0 -0.0061222947784407705 0.26629508305740474 0.2658197912431684 0.264124289902095 0.26653350732632963 0.26766138148287394 0.26578856994980465 0.2667828718995024 0.2656288166316887 0.2675908978801088 0.2671611153708247
120 1200 0.0028589366791710357 0 -0.006108837356848078 0.266491675312696 0.26707904807260424 0.26662163553084145 0.2667764043447396 0.26761065170023846 0.26839993497023557 0.2650017236997833 0.26461524518850893 0.26715059154285625 0.26686573113146606
121 1210 0.0028551686888644767 0 -0.004111958630761895 0.2679794867937307 0.2672543749154755 0.26712625503621196 0.2666941373748516 0.268468068746438 0.26452096184025103 0.2670710819978056 0.2669092078103322 0.269657924965077 0.2657439458073752
122 1220 0.0026118939431764433 0 -0.006116376148254372 0.26713162293937154 0.26635953022003606 0.26591738333162895 0.2668510782206028 0.2676858550353208 0.266104247434528 0.2658267347734403 0.2667985414218013 0.26983331507892383 0.26566971303501274
123 1230 0.002380479631865659 0 -0.006116457980634927 0.26740962507602145 0.26694916711824146 0.2669183863735622 0.26798716137497536 0.2663151113158622 0.2672484601888709 0.26498130710966095 0.26636807256172607 0.26850991541196184 0.26645607972834257
124 1240 0.0023157593314784668 0 -0.006154560063970165 0.26708531840058525 0.2652661984776459 0.26832520751926947 0.2666457343906821 0.26659124160864867 0.26711127781240684 0.2649533614783275 0.26740175408293254 0.26811183722118426 0.2663104903775176
125 1250 0.002216802587075747 0 -0.006154629905385864 0.2664202873304884 0.26749579727181516 0.26805282471996994 0.26769093948979794 0.2663198987139626 0.26816119209616307 0.2658251329778076 0.26684036510907 0.2689029244074437 0.2665319940908386
126 1260 0.002062484468428016 0 -0.006175123373654235 0.26686141103720273 0.26700776863086506 0.2668659386481185 0.26620358118198145 0.2685899464438501 0.2675421576806455 0.2665229853841789 0.2664346013263279 0.26752411702295786 0.26728836322314925
127 1270 0.0019039189062525232 0 -0.006182761700217796 0.26691402618960514 0.26666843887910485 0.2671268482297699 0.26613455575469913 0.2685081434659187 0.26618589161849493 0.26713109119529593 0.26655536099679983 0.2681119940942711 0.267419072557838
