% # columns="iteration, evaluation, min max(neg(.)) min(pos(.)) max correlation, correlation matrix principle axes lengths  (sorted square roots of eigenvalues of correlation matrix)", seed=869083, Mon Mar  9 15:11:11 2020
1 10 -0.07488354438137984 -0.025886092032777065 0.0021962383248509626 0.025753133854679665 0.9128745631466904 0.9642278426965103 0.9824859797273688 0.9912395857337825 0.9942969561425856 1.0073308159071799 1.0119969711276766 1.0200119871119224 1.0351629737677028 1.072205002454388
2 20 -0.07488354438137984 -0.025886092032777065 0.0021962383248509626 0.025753133854679665 0.9128745631466904 0.9642278426965103 0.9824859797273688 0.9912395857337825 0.9942969561425856 1.0073308159071799 1.0119969711276766 1.0200119871119224 1.0351629737677028 1.072205002454388
3 30 -0.07488354438137984 -0.025886092032777065 0.0021962383248509626 0.025753133854679665 0.9128745631466904 0.9642278426965103 0.9824859797273688 0.9912395857337825 0.9942969561425856 1.0073308159071799 1.0119969711276766 1.0200119871119224 1.0351629737677028 1.072205002454388
4 40 -0.07488354438137984 -0.025886092032777065 0.0021962383248509626 0.025753133854679665 0.9128745631466904 0.9642278426965103 0.9824859797273688 0.9912395857337825 0.9942969561425856 1.0073308159071799 1.0119969711276766 1.0200119871119224 1.0351629737677028 1.072205002454388
5 50 -0.07488354438137984 -0.025886092032777065 0.0021962383248509626 0.025753133854679665 0.9128745631466904 0.9642278426965103 0.9824859797273688 0.9912395857337825 0.9942969561425856 1.0073308159071799 1.0119969711276766 1.0200119871119224 1.0351629737677028 1.072205002454388
6 60 -0.07488354438137984 -0.025886092032777065 0.0021962383248509626 0.025753133854679665 0.9128745631466904 0.9642278426965103 0.9824859797273688 0.9912395857337825 0.9942969561425856 1.0073308159071799 1.0119969711276766 1.0200119871119224 1.0351629737677028 1.072205002454388
7 70 -0.07488354438137984 -0.025886092032777065 0.0021962383248509626 0.025753133854679665 0.9128745631466904 0.9642278426965103 0.9824859797273688 0.9912395857337825 0.9942969561425856 1.0073308159071799 1.0119969711276766 1.0200119871119224 1.0351629737677028 1.072205002454388
8 80 -0.07488354438137984 -0.025886092032777065 0.0021962383248509626 0.025753133854679665 0.9128745631466904 0.9642278426965103 0.9824859797273688 0.9912395857337825 0.9942969561425856 1.0073308159071799 1.0119969711276766 1.0200119871119224 1.0351629737677028 1.072205002454388
9 90 -0.07488354438137984 -0.025886092032777065 0.0021962383248509626 0.025753133854679665 0.9128745631466904 0.9642278426965103 0.9824859797273688 0.9912395857337825 0.9942969561425856 1.0073308159071799 1.0119969711276766 1.0200119871119224 1.0351629737677028 1.072205002454388
10 100 -0.07488354438137984 -0.025886092032777065 0.0021962383248509626 0.025753133854679665 0.9128745631466904 0.9642278426965103 0.9824859797273688 0.9912395857337825 0.9942969561425856 1.0073308159071799 1.0119969711276766 1.0200119871119224 1.0351629737677028 1.072205002454388
11 110 -0.2091243009656301 -0.10364675300388462 0.017458189952116496 0.18384038436331185 0.6943081358535496 0.8425837251238814 0.878447302000558 0.9026188891424686 0.9644801961724022 1.0280873064055192 1.034913762523724 1.0675530135495355 1.1971722728159144 1.2611405216768072
12 120 -0.2091243009656301 -0.10364675300388462 0.017458189952116496 0.18384038436331185 0.6943081358535496 0.8425837251238814 0.878447302000558 0.9026188891424686 0.9644801961724022 1.0280873064055192 1.034913762523724 1.0675530135495355 1.1971722728159144 1.2611405216768072
13 130 -0.2091243009656301 -0.10364675300388462 0.017458189952116496 0.18384038436331185 0.6943081358535496 0.8425837251238814 0.878447302000558 0.9026188891424686 0.9644801961724022 1.0280873064055192 1.034913762523724 1.0675530135495355 1.1971722728159144 1.2611405216768072
14 140 -0.2091243009656301 -0.10364675300388462 0.017458189952116496 0.18384038436331185 0.6943081358535496 0.8425837251238814 0.878447302000558 0.9026188891424686 0.9644801961724022 1.0280873064055192 1.034913762523724 1.0675530135495355 1.1971722728159144 1.2611405216768072
15 150 -0.2091243009656301 -0.10364675300388462 0.017458189952116496 0.18384038436331185 0.6943081358535496 0.8425837251238814 0.878447302000558 0.9026188891424686 0.9644801961724022 1.0280873064055192 1.034913762523724 1.0675530135495355 1.1971722728159144 1.2611405216768072
16 160 -0.2091243009656301 -0.10364675300388462 0.017458189952116496 0.18384038436331185 0.6943081358535496 0.8425837251238814 0.878447302000558 0.9026188891424686 0.9644801961724022 1.0280873064055192 1.034913762523724 1.0675530135495355 1.1971722728159144 1.2611405216768072
17 170 -0.2091243009656301 -0.10364675300388462 0.017458189952116496 0.18384038436331185 0.6943081358535496 0.8425837251238814 0.878447302000558 0.9026188891424686 0.9644801961724022 1.0280873064055192 1.034913762523724 1.0675530135495355 1.1971722728159144 1.2611405216768072
18 180 -0.2091243009656301 -0.10364675300388462 0.017458189952116496 0.18384038436331185 0.6943081358535496 0.8425837251238814 0.878447302000558 0.9026188891424686 0.9644801961724022 1.0280873064055192 1.034913762523724 1.0675530135495355 1.1971722728159144 1.2611405216768072
19 190 -0.2091243009656301 -0.10364675300388462 0.017458189952116496 0.18384038436331185 0.6943081358535496 0.8425837251238814 0.878447302000558 0.9026188891424686 0.9644801961724022 1.0280873064055192 1.034913762523724 1.0675530135495355 1.1971722728159144 1.2611405216768072
20 200 -0.2091243009656301 -0.10364675300388462 0.017458189952116496 0.18384038436331185 0.6943081358535496 0.8425837251238814 0.878447302000558 0.9026188891424686 0.9644801961724022 1.0280873064055192 1.034913762523724 1.0675530135495355 1.1971722728159144 1.2611405216768072
21 210 -0.272555470858054 -0.10042225866119966 0.015192808148394396 0.20553149771522405 0.7174733159889028 0.7677512139176709 0.8721248278612751 0.9207745177858767 0.974601118666932 1.0048158871513346 1.0596065198061773 1.0980460845646323 1.1843722308039015 1.2635868063075482
22 220 -0.272555470858054 -0.10042225866119966 0.015192808148394396 0.20553149771522405 0.7174733159889028 0.7677512139176709 0.8721248278612751 0.9207745177858767 0.974601118666932 1.0048158871513346 1.0596065198061773 1.0980460845646323 1.1843722308039015 1.2635868063075482
23 230 -0.272555470858054 -0.10042225866119966 0.015192808148394396 0.20553149771522405 0.7174733159889028 0.7677512139176709 0.8721248278612751 0.9207745177858767 0.974601118666932 1.0048158871513346 1.0596065198061773 1.0980460845646323 1.1843722308039015 1.2635868063075482
24 240 -0.272555470858054 -0.10042225866119966 0.015192808148394396 0.20553149771522405 0.7174733159889028 0.7677512139176709 0.8721248278612751 0.9207745177858767 0.974601118666932 1.0048158871513346 1.0596065198061773 1.0980460845646323 1.1843722308039015 1.2635868063075482
25 250 -0.272555470858054 -0.10042225866119966 0.015192808148394396 0.20553149771522405 0.7174733159889028 0.7677512139176709 0.8721248278612751 0.9207745177858767 0.974601118666932 1.0048158871513346 1.0596065198061773 1.0980460845646323 1.1843722308039015 1.2635868063075482
26 260 -0.272555470858054 -0.10042225866119966 0.015192808148394396 0.20553149771522405 0.7174733159889028 0.7677512139176709 0.8721248278612751 0.9207745177858767 0.974601118666932 1.0048158871513346 1.0596065198061773 1.0980460845646323 1.1843722308039015 1.2635868063075482
27 270 -0.272555470858054 -0.10042225866119966 0.015192808148394396 0.20553149771522405 0.7174733159889028 0.7677512139176709 0.8721248278612751 0.9207745177858767 0.974601118666932 1.0048158871513346 1.0596065198061773 1.0980460845646323 1.1843722308039015 1.2635868063075482
28 280 -0.272555470858054 -0.10042225866119966 0.015192808148394396 0.20553149771522405 0.7174733159889028 0.7677512139176709 0.8721248278612751 0.9207745177858767 0.974601118666932 1.0048158871513346 1.0596065198061773 1.0980460845646323 1.1843722308039015 1.2635868063075482
29 290 -0.272555470858054 -0.10042225866119966 0.015192808148394396 0.20553149771522405 0.7174733159889028 0.7677512139176709 0.8721248278612751 0.9207745177858767 0.974601118666932 1.0048158871513346 1.0596065198061773 1.0980460845646323 1.1843722308039015 1.2635868063075482
30 300 -0.272555470858054 -0.10042225866119966 0.015192808148394396 0.20553149771522405 0.7174733159889028 0.7677512139176709 0.8721248278612751 0.9207745177858767 0.974601118666932 1.0048158871513346 1.0596065198061773 1.0980460845646323 1.1843722308039015 1.2635868063075482
31 310 -0.28953720489173473 -0.0978055741866891 0.021055665770426137 0.2034426204293041 0.680922847031413 0.7950376080764332 0.9050391553175715 0.9273465516022564 0.9834730963369882 1.0115595719609685 1.027986228367021 1.0729720883065479 1.1805918103109558 1.277848922718648
32 320 -0.28953720489173473 -0.0978055741866891 0.021055665770426137 0.2034426204293041 0.680922847031413 0.7950376080764332 0.9050391553175715 0.9273465516022564 0.9834730963369882 1.0115595719609685 1.027986228367021 1.0729720883065479 1.1805918103109558 1.277848922718648
33 330 -0.28953720489173473 -0.0978055741866891 0.021055665770426137 0.2034426204293041 0.680922847031413 0.7950376080764332 0.9050391553175715 0.9273465516022564 0.9834730963369882 1.0115595719609685 1.027986228367021 1.0729720883065479 1.1805918103109558 1.277848922718648
34 340 -0.28953720489173473 -0.0978055741866891 0.021055665770426137 0.2034426204293041 0.680922847031413 0.7950376080764332 0.9050391553175715 0.9273465516022564 0.9834730963369882 1.0115595719609685 1.027986228367021 1.0729720883065479 1.1805918103109558 1.277848922718648
35 350 -0.28953720489173473 -0.0978055741866891 0.021055665770426137 0.2034426204293041 0.680922847031413 0.7950376080764332 0.9050391553175715 0.9273465516022564 0.9834730963369882 1.0115595719609685 1.027986228367021 1.0729720883065479 1.1805918103109558 1.277848922718648
