% # columns="iteration, evaluation, sigma, void, void,  stds==sigma*sqrt(diag(C))", seed=1107032, Wed Mar 11 16:01:16 2020, <python>{}</python>
1 10 0.17955826446262274 0 0 0.1796583284098816 0.17869536008040138 0.1786047166208548 0.17879740098130406 0.17566401507883078 0.1769095380944116 0.17794784948995782 0.1752597599368436 0.17849464038768456 0.1776563936885275
2 20 0.19814984892084783 0 0 0.20069920451042023 0.20098824414426497 0.2045791443015753 0.19152631904453607 0.19421685305682285 0.19321315743703726 0.19879306322323154 0.19552754776945389 0.20052204033295887 0.19674527450442494
3 30 0.22752591668980476 0 0 0.23048468552366705 0.22692837212237413 0.23384983866565834 0.22190394536916824 0.21828675956528798 0.22214415037847948 0.2291933222306865 0.22366813695450644 0.23263118914142772 0.22338391742316918
4 40 0.2680993882541856 0 0 0.2742092652118411 0.2660397595830997 0.2683514713437716 0.2659347224729743 0.2544605433190381 0.26248045092053185 0.26721180582353593 0.2614714608951285 0.2746863970283269 0.2645424743426455
5 50 0.30539597978266136 0 0 0.3079039487219918 0.3016667656285064 0.30616969730852944 0.29878330001121056 0.2891345964312046 0.2966643393843774 0.3025737589028393 0.29796645606970873 0.3131125567787928 0.2985653733566137
6 60 0.3147293547595597 0 0 0.31671193751741705 0.3078426298256044 0.3080102890432978 0.3070276285797784 0.2919382895180003 0.30550495045014964 0.3119625318767732 0.31711591528291627 0.3199437644559101 0.29667564921499895
7 70 0.30851705301999666 0 0 0.302265244796098 0.3004888253859881 0.3029938744311244 0.29991875685172387 0.29371615618027547 0.297261772645051 0.3073319438550768 0.3095280646741905 0.3068661617026903 0.2873471597249313
8 80 0.3226049383608088 0 0 0.3287585954590297 0.3036715063842672 0.31730270017319845 0.313945487110321 0.29838583749636033 0.3190880044923776 0.314987806719852 0.3212410258225151 0.32243329167402907 0.2991746602814173
9 90 0.3561048021805437 0 0 0.3632637382185095 0.3274716043304882 0.357432203976824 0.33993362754870493 0.3293404737428373 0.35464836598124605 0.34772246259547945 0.35483760166240874 0.3653814156361223 0.32849221977506693
10 100 0.4190574122884702 0 0 0.4276301659894196 0.39074487389757867 0.4333105177554573 0.39522945137706683 0.38626081997471 0.41403900197841714 0.4134517699893443 0.40979640765303216 0.43622673809645873 0.39094163572354956
11 110 0.46674604890245713 0 0 0.48286875373745924 0.4480051312764478 0.480672637508079 0.43811414032404483 0.43831118979292943 0.4494154727653831 0.4445432217518562 0.4630656189047561 0.4920005834520069 0.4202187016659282
12 120 0.49335320487557643 0 0 0.5089599605115078 0.46948790629608783 0.49883758751856266 0.4467659567256631 0.4679651477037219 0.4686812372504256 0.4700218978057178 0.4890361121382351 0.523060956076242 0.44217235760930557
13 130 0.4811479512872682 0 0 0.49798436160629467 0.4613865933194061 0.4761684913027331 0.4326236817909662 0.4540942407757854 0.45545280939144867 0.4665813980669932 0.47309830262836633 0.49902643383453044 0.4285663169020795
14 140 0.5119309210734769 0 0 0.5235488664368413 0.4912261549214951 0.5063935602082957 0.4608234852120378 0.4858415868173307 0.4857619042737105 0.4915777977359071 0.5126062357197431 0.5416771216242748 0.45062915169624845
15 150 0.5062593735879608 0 0 0.5124919022218443 0.4842705344291009 0.4901003536682166 0.46791455160079487 0.48291967399581787 0.4791842162173651 0.48657024020809003 0.5077507967767634 0.5111394318837962 0.42820824456574297
16 160 0.45858928871002547 0 0 0.456951016018541 0.42323869253476215 0.44162648368161267 0.4037797245458832 0.437228496785133 0.4324913074230819 0.43856035151684214 0.4529685552723163 0.46453465851722336 0.3857937027824015
17 170 0.45305129992923954 0 0 0.4514739667651936 0.4300751758148949 0.436990847257489 0.3945456231521293 0.42447179185888734 0.4201993491422669 0.43265554128389094 0.4559762979443201 0.4510960009860776 0.381760314576546
18 180 0.4500460561602836 0 0 0.44580278195072864 0.41590534907094306 0.4373654024821369 0.401301324752769 0.4373305634909915 0.42263307691412016 0.41934910758273847 0.45416163038570667 0.45187008279813723 0.3702382020750318
19 190 0.38888082905753807 0 0 0.38109568808996 0.35602140159679685 0.3770781965553454 0.3304661185869776 0.37557050267130326 0.3642987346080938 0.3611539245222231 0.3848955836067092 0.38274690997821076 0.3187803736167564
20 200 0.35658058513289015 0 0 0.3480909110027597 0.32346678265750495 0.3427715738285568 0.3054839371677005 0.33983965269824407 0.3229061482730716 0.3296515805208217 0.3500697090453278 0.33564420813266954 0.29234472703470615
21 210 0.33147511981725736 0 0 0.3229368298499629 0.3012385325294644 0.3112828514682412 0.28578313171988584 0.3172170552949934 0.3036139476990457 0.30187373305043264 0.3117707883789201 0.3044213335372716 0.27248551332970244
22 220 0.3296543976144529 0 0 0.31240885650847977 0.2944706049404625 0.30827362492316784 0.27811284790470087 0.3154566509226883 0.3030182422227253 0.29374893466370966 0.3099317841064138 0.30606267015805916 0.28180046479463067
23 230 0.3067631918386577 0 0 0.28332328987178607 0.26575601936410836 0.28429368926041687 0.2616552540188295 0.29430960756038044 0.27931248470524134 0.26762860472510713 0.2817976939467288 0.28352117904186536 0.25680120471300955
24 240 0.28195880629130404 0 0 0.2523658410802036 0.23551798850190278 0.261102646882737 0.23815001204815972 0.2603152155013823 0.25667400149186015 0.24419160145861377 0.2575441845472105 0.2605967760655242 0.23506159854079373
25 250 0.27429229706171954 0 0 0.24466516551888373 0.2235706347348925 0.25638567510822535 0.2265962953819744 0.24849957293160865 0.2480919909867072 0.23651723119140852 0.24646752650256706 0.24445685249717572 0.23439569399369045
26 260 0.26314481066673345 0 0 0.226816636201996 0.21360524398283856 0.2392801408116305 0.2196667951641261 0.2388976350346874 0.2410225217559718 0.22344998354037168 0.23320950701001633 0.23158160962941257 0.22395377261203406
27 270 0.24011117462415266 0 0 0.20388799636866986 0.19287627701599816 0.2162849687658993 0.20057384760406544 0.21964888259390986 0.21776950063603656 0.20107343299863134 0.21079426262108794 0.20786240547116883 0.20132987414669437
28 280 0.21090150499874824 0 0 0.17343334527356372 0.16557619784401886 0.1908695433208859 0.176969580627769 0.1892887415922414 0.185603148578042 0.17560866989175605 0.18382007266252598 0.1841520790692852 0.17496854992719593
29 290 0.1926372862670673 0 0 0.15801255073473428 0.1497300266845829 0.16759002277423507 0.15672277587901828 0.1735791703406253 0.1701494487763285 0.1587580567902647 0.15884233808363432 0.16709712618830036 0.16086527902329917
30 300 0.18068162384087774 0 0 0.14814035828518768 0.13670375281262248 0.15963563560741298 0.1465207594533046 0.16262878444374862 0.16091687848368993 0.14961064470177093 0.1528460253392465 0.15452824043715918 0.1418281352436752
31 310 0.16397722915479812 0 0 0.1341062510125964 0.12526025092522267 0.1434200850813517 0.1337844404168444 0.1447040504774697 0.14436407876439336 0.13288383919855626 0.13966702020949312 0.13781158148555805 0.12741450281888947
32 320 0.1584178159644305 0 0 0.12741940522823164 0.12130255333794891 0.13306618205952972 0.1304827570841595 0.135658065693429 0.1371273642837066 0.12978706572443863 0.13611785425735975 0.1316891020624925 0.1251859663569921
33 330 0.15230418332681472 0 0 0.12655677952309147 0.11639537455309029 0.12842763101716392 0.12339380415196088 0.13099515513820265 0.1276747317758931 0.12180017351300515 0.13028410115272776 0.1236983980838323 0.11832957521657819
34 340 0.14048460818573538 0 0 0.114772043726017 0.11003266663422974 0.12013388592664401 0.11406404964701762 0.11850845015893106 0.11887938259784042 0.11023045529332198 0.11894331628811138 0.11345973437698019 0.10458474907801876
35 350 0.1308099541257239 0 0 0.10750631567662275 0.10298486244721063 0.11188418312383973 0.10272576904649108 0.10752135628075314 0.10853405659293494 0.10537005485325963 0.11041467358213244 0.10686863471857165 0.09700158854979717
36 360 0.12578511117266508 0 0 0.10103083878429905 0.0987904172850128 0.10745258001103236 0.09816105198104935 0.10245185922634925 0.10465867557556832 0.099914672047172 0.10432294385628411 0.10287084716877107 0.09234398287488613
37 370 0.12177581464139436 0 0 0.098600641664882 0.09494591180279638 0.10160572210022384 0.09534468216925221 0.09899580782083761 0.10198212953034115 0.09708176539043181 0.0952044399957054 0.09916025476026856 0.09013618917560409
38 380 0.11844039322526273 0 0 0.09852528611878832 0.09304519058009779 0.09654495266983273 0.09142284010461901 0.0961331089478247 0.10003917785463495 0.09149978749556635 0.09251401338756857 0.09211580383414314 0.08757587794823717
39 390 0.11107228462357294 0 0 0.09155948215551424 0.08704059448311158 0.08871052334748698 0.08517190229244165 0.08740859175318305 0.09499125171064031 0.08582284734398095 0.08752792278258291 0.08433696472938197 0.08208928867363639
40 400 0.10714468003898109 0 0 0.08787247797472084 0.08319361884908331 0.0853778693238297 0.08111416828746332 0.08171421056404331 0.09546665396237694 0.08324848776139396 0.0853237794380891 0.08265109395145347 0.07710478333389087
41 410 0.10489493853988942 0 0 0.08767809197396274 0.08101729581003246 0.08283078269850373 0.07966521331867152 0.07931562914019728 0.09417955637408813 0.0814326470921877 0.08343429009872454 0.0829182177375798 0.07244384228710686
42 420 0.10639454340737238 0 0 0.08688599640584001 0.08290240502557086 0.08608366142225926 0.07947432531993494 0.0814143771050516 0.09576237517396685 0.08246545223163337 0.0826612530758459 0.08361751960210419 0.07235873995205966
43 430 0.10700646505646808 0 0 0.08685374190747984 0.08242469487923768 0.08699542116281343 0.08094668981668485 0.07957776157668649 0.09969779562376456 0.08208999404125332 0.08440630687500714 0.08394813045799028 0.06953957745314628
44 440 0.10411493973877901 0 0 0.08385880848132575 0.0784648255226195 0.08384029082505082 0.07909916559727038 0.07670417405402262 0.09330085718223148 0.08324991661963252 0.08099604225490117 0.07920831678459958 0.06798082249778073
45 450 0.099954154808181 0 0 0.07908499874146713 0.07623809863493028 0.07996126769361198 0.07429464866730301 0.0722833257115136 0.08755330448977437 0.08043362131716872 0.07517729348779661 0.07527945715605903 0.06727451862691074
46 460 0.10206829382888769 0 0 0.08191182905042257 0.07810948196520152 0.08007562326924021 0.07530899973237314 0.07617505853828756 0.0891637206618435 0.080940127620051 0.07613817697033658 0.07764500649245357 0.06806807874159383
47 470 0.0999312576066951 0 0 0.08109877630232491 0.07659229736260324 0.0794354031848676 0.07429317681095954 0.07466676789793679 0.08791492714121689 0.07835362463241004 0.07333743976423657 0.07469483200178069 0.06578002943704918
48 480 0.09255898277533184 0 0 0.07435871159789 0.07141755591726001 0.0739231608713753 0.06885146462651064 0.06832902676062509 0.08019643148413226 0.07318200428615736 0.06759176903890403 0.06903321635542246 0.06062122314526111
