% # columns="iteration, evaluation, sigma, void, void,  stds==sigma*sqrt(diag(C))", seed=860986, Mon Mar  9 13:19:24 2020, <python>{}</python>
1 10 0.19759174119031833 0 0 0.19638029405721905 0.19253316268587956 0.2080371957489918 0.1964596954213906 0.19603040147292417 0.19751007411721042 0.19609554895962372 0.197344267755802 0.2005889351180307 0.20055572614463682
2 20 0.2042470872017691 0 0 0.20879080815071382 0.19810106350664294 0.21538612164795548 0.204408491085629 0.20553715703347952 0.19571886383166828 0.19680088055676515 0.20544122876656504 0.2121684583583693 0.20634184223964425
3 30 0.22255034439610513 0 0 0.22667472033607972 0.21513499306170178 0.23832496284738938 0.22703314931568677 0.2247218545156483 0.21383753260842941 0.21273734926694687 0.23090050276406135 0.23428278746672293 0.2204883447690556
4 40 0.2553207089237821 0 0 0.2661213931969008 0.24216081167027492 0.2780022352815681 0.26365325437936576 0.2562430614382242 0.24437356010309 0.24360360825986385 0.2512396843869826 0.27548635305864577 0.2565625476974289
5 50 0.3077036766945084 0 0 0.32311109712036734 0.29239899207599784 0.33581082622641567 0.33420106611462885 0.3059392362080361 0.2946622788865695 0.2971667682646475 0.3024838119603376 0.32534784828174707 0.29806392674689536
6 60 0.38415321282921394 0 0 0.4014513480307781 0.362273689492238 0.4195869082400679 0.42138169857582963 0.3845461856354656 0.3655539346787214 0.37460400198073596 0.3844585995013936 0.41458993908872455 0.3702698000007445
7 70 0.4539296316663395 0 0 0.46739172267506207 0.4301134301848037 0.49883731265708686 0.49623030789133676 0.44810677623046624 0.43302632327896623 0.43167864264165423 0.45399139266958455 0.4886568870215786 0.4397059720141177
8 80 0.517856371529769 0 0 0.5294087243899831 0.48818427985130997 0.557911050565586 0.5677028588784969 0.501896213322819 0.5140067037570931 0.4924820207913096 0.5165939659014455 0.5565127318901725 0.4895033314042705
9 90 0.5989607424233582 0 0 0.6129526049781798 0.5626556521192063 0.6502430803985176 0.6552737308030792 0.5743222174819628 0.5915351991428507 0.5675552133494155 0.608144403670848 0.6421260159751652 0.5678752407771941
10 100 0.6199096902530264 0 0 0.609131731759646 0.5791049163280145 0.6707042320737385 0.6846882287020817 0.5865269907678758 0.606898055584397 0.5908743978455947 0.622907640565159 0.6634583721347878 0.5955337363469678
11 110 0.6389563149122497 0 0 0.6249007122455936 0.5975187011507423 0.6837191592106834 0.7011732116123419 0.5982269834305083 0.6286771570359566 0.610093824710647 0.6349765335244381 0.6675280260906531 0.6155744375772136
12 120 0.6377108595641716 0 0 0.6274908485040741 0.5969108624333542 0.6822955877984602 0.668214492079613 0.6022079952165179 0.6365883554896761 0.6066789883779161 0.6375807269668268 0.6620419911852944 0.6261616130078418
13 130 0.6395824519650367 0 0 0.6307476074229988 0.5960511375086585 0.6758065137501118 0.641492042549004 0.6006210596202967 0.6436272149824244 0.601604217994022 0.6382375292173208 0.6661295886990457 0.6212150918921149
14 140 0.5905771074333701 0 0 0.571574636431343 0.548574272765177 0.5980485832791628 0.5820959537456835 0.5549630685906249 0.5900077691333546 0.5400033286491219 0.5964141169068825 0.6142341015626209 0.5722807459396002
15 150 0.5383432596729654 0 0 0.495100148509692 0.498942722482758 0.5330427606643562 0.5211212077505154 0.5068613219553192 0.5359718800636287 0.49047398360629685 0.5495807392358673 0.553118753929708 0.5033627642315328
16 160 0.5110698525238737 0 0 0.4356282112299785 0.4728121037588383 0.49568523038880596 0.48645262854421656 0.4866896872972343 0.509539630513663 0.4636079344417858 0.522702738573018 0.5233303759836274 0.4729089725041617
17 170 0.47116033460232104 0 0 0.39963430525165644 0.4366113959245302 0.4390324897390326 0.4391312763218364 0.4443823631337483 0.4622885718513638 0.4177492152665429 0.4849747394186427 0.47393582241932924 0.4367681993839583
18 180 0.4309824201470691 0 0 0.36040681479117453 0.3944131129234486 0.3973519762800176 0.3974440550477729 0.4019038431140563 0.42383003824747806 0.38021783368777584 0.4431167322349045 0.4238881024270032 0.3999429219443986
19 190 0.3845987263651824 0 0 0.32051313344872434 0.3432905811871757 0.3573709598154996 0.3466630929594549 0.35341917681607704 0.3732746382323186 0.33142447983171797 0.3922517827142731 0.3788360030320108 0.351656805229786
20 200 0.34359784720436876 0 0 0.28389119049462763 0.30929216639037665 0.31402836960187086 0.30675276941873714 0.304893797789724 0.3262170005318257 0.2945243533427666 0.34627835074361357 0.33636926288604807 0.30001831342639185
21 210 0.33513402043711515 0 0 0.2784793336251268 0.3003460495852676 0.3052319088352006 0.3007526379271335 0.31695304723468215 0.2990199670478051 0.2851170241067451 0.3294006099384976 0.329925719296916 0.2903949414883751
22 220 0.3156087162598218 0 0 0.265517190100892 0.27561540224096664 0.2846363651640918 0.2750687022490125 0.30235867649453313 0.2808145274411211 0.2790991997063664 0.30905478608007964 0.3104745470064552 0.26656293125784286
23 230 0.31048051121350845 0 0 0.2533649915331806 0.26997144411969143 0.2745763251231516 0.2655371226386272 0.29408577009722486 0.27737699383731484 0.2816450360898397 0.3018583617343851 0.30576392946436887 0.2635268271038786
24 240 0.2984354668170692 0 0 0.2464733375810887 0.2631640122323804 0.2671694755155032 0.2523262217614237 0.2750530519395406 0.2654472580929813 0.2687368069372224 0.28077959698382465 0.287868255777854 0.25275003443927613
25 250 0.29351525295828174 0 0 0.24411069265605861 0.2673822528936939 0.2807561707397516 0.24573802766012476 0.2700408296448095 0.25857462527404895 0.2642360300089988 0.2774578750924768 0.2788916625334144 0.24248324466338275
26 260 0.29625735694829464 0 0 0.2451844467542362 0.26639021862838147 0.28551232324492964 0.24791654916938588 0.267691787100198 0.25898069170924376 0.2609078929196558 0.28862614357350475 0.28067471558075424 0.24653917785811197
27 270 0.27430424302766176 0 0 0.21220907791077748 0.24404899312847708 0.2703289804067783 0.2294560417484015 0.2463119151025624 0.23688404766766152 0.24096507437399575 0.2563646477574274 0.2616611755003759 0.2296509408925337
28 280 0.26336815665409846 0 0 0.1976376900765914 0.23589798625397712 0.262229815062804 0.21667698770472346 0.23865818597879976 0.2246618060509311 0.22590163311078032 0.24412480759423263 0.2497373344744072 0.21883905176370572
29 290 0.24401906365481676 0 0 0.18410026736935806 0.2197189117969536 0.2439675068481294 0.19967932068510638 0.2134061287223892 0.20068366856718056 0.20581513902206858 0.22243057238590846 0.23535786068750222 0.20496034680921943
30 300 0.24729831494579935 0 0 0.1863332425160695 0.22773366370406395 0.24139504394043315 0.20580700403224886 0.21410547671633143 0.20212050402596488 0.20741225225372648 0.23026306874072347 0.24454099069428697 0.2057733836039355
31 310 0.24120567558932848 0 0 0.180084036644356 0.21966811942182654 0.23578798682564203 0.1957483040498647 0.20765397101073962 0.196605522906829 0.19812095852207792 0.22944021953670918 0.23857973903747395 0.19905243067434536
32 320 0.22391410315436444 0 0 0.16699371749634598 0.20504431673325663 0.21520579692945935 0.1829996898655701 0.19145514890465598 0.18310053288792796 0.17637975971092015 0.2110721426470321 0.21469383912379458 0.18428749513369952
33 330 0.2037197764774937 0 0 0.1514064724198758 0.18672467992067227 0.1939571085868716 0.1601065103442616 0.16472926977455085 0.16665877953937805 0.1583479704351352 0.1914612081147051 0.1977369536040337 0.1678691494292781
34 340 0.19208776907792866 0 0 0.14230988304055808 0.17293294029981213 0.17988036885572908 0.15277181351620397 0.15438003792675503 0.1542721390461508 0.14786711952939105 0.18269913850347008 0.18330926408132722 0.15971240715271373
35 350 0.19880489364903597 0 0 0.14611144329807 0.18788316059395427 0.18501062462922632 0.16103263294978631 0.16150965635921777 0.15895700551565986 0.15484429178293735 0.18883494026248546 0.18995460305796885 0.16281337696368553
36 360 0.1962914676251461 0 0 0.1428077893808606 0.1872199172715652 0.17852621425077136 0.153579535768566 0.15863256204154697 0.15457412337745394 0.15286956931936935 0.18650384915953133 0.18585910829400135 0.16380988864109658
37 370 0.1932682111384737 0 0 0.13934559596828983 0.1788341007041937 0.17248556234363674 0.15072630941017404 0.15820402368316355 0.1556421768394495 0.1521924524045821 0.18352122483117278 0.18074482185577534 0.159364249880343
38 380 0.1794355280212517 0 0 0.13014011243755408 0.16868856655824746 0.15681521998433412 0.1399248950385416 0.1439636444634383 0.14524548134298557 0.14602339030858486 0.17048467369887266 0.1616454048929236 0.14522925093398814
39 390 0.16682149049040754 0 0 0.12022301281006413 0.1546432633753397 0.1441356691583089 0.131984148054409 0.13780481291640112 0.1332871790336411 0.13442404915714645 0.15015219013750022 0.15093940266237857 0.1305139338887568
40 400 0.16564788037629627 0 0 0.11388252131048009 0.15778264327076752 0.14281632450081935 0.13474154897517016 0.1433924257588364 0.13060553271778905 0.13414938075283794 0.14846819142160553 0.15136122489822268 0.13089955493685992
41 410 0.1563515861211356 0 0 0.10618628488394316 0.1480100809684576 0.13196772206383 0.12616982010053418 0.1344709172165823 0.12321403126864817 0.12724498084482894 0.13897218517003734 0.14462994544992339 0.12487236913265898
42 420 0.1507766064151667 0 0 0.09978266394490427 0.1398979853360046 0.12806314369343078 0.1235811821081481 0.12752265524205747 0.11870982509949438 0.12252738614267909 0.13216811201649611 0.13987666817149624 0.12255715658802627
43 430 0.14230994048638196 0 0 0.09384068981933645 0.13000739714130571 0.12163908595858428 0.11411547717045108 0.12053152999337796 0.10959183172319896 0.11503811609246854 0.1202085495744834 0.13362821259104762 0.11612415571278464
44 440 0.13412100743389713 0 0 0.0878216462737664 0.12184879540332672 0.11396042799381809 0.10781276378395585 0.11410155135735665 0.10261687871230411 0.10550180400123417 0.1176462557974505 0.12481074813835599 0.10658574166658734
45 450 0.13286560611619028 0 0 0.0871060606838382 0.11920392239464629 0.11350515154501063 0.10662497433530077 0.1152679996877945 0.10260633584721304 0.10453141813771148 0.12040530237250947 0.12273423683248642 0.09959207540942287
46 460 0.1231430337752503 0 0 0.08198625037615499 0.10880613306170886 0.10378207932736583 0.0991795623458174 0.10631655349054472 0.09438532152636785 0.09593069253076786 0.11251991803067002 0.11008920151258754 0.09228073095567803
47 470 0.11568030120592447 0 0 0.07749145117731131 0.10138701912350784 0.09619278326118319 0.09404635803860889 0.09975088965806156 0.08709120737874851 0.08779083671918393 0.10346969582592716 0.1028590295999072 0.0857599639739684
48 480 0.1064952303895648 0 0 0.07128237718726348 0.09066837465444606 0.0892607263810298 0.08546791756911924 0.0906455766783272 0.07961987920316099 0.07946851724295417 0.09731497158981828 0.09498477419541182 0.07603732530156589
49 490 0.1042399228651636 0 0 0.06803049220351252 0.08482977431849312 0.08740160594901307 0.0841837707371422 0.08881105962846467 0.07798857536152541 0.07781256539788683 0.09360811370607974 0.091711956559712 0.07367719158925516
50 500 0.09810909500366279 0 0 0.06348238091228499 0.07442872542455131 0.08369256582901358 0.07770501239458905 0.08227615880755532 0.07286034619930491 0.07211176495712433 0.0865822126529919 0.08671423575064408 0.06865548420345712
51 510 0.09870679474822783 0 0 0.06348288852336183 0.0742678794736177 0.08244910878649901 0.07797642132406116 0.08150465839632377 0.07037491739359536 0.07365641901968284 0.0874092152539168 0.08596252386204388 0.06905806615115914
52 520 0.08726932974635113 0 0 0.055868122225394806 0.06338610631630634 0.07246986942385596 0.06657133771251109 0.06912963370748264 0.06184789312189772 0.06530553830131713 0.07331009594634799 0.07348011839815408 0.05869243285398339
53 530 0.0856271082379339 0 0 0.054730489540791044 0.06031228486810221 0.06934855383642002 0.06499204415962782 0.06727212822283372 0.05970384472304575 0.06495443601206198 0.07115035384561672 0.07097446702785884 0.057073303311421575
54 540 0.07886004399822225 0 0 0.05005071275483499 0.05618643147017282 0.06370482356619396 0.05979081831706224 0.06155131078052536 0.05197213955168644 0.05839310893599396 0.06475431968750374 0.06537251863399052 0.05274410784730843
55 550 0.07178269661298692 0 0 0.044383813236917403 0.051050898681186285 0.05788215741210927 0.0543532633412416 0.05364213796090818 0.04973724517304253 0.05358985579747279 0.0559713097140418 0.05850552160727094 0.047888551967304356
56 560 0.0718257030041769 0 0 0.04460781390195348 0.0502972147255889 0.06034757863085437 0.05273016899722357 0.05142126284715458 0.04963936973516512 0.05335221345404108 0.0537342199892803 0.05637367060945588 0.04783823355040645
57 570 0.07159725131956259 0 0 0.045020087013064126 0.05054814021152172 0.05993164162116025 0.05287783731205019 0.05016715324454102 0.05025202502462256 0.05248502586530432 0.05310094825362053 0.0551628054328044 0.04619486806301372
58 580 0.06750295898147768 0 0 0.04247438989423168 0.04706107876941645 0.05673567501114503 0.04922665640695191 0.04651108153052934 0.046038569904648496 0.04846750516655715 0.04962460002929556 0.05093292836234476 0.04277285579593268
59 590 0.06803512158102337 0 0 0.04174973553545248 0.047135241378007835 0.05598007922771285 0.04986980393261654 0.0462145148307582 0.04582751310842908 0.049099182858467615 0.04811876920497213 0.050795097516966294 0.04287633557224046
60 600 0.07060263223250018 0 0 0.04351431051407745 0.04810202446094128 0.05848870579708355 0.04948703612035794 0.04705749426975048 0.04796568225078854 0.050875409577952155 0.04924085602903742 0.053106041278160286 0.04497290461058958
61 610 0.07186906116653594 0 0 0.04411693781470651 0.04760975447460699 0.05855244943484089 0.05044651484893061 0.04793283450044607 0.048824145244870554 0.05209764559044133 0.050240986206006685 0.05123640160812283 0.0466421380032563
62 620 0.07366746751792676 0 0 0.044549628961046084 0.04888247466452376 0.05993182976457234 0.05082619349119002 0.04891129084389989 0.0482057328504823 0.05331629950749009 0.05180607640852175 0.052295064292468815 0.0489029224809649
63 630 0.07030542847031014 0 0 0.04098127773648546 0.04535377936760165 0.056803009289481475 0.04862265275106094 0.04599656936565357 0.046634734951986924 0.04998459017191612 0.04879450914505515 0.04812942190529704 0.047281348313103225
64 640 0.06467797191733902 0 0 0.037153179988656644 0.04146759346489234 0.051438125413470315 0.043912513143048254 0.042981813339680416 0.04371821883841893 0.0457782831319137 0.044364849319474216 0.0445264708827542 0.04351535989738719
65 650 0.05909523671756854 0 0 0.03381840768807653 0.037755861491907274 0.04629624547871709 0.039720407411151334 0.03811815122311902 0.03847112594796546 0.041607562276191716 0.04016123245119065 0.04061728427605252 0.03815663498773104
66 660 0.05252895439353242 0 0 0.029798424185810177 0.032891268012991665 0.040585288781138325 0.03514360184171143 0.032917231363753276 0.03354053702945989 0.03691973477710861 0.03606933577276316 0.035288331554861385 0.032918991215741454
67 670 0.04803372940795658 0 0 0.027242189663483074 0.029992530598069195 0.036293467025378744 0.030589234663172246 0.030500552501805618 0.03054029022403487 0.03432155189972673 0.032685024966847574 0.031702309983102486 0.030040180282942777
68 680 0.04848268195915199 0 0 0.02727373644852161 0.02958418640946599 0.036501493263782644 0.029854460473332435 0.03073042393794224 0.031838244236434596 0.03521300099552156 0.03285089866074401 0.03196175177430208 0.030394578588785654
69 690 0.047157342819610704 0 0 0.02632202516537647 0.028736645830429064 0.03491936529936099 0.027911984456583425 0.02981779829734266 0.030882293653246903 0.03435179333992278 0.03157395677982956 0.03130400703354709 0.02949430174177313
70 700 0.04448516783083031 0 0 0.0249955827838739 0.026776240719772006 0.032307504479682635 0.025954505304379413 0.028118342693884125 0.028528115471417648 0.03204068820765344 0.030080668725820124 0.02900463432531122 0.027630239536800008
71 710 0.04517202481440082 0 0 0.024205625162224798 0.02727150614694801 0.0320532373439398 0.027296932830839678 0.028895388344685063 0.028795045891884807 0.032280677885035025 0.03061732998739641 0.02965652806386965 0.027843742933711085
72 720 0.043344821976657705 0 0 0.02335717770565999 0.02607804088362431 0.03112335376840314 0.02611138487300793 0.027221517104993778 0.02802410608863052 0.03146592266071804 0.029412380525204507 0.028639854522139744 0.026223815636666578
73 730 0.0426032516949453 0 0 0.023097603990635658 0.02622970021941474 0.029775134886399324 0.025994962133075897 0.026938070612678906 0.027384703583179078 0.0308867683281493 0.027903125268703186 0.028585117510314936 0.025344654745237838
74 740 0.03950810333004541 0 0 0.021457146879533737 0.024649381323124237 0.02762176936727591 0.024098093207873848 0.024881002458553268 0.025406540679079 0.028125073089688358 0.025798203655693568 0.025799401599738 0.023190471614492444
75 750 0.03648808063416268 0 0 0.01948593860426345 0.023258921581364486 0.025345578639210605 0.022113737092113776 0.02328744967480523 0.02299428134561975 0.026444950654972228 0.023764533894104028 0.02372737805231667 0.021879466418387325
76 760 0.03448504705838775 0 0 0.018216237870731674 0.021607522675662405 0.023349365770634047 0.02080425261482028 0.0216924799938444 0.02181355765632441 0.024964647047578087 0.022643334511115148 0.021735299840492293 0.020565902193685183
77 770 0.032565693383529895 0 0 0.017693823036227525 0.019989365455231403 0.022082994954810007 0.019922849220648787 0.020218938364004485 0.020414893565279334 0.022807570794796683 0.021038867742622844 0.020239372987806644 0.019101249891043014
78 780 0.031764603669129435 0 0 0.01740529822809896 0.019470930714072857 0.02114813100310788 0.019323636848611853 0.019487851871578483 0.020261087805158017 0.022111962978163684 0.019781680163379615 0.019491116462947808 0.018636055009088666
79 790 0.030480507065092984 0 0 0.017097707703928666 0.01860807410642305 0.0201601527041741 0.018342828081858425 0.01820019435337032 0.019591562253027953 0.020975688856584157 0.019167000467528807 0.01894529713069514 0.017875082236160824
80 800 0.029050241284782 0 0 0.015917314861612512 0.017419407864973074 0.019200713808796975 0.017468896741498274 0.01742016736044968 0.01819815877160585 0.019673494678798004 0.018217307138943293 0.017926237971211508 0.01707623295373007
81 810 0.029110607174527153 0 0 0.01606160314897426 0.017427580051869843 0.01887814790564387 0.01756473546990512 0.0163211324718577 0.01837313718371679 0.019458958270671834 0.018195262106918582 0.018048712500711904 0.017542902670255364
82 820 0.029803071305311554 0 0 0.01637631159175237 0.018119984268472906 0.01896416065664364 0.01726067165902057 0.017137615224036104 0.018644558584955822 0.019700575739748812 0.01849976147868589 0.018298801137938196 0.01858794822667827
83 830 0.028688094733584805 0 0 0.01577721646956997 0.016958146310366132 0.01820766773724943 0.0164353936045842 0.016424495721189036 0.017927231623594744 0.018471596575615673 0.018318907744306976 0.017731108605009222 0.017801237362556004
84 840 0.02727340640798454 0 0 0.01484094964290902 0.01581814347789856 0.017054723869609323 0.01591225207110745 0.015611948360307933 0.016979384955585514 0.017376664968917543 0.01753741501363612 0.016679854173957637 0.01673126913919818
85 850 0.02576283415278456 0 0 0.014062246607510407 0.014779637266670018 0.015900310576008228 0.015542778200879305 0.014591196177108082 0.01603154573038509 0.01655113524266136 0.015267387114008234 0.01582019867648541 0.015667329776875124
86 860 0.026804632463118813 0 0 0.015131460824707307 0.0150445354811355 0.01623301327298796 0.016644035985949157 0.015350598478749544 0.01614294207325822 0.01719006325481081 0.01581515190851118 0.016435670462532716 0.016296470100754995
87 870 0.027205225900148754 0 0 0.015369608747715103 0.015224444531666851 0.01661302875139059 0.016941313627465485 0.015505505562194122 0.016336241065175894 0.01739367928961451 0.01594029581506005 0.016751079464528237 0.016133018418087453
88 880 0.0299274297297184 0 0 0.01675415412312031 0.01678670710903249 0.018414120194772343 0.018623389036384358 0.016525986462638365 0.01817267177124814 0.019009174980892402 0.017534667608317223 0.018488813213987307 0.017881070643299756
89 890 0.03048593331010698 0 0 0.01699772968365864 0.017218246118898946 0.018639601111972 0.018895373872023533 0.016969052028080377 0.01830481688530817 0.019328896595076677 0.017909788492095378 0.018690256337981735 0.01857752872000261
90 900 0.029365152887172834 0 0 0.016351704892508145 0.016637776982160114 0.017993228082154845 0.018094046168584555 0.0162675205811094 0.01784667088767475 0.018547857885953017 0.017133563246211472 0.017366406359789914 0.01788467494989038
91 910 0.028743204788749227 0 0 0.015700343149300553 0.016074250773964793 0.017416616650350124 0.01764642368894597 0.01605415260548117 0.017467195541023026 0.01739976120856528 0.016616609023380927 0.01725817538122376 0.01755653765682038
92 920 0.029573334312947768 0 0 0.016383439884279722 0.016462131714994926 0.018270945976264726 0.018176682561544786 0.0159890069352122 0.01819584955246217 0.0178747718678735 0.017079427430579244 0.017801937378894194 0.01798658571859637
93 930 0.028707196060859058 0 0 0.016413420095007826 0.01562523202706825 0.017886277430011713 0.017328867163216046 0.015343544704409379 0.017499865869262204 0.017217535994558983 0.016166354932552557 0.017288318765867942 0.017314033974055353
94 940 0.02594962883960676 0 0 0.014950624318367476 0.014003412502292468 0.015801308798803985 0.0157519305005951 0.013717740139000519 0.01586873370782308 0.015456303874371354 0.014490901137768589 0.015503011563562803 0.015198726080751488
95 950 0.025466990496296662 0 0 0.014556622030291263 0.014236661149919505 0.015170536127732361 0.015454562667197934 0.013191638416781644 0.015477610612979344 0.01532865666808075 0.013883769707864025 0.015334269827916924 0.014951059226201057
96 960 0.024957785346009394 0 0 0.01389183359224617 0.013554316265022966 0.014703209239675923 0.014866123448218348 0.012911227936990063 0.015069592803262134 0.014887671764960617 0.013558829577848356 0.014981747594686089 0.015200004304505434
97 970 0.0240170272520606 0 0 0.013403117829575035 0.01282137287256978 0.01424523099631778 0.01437008520043955 0.012625763800519087 0.014236213924918086 0.014097626426641497 0.012926044642808854 0.014666090255591083 0.01498758627651533
98 980 0.02325011506109008 0 0 0.012715292774066128 0.012328194500313177 0.013189913020646779 0.013566456077664565 0.01210182192146205 0.013814502376456941 0.013570347869296815 0.013050176528008653 0.014144122362447161 0.014630481875534432
99 990 0.020101829360220622 0 0 0.010979714021114334 0.010501804125872006 0.01134591208048777 0.011452175834107703 0.010251854664435327 0.011740050415273345 0.011726839595756097 0.01113499620042674 0.012155933403624954 0.012608570096672536
100 1000 0.02002782890938556 0 0 0.011008585781986713 0.010655076506883375 0.011460019231090406 0.011391729445229093 0.010320900678650494 0.011568881405225391 0.0117013680603643 0.01128050889628387 0.01177223814072033 0.011217769900977082
101 1010 0.019608488123173645 0 0 0.010753394163327289 0.010354436478427681 0.011101218660948186 0.011092896051909015 0.010181286827508082 0.011257367014784442 0.011214049490814514 0.010846921681205313 0.01172233929017925 0.011106233286165378
102 1020 0.017403111868412355 0 0 0.009478679896246971 0.008882126234795559 0.009930112743303842 0.009707784434978294 0.008925423083786986 0.009847409963455867 0.009668806864530448 0.009417413094100099 0.010348368919042754 0.009850907249686356
103 1030 0.016105784328644707 0 0 0.00869785783371362 0.008132448352256703 0.00920151716285159 0.008854805117599986 0.008263763394943117 0.008986903022987953 0.008583139181243257 0.008694439688248264 0.009601227531423175 0.0091086094244644
104 1040 0.015413207171943806 0 0 0.008151317060105837 0.007717782336898018 0.008760425303717529 0.008543107653076289 0.007895023799863345 0.008646184965261778 0.008401769903852843 0.008325535461758796 0.009234616242267535 0.008586754809107588
105 1050 0.014578816991330356 0 0 0.00758922132604859 0.007152540119384034 0.008204228499942427 0.00829280707619466 0.007525473514507233 0.008105990904349722 0.007982894617674301 0.007710098785025804 0.00866012975801959 0.008104260907455418
106 1060 0.01423437145448077 0 0 0.007149501672553149 0.0069460940806959645 0.007857792970171395 0.00803817831171963 0.007280050892404021 0.007913290492896415 0.00762222518082057 0.0075143111600385355 0.008401683601030888 0.00786341634065614
107 1070 0.014022210450994357 0 0 0.0071332102727629035 0.006869043434181314 0.007574791144957774 0.00783503240831138 0.007090580327572679 0.007775959031715905 0.007450540819485971 0.007285694404845328 0.00812561424441699 0.007654254030814863
108 1080 0.01494615813702315 0 0 0.007599381293737638 0.0074782204161027484 0.008000836265246022 0.00814077552198419 0.007454181083266731 0.008718899660808667 0.00789366846675315 0.007757126130839014 0.008852583947034247 0.008030550917424018
109 1090 0.014561552003363884 0 0 0.007311136633393648 0.007278366521857251 0.007606476146590938 0.007976560736082624 0.007208819509696243 0.008544384617913146 0.007744005260990814 0.007455523601247782 0.008540919735256603 0.007788701630547884
110 1100 0.013503241652789641 0 0 0.0067630142295413065 0.006493981921600843 0.0070308455384767475 0.007396729995205269 0.00667163741293341 0.007849114747731221 0.007101635071142798 0.006822139762720136 0.007765586729213197 0.007178348520922713
111 1110 0.012907253060885384 0 0 0.006461729505849894 0.006327962772390856 0.006686713371702099 0.007095318472679722 0.006216183091615869 0.007507825111430783 0.006744903894633932 0.0064500531119019815 0.007239203387315233 0.006780657770465676
112 1120 0.012462680085353967 0 0 0.006067776099192045 0.006126677856548119 0.006543510982576307 0.006861473195746428 0.005961693609705729 0.007159386764701234 0.006529396066319551 0.0061748524558376 0.006927259324265117 0.006753701308187671
113 1130 0.011875660585987465 0 0 0.005743115015473573 0.005822074656089249 0.006175264581515953 0.006413289113575645 0.0057680628578961725 0.006794785963482887 0.006207830234836256 0.005890902815068743 0.006530759074963819 0.0064141476957912886
114 1140 0.011678609938565149 0 0 0.00567557581914711 0.00553601706683125 0.006098940502773111 0.006193810389311681 0.005411837057332551 0.0063686923934158715 0.006057325078211038 0.005796479298867635 0.006499463672886741 0.006295614687003126
115 1150 0.01070099165635137 0 0 0.0052562369907082586 0.0049979619698545565 0.005555003901865742 0.005606155866458779 0.004877732343892563 0.005724493884583669 0.005504005176861345 0.005235768713580144 0.005860855928936821 0.005788376762009509
116 1160 0.009776955275826955 0 0 0.004723789330436546 0.004559355294444768 0.005007073443589309 0.005053340771754587 0.004318750707771151 0.00503745652922178 0.005025006032975493 0.004682393441618311 0.005409948875054128 0.005171068576992918
117 1170 0.008653586166877248 0 0 0.004205272923512418 0.004065458341898631 0.0043562904812396745 0.004378645050374054 0.0037464372898955455 0.004298276347722918 0.0044200938598457345 0.004027116759066722 0.004536122563735861 0.004624471228474202
118 1180 0.007626470075710622 0 0 0.0036427482127310484 0.003552884796660663 0.0038827249751328505 0.003770581493407749 0.003252556105376744 0.0037152690795317542 0.0038846316231466393 0.003570875634768094 0.0039285641903485415 0.004078117737606149
119 1190 0.007166371227122654 0 0 0.0034325789639994297 0.003312879169697502 0.0036607114447111478 0.0035678612071543708 0.003082913773751946 0.003462586236673812 0.0036322326275203976 0.0033429898846137206 0.0036615846360106685 0.00370557931183541
120 1200 0.006648698334015923 0 0 0.003180171480923062 0.0030536092439468333 0.003250206817004735 0.0032877350976673915 0.002758277586777509 0.0032414105880770464 0.0033248869221845843 0.003082173689775047 0.0034966858028595196 0.0034864104526008393
121 1210 0.006112168386744071 0 0 0.0028996100967686794 0.0027762494287564615 0.0029430256797998143 0.0030220370031374547 0.0024620077867978526 0.0030384459076283348 0.003024723794758518 0.0028042366524606626 0.003192968770635703 0.0031989478295577104
122 1220 0.005926127365290398 0 0 0.002785819236236663 0.0026836339742290637 0.002973711268941503 0.002894936706671191 0.0023922949293851024 0.002912724126341101 0.0029111464418176813 0.0026606561933274825 0.0030475147381763836 0.0030591760988369354
123 1230 0.005647073471883641 0 0 0.002673864761843938 0.002571277138500858 0.0028202059179573383 0.002680840810929974 0.002262762388292825 0.0026745320231467556 0.0027275208285736613 0.002524764622043607 0.0027512941575257278 0.002890801183378117
124 1240 0.005341573187448164 0 0 0.002496086849840421 0.002455722833755901 0.0026507094760192416 0.002538693318160963 0.0021599588274401945 0.002509792795275674 0.00253353261462053 0.002353222725285409 0.0025333722231440973 0.002730492908284437
125 1250 0.005150347229613173 0 0 0.0024147571903461932 0.0023665359899462655 0.0024901621317661837 0.0024286930119943027 0.0020690348574534325 0.002305964157765944 0.0024108516392524083 0.002271399717929357 0.0024679747106036948 0.0026536765575493797
126 1260 0.004831315812353568 0 0 0.0022177715243644736 0.002216631336884345 0.00235667440954425 0.0022400331467248517 0.0019453314016675413 0.002135728858859705 0.0022464682260290247 0.002116677286674145 0.002282048702259865 0.002441946602467349
127 1270 0.0043182337582303295 0 0 0.002001562406841565 0.0019470985833373497 0.002106649695741265 0.0020040550054211434 0.0017309765535574726 0.001850713108664416 0.0019784726236795024 0.001875542996076116 0.002090017180447472 0.0021730288701859155
128 1280 0.00420195932635934 0 0 0.001947209119977167 0.0019028885776433166 0.0020395463916902503 0.0019384574296954372 0.0017127140860979855 0.0017829706323043116 0.0019721282229236293 0.001753371107060078 0.002045820355522952 0.002095443647311755
129 1290 0.004052046682346376 0 0 0.0018976589786894973 0.0018197678070715976 0.001890768333242694 0.0018126388427262149 0.0016863977238475922 0.0016847710930775312 0.0019056687640234516 0.0017115942290091926 0.001978585180882557 0.002015194219063365
130 1300 0.0036881008869801978 0 0 0.0016235320382695384 0.0016602484179174231 0.0016935261839778478 0.0016405883201500724 0.0015298911355562865 0.001527931559948663 0.001717140440472856 0.0015755377548672307 0.0017447713802634934 0.0018178359169775961
131 1310 0.0033738927558920277 0 0 0.0014995234537958741 0.0014814559899897141 0.0015533547161748571 0.001495999656178979 0.001373777158866448 0.0013751697226378626 0.0015910276193916906 0.0014351094728662429 0.0015457382796461353 0.0016332124317758212
132 1320 0.0034188945242453607 0 0 0.001594515649654537 0.0014513596428042555 0.0015518741627046026 0.001523384574407252 0.001372170619851964 0.0013786958808992738 0.0015596566029389479 0.001459508346872959 0.0015310060747994582 0.0016478013263765544
133 1330 0.0032652702560096434 0 0 0.0015090002336482014 0.0013599987957744278 0.0014705630856008997 0.0014208818294964211 0.0012899933818637625 0.001328362210553272 0.0014853033380583859 0.0013899112917806567 0.001422655282910096 0.0015479022326133297
134 1340 0.003127550970090664 0 0 0.0014551567372707312 0.0012955662303807455 0.0014456891025501105 0.0013393588033800009 0.0012179435835862 0.0012427408219968384 0.0014029661791178684 0.0013373153017846833 0.001362360012290206 0.001460287438808361
135 1350 0.0027754981842717254 0 0 0.0012910987355602163 0.0011246740721410934 0.0012772611810440697 0.001190878369424396 0.0010793127409613333 0.001105182817274031 0.001237181764705928 0.0011769965957130067 0.001203017673504164 0.0013004191074827023
136 1360 0.0027971715880926664 0 0 0.001324928963368987 0.001134493612565929 0.001254442051129003 0.0012089122928312277 0.0010844633165041767 0.0010892346827493244 0.0012478285214608982 0.0012110991616377472 0.0012154372876679485 0.0012980106623078152
137 1370 0.0025151231972080947 0 0 0.001209288862910811 0.0010155854084261762 0.0011231105362308974 0.0010868049937403875 0.0009635512414518306 0.0009946154245780287 0.0011143374386550498 0.0010365891758694983 0.001075255592198357 0.0011865275914185913
138 1380 0.0022404506952949355 0 0 0.001074221922104653 0.0008921836701074082 0.0009746024676254301 0.0009451461196417617 0.0008582974810805845 0.0008806811721344702 0.0009905677978886195 0.0009137984596592497 0.0009208277052441888 0.0010231303221041076
139 1390 0.0019418228100322912 0 0 0.0009029360880249519 0.0007587961181639042 0.0008405348062339887 0.0008217313671752475 0.0007416253111550642 0.0007536857241101888 0.000853964140293473 0.0007771526502308474 0.0007718386243507932 0.000894535620878935
140 1400 0.0017470370574777917 0 0 0.0008046020516241423 0.0006840449513115931 0.0007460207174896525 0.0007116451069362298 0.0006466788847390835 0.0006697435694259206 0.0007583242716117789 0.0007023995521777474 0.0006760125270965405 0.0007837363306411444
141 1410 0.0015619037569756722 0 0 0.000711969220918382 0.0005753356682592388 0.0006577260676282867 0.0006306055509099638 0.0005789857778343547 0.0005980825736505269 0.0006646406603673395 0.0006301688038145312 0.0005969787143522983 0.000701666572416006
142 1420 0.0014567564356680043 0 0 0.0006575032442811014 0.0005210029398431012 0.0006089349502568376 0.0005976192567377071 0.0005265546728633222 0.0005364594021092413 0.0006175046624850694 0.000576150142420761 0.0005494639739576136 0.000648410152430263
143 1430 0.0013391251735441674 0 0 0.0006030176422227577 0.00047429664918185956 0.0005355715519161571 0.0005376640651970652 0.0004842238662192114 0.0004981427002047115 0.0005467946931784726 0.0005204603631150153 0.0005041579522132711 0.0005959164803562172
144 1440 0.0011998237189343678 0 0 0.000535550958216811 0.00042739368050590025 0.0004887927598873613 0.00045709494972285994 0.00042865356522904134 0.00042501178312282363 0.0004876194461708488 0.0004663586341887511 0.00045011399097249886 0.0005298010606687852
145 1450 0.0010604202033062345 0 0 0.00047022626295313325 0.0003686574218928564 0.0004216989404007489 0.00040549663095410405 0.0003770071255281919 0.00037370900212788246 0.0004119113629617015 0.00040483552875148615 0.0003985563422710681 0.0004594429713302539
146 1460 0.0010093628359919252 0 0 0.0004507090102060379 0.0003490807437347211 0.0004025052891623859 0.0003873820007311386 0.00035256176857721217 0.00035563871364289865 0.00038930228983055773 0.0003854323110760401 0.00038475932107396937 0.00041606339528749674
147 1470 0.0009329592416870774 0 0 0.00041462761427184486 0.0003127130262298263 0.0003608786940599974 0.00035493522222701144 0.0003246041748801338 0.0003273250311291317 0.0003638403291965905 0.0003633993374132709 0.00035371404238179044 0.0003813351723022521
148 1480 0.0009367380606986087 0 0 0.00041352111786183436 0.00032031952281858514 0.00035871303525245203 0.0003626439208888533 0.00032968443308262533 0.00032396799632134545 0.0003508477529147011 0.00036639840445970443 0.00037439453919261136 0.0003834465834079755
149 1490 0.0009250888483246751 0 0 0.00039714725937208743 0.00031591754085076156 0.0003538105774331868 0.00034424892317330637 0.00033002732736520633 0.0003188489760043902 0.0003450817484811437 0.00036042306638631627 0.00036647649151424523 0.0003668690013214383
150 1500 0.0008504348086230698 0 0 0.00036271841309788066 0.0002893693210877899 0.000316545284343846 0.0003155940501074642 0.00030359054706173387 0.000296025347675288 0.0003204615304976598 0.00032541387971583017 0.0003356293134466085 0.0003359752436060013
151 1510 0.0007968510017463308 0 0 0.0003296498887290866 0.00026618764610396995 0.00029609361219500133 0.0002913550343686981 0.0002729432512312251 0.0002763085939977094 0.0002969002996271918 0.00029937491971523993 0.0003145310702988318 0.0003202400660272778
152 1520 0.0007157264389930046 0 0 0.000281938880158067 0.00023479823610671606 0.00026544048691548046 0.000261809019486344 0.0002492564621207517 0.00024874575321511504 0.0002602683446591434 0.00026367219539153114 0.00027760375819547533 0.000292917754350165
153 1530 0.000642026063072189 0 0 0.0002502283882104275 0.0002084418851777896 0.00024223988786171508 0.000232194214995612 0.00022140249582187078 0.0002146261543489447 0.00023025824613629502 0.00022695652665245055 0.0002473384189079607 0.00025619377585320047
154 1540 0.000599581521602177 0 0 0.00022872242942527493 0.0001884334753847623 0.00022026534388352843 0.00021630281128520295 0.00020925031828338705 0.0001976657217605739 0.00021462897092005425 0.00020585550685969206 0.00023059311300600708 0.00024422878353125456
155 1550 0.0005324394288532538 0 0 0.00020541175129254281 0.00016426099467288006 0.00019476507287109486 0.00019052883922332048 0.00018346612374259296 0.00017372732946221116 0.00018994416604467467 0.0001815899594055434 0.0002001833814586141 0.00021176793372898776
156 1560 0.0004657628509636885 0 0 0.00017842759099695116 0.00014302494023039151 0.0001674177860608205 0.00016199889920118557 0.0001610819017374798 0.00014903543332720113 0.00016623427683982824 0.00015578107183433415 0.00017430964906394288 0.0001826607296521778
157 1570 0.00043225780867955053 0 0 0.00016883152206240216 0.00013032258402137013 0.00015400095038983397 0.00014779324717835657 0.00014863639900601535 0.00013574319086446002 0.00015103404174248957 0.00014344893778643673 0.00015775081293299358 0.00016955927454869146
158 1580 0.0004342403527288095 0 0 0.00016828559442219517 0.00012886007457037923 0.00015281587036306734 0.0001478248312091843 0.0001504589460981981 0.00013537587745512762 0.00015243487869867427 0.0001437361233675813 0.0001547015016914063 0.0001718157631599071
159 1590 0.00041596497413835435 0 0 0.0001581777165446199 0.00012453142806039062 0.0001482767938727286 0.000142758102413939 0.0001421942986546521 0.00012808231157945572 0.00013777608113329048 0.000137880292740429 0.00014859364882337318 0.00016490771718781337
160 1600 0.00039204523808655773 0 0 0.00014719343636421565 0.00011822143911831687 0.0001379400341335234 0.00013426329188325408 0.00012886891699769645 0.00012044646636060495 0.00012489180143702804 0.00012909164906922227 0.00013752096572887038 0.00015330043735665088
161 1610 0.000407282820574142 0 0 0.00015064973075616328 0.0001255536348913098 0.0001427962294885832 0.00013814780139862628 0.00013177968627654265 0.00012388253208793528 0.00012967047754784344 0.0001360889637530237 0.00013874884669008968 0.00015974174190672765
162 1620 0.0003910921257007218 0 0 0.0001453886205978042 0.00011603882420922832 0.00013542420445811855 0.00013085076844415104 0.00012752658993730423 0.00011677142681152652 0.00012060393211308616 0.000127614822833306 0.0001362883630005043 0.00015405443266098588
163 1630 0.000365248525608049 0 0 0.0001318876646582996 0.00010938353838089117 0.00012512319459207115 0.00012187258476660638 0.00011869031201835053 0.00010698180010204844 0.00011222320859118558 0.00011634679082888653 0.00012229802604367523 0.00014115642373698043
164 1640 0.00033942170554078147 0 0 0.00012132001028385981 0.00010154948753107031 0.00011857051745036135 0.00011353871520351816 0.00010996187552413347 9.953260063839435e-05 0.00010497359985241562 0.00010357105461624001 0.00011238351960998642 0.00012877310122201858
165 1650 0.00033081580243471984 0 0 0.00012130996043962044 9.816434805806309e-05 0.00011302472927185464 0.00010996143905317512 0.00010559424818187457 9.681680016219973e-05 9.924652633729878e-05 9.853474085352623e-05 0.00010900280759565922 0.00012157081191818842
166 1660 0.00030406939252016293 0 0 0.00010859782395190145 8.989011487033997e-05 0.0001035713834165493 0.00010173271698783548 9.664970545304177e-05 8.836728961426148e-05 8.751798902794398e-05 8.909276749961355e-05 0.00010137444268309761 0.00010882126643789218
167 1670 0.00027473314263930324 0 0 9.705071537664281e-05 7.987703151556165e-05 9.331916471764685e-05 8.914127580953518e-05 8.662051735613937e-05 7.910232315206193e-05 7.913400851381025e-05 8.048196062332942e-05 8.926847156323236e-05 9.734903650614737e-05
