% # columns="iteration, evaluation, void, void, void, xmean", seed=977755, Wed Mar 11 16:01:16 2020, <python>{}</python> # scaling_of_variables: 1, typical_x: 0
1 10 0 0 0 -0.9252089203151748 -0.8741282417825683 -0.7990632324807809 -0.9800142670450691 -1.0352845811094216 -0.8244999469170462 -0.9304601250952536 -1.0846514901432736 -0.8440679112091328 -1.1074630733285533
2 20 0 0 0 -0.8472217374591242 -0.8806057229452856 -0.570177313613112 -1.013363545149666 -1.0501491016626796 -0.7242234364833303 -0.8383166516754519 -1.0553727988565942 -0.725480249329783 -0.9935760801888186
3 30 0 0 0 -0.7154352743242842 -0.7754302550406733 -0.43836156802121984 -0.8435287398387659 -0.9386859624795814 -0.4741141043278664 -0.8246085079091535 -1.0571743679298518 -0.6934877830579613 -0.9984869583515378
4 40 0 0 0 -0.810557171011827 -0.5178800569955552 -0.5057788636242715 -0.6863198050667004 -0.8636934949887554 -0.34853291841928746 -0.9591153668213249 -1.0080559620735994 -0.6954710808943367 -1.014822193094158
5 50 0 0 0 -0.8085747250325024 -0.4312624604142502 -0.3423908544797541 -0.5835209650160497 -0.6314888333384004 -0.4261224185138336 -1.0224375882842196 -0.8802051723239882 -0.4430633694126831 -1.070985906022886
6 60 0 0 0 -1.0253963075955836 -0.30160542070976926 -0.20516347365788 -0.47481504388066376 -0.5781897529441757 0.044478130818082995 -0.8692635740659624 -0.6176672221197061 -0.45213316526650993 -1.1521442966137059
7 70 0 0 0 -1.0020784756038603 0.06453750045420387 0.18405532318405543 -0.33331650217901 -0.44099797402679575 0.5132445884559886 -0.8418171401073655 -0.42835392058385535 -0.20586338571027604 -0.9833172296560717
8 80 0 0 0 -1.0544029188351096 0.2768133517550107 0.16016509202481724 -0.047315321254102816 -0.2774594312134289 0.5603075609992751 -0.9606565094131662 -0.6724612954274265 -0.11241752622576741 -0.7919699433350946
9 90 0 0 0 -0.5363903848926359 0.22552445062921617 0.21630010674143252 0.030477328035160914 -0.03291914776845378 0.4619373069522159 -1.108701256028583 -0.9517646041096636 0.2630616503002978 -0.46563317959076905
10 100 0 0 0 0.058991337744315864 0.61786095281461 0.27284541109150456 -0.18265774146394653 -0.018664813152538998 0.878009080213349 -0.9339353694781052 -0.9685462655677333 0.625041199968725 0.12034509927767506
11 110 0 0 0 0.34005463503912087 0.2997284849817139 0.16645512117853103 -0.28163561440625284 0.5981097999014034 0.6070764163580527 -0.7769452401192644 -0.48092237001489513 0.6732593669439921 0.34251560828045297
12 120 0 0 0 0.7537597446900481 0.24411010231944907 0.16553945172477888 -0.2623537285375357 0.49070351675899654 1.17389077361843 -0.3116383729772134 -0.4598543499120787 0.7598961737232881 0.09426457149454925
13 130 0 0 0 0.9418272059985066 0.3300269098834829 -0.09428657981596214 -0.006845342993254899 0.8554076687580623 0.5951641657796638 0.11471855536016295 -0.42404491957399404 0.7461699719161747 0.39921303735557173
14 140 0 0 0 0.7100907029928356 -0.46403943954671983 -0.265639871744763 -0.13196523094715643 0.6675059413296429 0.5888238067134669 0.037482138410847424 -0.47145074877329196 1.7116497174453054 0.3367802450448671
15 150 0 0 0 1.040708784186606 0.07891960938561876 0.13026369165079754 0.3480255190998546 0.6955556075719 1.063445361464469 0.7224586530224363 -0.7210734599311847 1.505891198753288 0.8893220359720062
16 160 0 0 0 0.7963640826709297 -0.40612621345676736 -0.015501316515912966 0.44608015340075097 0.6565545947439122 1.598676892605246 0.5896128347448885 -0.711058944535218 1.3659961913564393 -0.016719321606901483
17 170 0 0 0 0.4877425144502435 -0.04415079932105542 0.877985990192321 0.9899355449316192 0.7604235233142462 1.5657657649945953 0.2486758497307826 -0.9841963185606125 1.583926290101818 0.2176834014991246
18 180 0 0 0 0.7502172725160268 0.4038749275998073 0.6395865206030839 0.8980309894348661 1.0669300060500813 1.7005468730430382 0.36558105764112275 -0.39225321131890944 1.6693550251126645 0.8740923620933521
19 190 0 0 0 0.5533308220927085 0.3662863269772856 0.5888349187647237 0.3866983702242638 0.2228910979204174 1.4924148856364456 0.6083088528524 -0.6182830153846897 0.8877326051436635 0.513225231168555
20 200 0 0 0 0.8212327956462947 0.5816032161287383 0.18868583648876197 0.10799335553064277 0.14349548529075437 0.9643252040846826 0.8062980446763518 0.1713463961459437 1.4124073568626887 0.3433640890754199
21 210 0 0 0 0.5433595697468544 0.6885038996432786 0.6136868257706443 0.4817663160609795 0.5392361077243928 1.087413661212028 0.6778031398541544 0.07011727287290062 1.2645769859676543 0.4259051361959449
22 220 0 0 0 0.6135188829619656 0.796588718840499 0.7162275002492556 0.17930661010101545 0.4609888803640324 0.8699976292834449 0.3231375119949542 0.2861494515552927 1.6765671462811036 0.5936068233372277
23 230 0 0 0 0.5843387876771436 0.7699869125928125 1.127776962568673 0.16713311897010408 0.3918463571275234 0.7690654987382767 0.6872474799168671 0.3303866755645711 1.6300761885397446 0.3998913433922302
24 240 0 0 0 0.8264957801356954 0.37670027862985117 0.9508481977503747 0.23572805287570225 0.2172233982717023 0.8541224206681212 0.7185579135896918 0.4748946007378035 1.5715165440680063 0.31015450266368433
25 250 0 0 0 0.8377683667956726 0.3958019046556885 0.789352032906292 0.38465600987594384 0.22556491015333457 1.0206918071311109 0.5484956641824447 0.9502750896112614 1.2845096133000067 0.3209858565798821
26 260 0 0 0 0.9273077206936322 0.608853935168208 0.6991836611948319 0.6986979466024248 0.2424305000605546 0.8875044983857895 0.5686132042426455 0.6731604240137373 1.2847549835870729 0.6281648755198697
27 270 0 0 0 0.6426243428515465 0.7316220099371589 0.7414795568018877 0.6623299225402747 0.46721846063494943 0.9456578512768402 0.5540641187797345 0.6211370627826867 1.3325335809580332 0.3819067188971743
28 280 0 0 0 0.6069323408119276 0.723034365373915 0.4867778447844181 0.718576701185619 0.5579664100577763 0.7754624124333691 0.46378736028697787 0.5782004469264673 1.3277758445793646 0.5821169123569182
29 290 0 0 0 0.6049463902466309 0.722385218299561 0.6028406133865659 0.5584524843302625 0.5528666043875254 0.8271592243640076 0.5615214609788657 0.6820683618320639 1.3139071499863875 0.693990570745892
30 300 0 0 0 0.398173906010449 0.6113623954487574 0.44203856349834375 0.6203432350766876 0.37485095962168646 0.5637057423519004 0.6646383493125073 0.5744886049464282 1.055009080162535 0.8536759806081581
31 310 0 0 0 0.4338717517145355 0.6380216335290014 0.4877387873421064 0.7607281438268982 0.41688921043003196 0.8518182533081844 0.6819297883753079 0.622657592703198 1.045012521592723 0.6918588822761944
32 320 0 0 0 0.49034149593395615 0.5466008929853943 0.31916280660732266 0.8083511076830496 0.48812960592573057 0.6828000601967464 0.8046322433917644 0.7297813113770274 1.0579884068162606 0.5780127891497367
33 330 0 0 0 0.42405548742143784 0.4989835838898441 0.36093346209752764 0.8223561168708461 0.5668316193494329 0.842469409807308 0.7104096390520842 0.8065679269398995 0.9913597887459816 0.5127041975734492
34 340 0 0 0 0.6305860415373066 0.7218180203987048 0.49640720688924556 1.0342973765041958 0.6857551265445664 0.8039379070839375 0.6590664415048327 0.8521899105352537 1.0277817011321642 0.6924383345975174
35 350 0 0 0 0.6412736467864268 0.769783728333867 0.6469542771670969 1.1117906146608376 0.6813802320327074 0.7773588943696267 0.7968135689943828 0.7240192112555359 0.9272424713900137 0.6862378768036275
36 360 0 0 0 0.697022306156186 0.8147113609534463 0.5838645251237069 0.9892856697713197 0.7843824784157285 0.8080330498183915 0.7977279017261939 0.585347880669563 0.8553713515735071 0.771253193707744
37 370 0 0 0 0.7608118140642909 0.8128302966051754 0.775522299187168 1.0576604938506962 0.7089366960157671 0.8082634855839772 0.8958370881087552 0.6700941584357011 0.9273037532721103 0.7583326321396756
38 380 0 0 0 0.8716578457142603 0.8772606950764561 0.8449167044368442 0.8961675593149745 0.7145525514107065 0.7479057341916988 0.8538990992394526 0.7743645955711003 0.8050893343474599 0.8102509284942188
39 390 0 0 0 0.7479962819998018 0.8973383708917972 0.6297313466427451 0.7868147620579872 0.7633458617330796 0.6674931411416009 0.7456004706580034 0.7981514475329152 0.767021221243961 0.7085612386328813
40 400 0 0 0 0.7279852249685813 1.0344870406121753 0.721027417682637 0.8473907922752274 0.6718279270330353 0.6591337345205945 0.791607518530689 0.7871682587913207 0.813355204272929 0.6303855325376672
41 410 0 0 0 0.7292520710297536 1.057595753596776 0.820961896253825 0.7655241423277146 0.6069276853290111 0.6295678982347188 0.7758352473054808 0.7704819185681206 0.7893815766243102 0.6948596071649562
42 420 0 0 0 0.6216996246199665 1.0998562407106833 0.8090101771049008 0.7971765014063754 0.6262152630073973 0.7041463942324131 0.7296486698767052 0.7887249534631062 0.8295527320333148 0.7250170947376848
43 430 0 0 0 0.5983313723025517 1.09454256776152 0.7942189026019733 0.8048506364462008 0.7421669208176175 0.7331485668704056 0.7331364353308448 0.7941603534584945 0.8630745590225979 0.8240077956097892
44 440 0 0 0 0.6466773099473969 1.0202853680752655 0.803929371992273 0.803816919701878 0.718576936415119 0.7007868903857365 0.6496045515116625 0.7351991272552156 0.9144873162857561 0.8465120833529934
45 450 0 0 0 0.5820390933583166 0.938081501676416 0.711397809424532 0.797571219202382 0.7025754872137586 0.6936100077779138 0.6189805385654573 0.7185489258499558 0.8775229537949996 0.8138695891496079
46 460 0 0 0 0.5564278899141976 1.0243277645870432 0.7607085407751073 0.8225407606210535 0.7158933961571715 0.6998900624109637 0.6704264224717751 0.7511866845436582 0.9071539168350162 0.7971829463276567
47 470 0 0 0 0.665004257123272 0.9729147943558674 0.752206191438226 0.8203614431769964 0.7141488712344112 0.7426102555991643 0.7431945875201509 0.7752049153579155 0.84574033089605 0.7606742713097132
