% # columns="iteration, evaluation, min max(neg(.)) min(pos(.)) max correlation, correlation matrix principle axes lengths  (sorted square roots of eigenvalues of correlation matrix)", seed=860640, Mon Mar  9 13:19:38 2020
1 10 -0.05449518861798099 -0.01872081921565886 0.024614541315534963 0.07679951401762841 0.9129586858312723 0.9702747284842792 0.9792931654821123 0.9836570064842262 0.9891819108005427 0.9994116686732745 1.0036181062740792 1.0183469387510515 1.0454753630133646 1.088059794844228
2 20 -0.05449518861798099 -0.01872081921565886 0.024614541315534963 0.07679951401762841 0.9129586858312723 0.9702747284842792 0.9792931654821123 0.9836570064842262 0.9891819108005427 0.9994116686732745 1.0036181062740792 1.0183469387510515 1.0454753630133646 1.088059794844228
3 30 -0.05449518861798099 -0.01872081921565886 0.024614541315534963 0.07679951401762841 0.9129586858312723 0.9702747284842792 0.9792931654821123 0.9836570064842262 0.9891819108005427 0.9994116686732745 1.0036181062740792 1.0183469387510515 1.0454753630133646 1.088059794844228
4 40 -0.05449518861798099 -0.01872081921565886 0.024614541315534963 0.07679951401762841 0.9129586858312723 0.9702747284842792 0.9792931654821123 0.9836570064842262 0.9891819108005427 0.9994116686732745 1.0036181062740792 1.0183469387510515 1.0454753630133646 1.088059794844228
5 50 -0.05449518861798099 -0.01872081921565886 0.024614541315534963 0.07679951401762841 0.9129586858312723 0.9702747284842792 0.9792931654821123 0.9836570064842262 0.9891819108005427 0.9994116686732745 1.0036181062740792 1.0183469387510515 1.0454753630133646 1.088059794844228
6 60 -0.05449518861798099 -0.01872081921565886 0.024614541315534963 0.07679951401762841 0.9129586858312723 0.9702747284842792 0.9792931654821123 0.9836570064842262 0.9891819108005427 0.9994116686732745 1.0036181062740792 1.0183469387510515 1.0454753630133646 1.088059794844228
7 70 -0.05449518861798099 -0.01872081921565886 0.024614541315534963 0.07679951401762841 0.9129586858312723 0.9702747284842792 0.9792931654821123 0.9836570064842262 0.9891819108005427 0.9994116686732745 1.0036181062740792 1.0183469387510515 1.0454753630133646 1.088059794844228
8 80 -0.05449518861798099 -0.01872081921565886 0.024614541315534963 0.07679951401762841 0.9129586858312723 0.9702747284842792 0.9792931654821123 0.9836570064842262 0.9891819108005427 0.9994116686732745 1.0036181062740792 1.0183469387510515 1.0454753630133646 1.088059794844228
9 90 -0.05449518861798099 -0.01872081921565886 0.024614541315534963 0.07679951401762841 0.9129586858312723 0.9702747284842792 0.9792931654821123 0.9836570064842262 0.9891819108005427 0.9994116686732745 1.0036181062740792 1.0183469387510515 1.0454753630133646 1.088059794844228
10 100 -0.05449518861798099 -0.01872081921565886 0.024614541315534963 0.07679951401762841 0.9129586858312723 0.9702747284842792 0.9792931654821123 0.9836570064842262 0.9891819108005427 0.9994116686732745 1.0036181062740792 1.0183469387510515 1.0454753630133646 1.088059794844228
11 110 -0.25925320733924895 -0.12277185543915792 0.03616450169110131 0.1231611424065318 0.5678815660884395 0.8028526679385496 0.9133946597097923 0.9520728679115354 0.9692139311139819 1.0550156854931434 1.099596197214193 1.1216556221036993 1.1678413683747877 1.1868846768608126
12 120 -0.25925320733924895 -0.12277185543915792 0.03616450169110131 0.1231611424065318 0.5678815660884395 0.8028526679385496 0.9133946597097923 0.9520728679115354 0.9692139311139819 1.0550156854931434 1.099596197214193 1.1216556221036993 1.1678413683747877 1.1868846768608126
13 130 -0.25925320733924895 -0.12277185543915792 0.03616450169110131 0.1231611424065318 0.5678815660884395 0.8028526679385496 0.9133946597097923 0.9520728679115354 0.9692139311139819 1.0550156854931434 1.099596197214193 1.1216556221036993 1.1678413683747877 1.1868846768608126
14 140 -0.25925320733924895 -0.12277185543915792 0.03616450169110131 0.1231611424065318 0.5678815660884395 0.8028526679385496 0.9133946597097923 0.9520728679115354 0.9692139311139819 1.0550156854931434 1.099596197214193 1.1216556221036993 1.1678413683747877 1.1868846768608126
15 150 -0.25925320733924895 -0.12277185543915792 0.03616450169110131 0.1231611424065318 0.5678815660884395 0.8028526679385496 0.9133946597097923 0.9520728679115354 0.9692139311139819 1.0550156854931434 1.099596197214193 1.1216556221036993 1.1678413683747877 1.1868846768608126
16 160 -0.25925320733924895 -0.12277185543915792 0.03616450169110131 0.1231611424065318 0.5678815660884395 0.8028526679385496 0.9133946597097923 0.9520728679115354 0.9692139311139819 1.0550156854931434 1.099596197214193 1.1216556221036993 1.1678413683747877 1.1868846768608126
17 170 -0.25925320733924895 -0.12277185543915792 0.03616450169110131 0.1231611424065318 0.5678815660884395 0.8028526679385496 0.9133946597097923 0.9520728679115354 0.9692139311139819 1.0550156854931434 1.099596197214193 1.1216556221036993 1.1678413683747877 1.1868846768608126
18 180 -0.25925320733924895 -0.12277185543915792 0.03616450169110131 0.1231611424065318 0.5678815660884395 0.8028526679385496 0.9133946597097923 0.9520728679115354 0.9692139311139819 1.0550156854931434 1.099596197214193 1.1216556221036993 1.1678413683747877 1.1868846768608126
19 190 -0.25925320733924895 -0.12277185543915792 0.03616450169110131 0.1231611424065318 0.5678815660884395 0.8028526679385496 0.9133946597097923 0.9520728679115354 0.9692139311139819 1.0550156854931434 1.099596197214193 1.1216556221036993 1.1678413683747877 1.1868846768608126
20 200 -0.25925320733924895 -0.12277185543915792 0.03616450169110131 0.1231611424065318 0.5678815660884395 0.8028526679385496 0.9133946597097923 0.9520728679115354 0.9692139311139819 1.0550156854931434 1.099596197214193 1.1216556221036993 1.1678413683747877 1.1868846768608126
21 210 -0.29964954298547747 -0.1409904426466384 0.011340993922316318 0.2446020565687876 0.5565207538284737 0.7898556047754978 0.8598873930787455 0.9265163916290359 0.9758568283835569 1.020867519817227 1.0637935489176378 1.106333137261481 1.206035934331817 1.2899435563961879
22 220 -0.29964954298547747 -0.1409904426466384 0.011340993922316318 0.2446020565687876 0.5565207538284737 0.7898556047754978 0.8598873930787455 0.9265163916290359 0.9758568283835569 1.020867519817227 1.0637935489176378 1.106333137261481 1.206035934331817 1.2899435563961879
23 230 -0.29964954298547747 -0.1409904426466384 0.011340993922316318 0.2446020565687876 0.5565207538284737 0.7898556047754978 0.8598873930787455 0.9265163916290359 0.9758568283835569 1.020867519817227 1.0637935489176378 1.106333137261481 1.206035934331817 1.2899435563961879
24 240 -0.29964954298547747 -0.1409904426466384 0.011340993922316318 0.2446020565687876 0.5565207538284737 0.7898556047754978 0.8598873930787455 0.9265163916290359 0.9758568283835569 1.020867519817227 1.0637935489176378 1.106333137261481 1.206035934331817 1.2899435563961879
25 250 -0.29964954298547747 -0.1409904426466384 0.011340993922316318 0.2446020565687876 0.5565207538284737 0.7898556047754978 0.8598873930787455 0.9265163916290359 0.9758568283835569 1.020867519817227 1.0637935489176378 1.106333137261481 1.206035934331817 1.2899435563961879
26 260 -0.29964954298547747 -0.1409904426466384 0.011340993922316318 0.2446020565687876 0.5565207538284737 0.7898556047754978 0.8598873930787455 0.9265163916290359 0.9758568283835569 1.020867519817227 1.0637935489176378 1.106333137261481 1.206035934331817 1.2899435563961879
27 270 -0.29964954298547747 -0.1409904426466384 0.011340993922316318 0.2446020565687876 0.5565207538284737 0.7898556047754978 0.8598873930787455 0.9265163916290359 0.9758568283835569 1.020867519817227 1.0637935489176378 1.106333137261481 1.206035934331817 1.2899435563961879
28 280 -0.29964954298547747 -0.1409904426466384 0.011340993922316318 0.2446020565687876 0.5565207538284737 0.7898556047754978 0.8598873930787455 0.9265163916290359 0.9758568283835569 1.020867519817227 1.0637935489176378 1.106333137261481 1.206035934331817 1.2899435563961879
29 290 -0.29964954298547747 -0.1409904426466384 0.011340993922316318 0.2446020565687876 0.5565207538284737 0.7898556047754978 0.8598873930787455 0.9265163916290359 0.9758568283835569 1.020867519817227 1.0637935489176378 1.106333137261481 1.206035934331817 1.2899435563961879
30 300 -0.29964954298547747 -0.1409904426466384 0.011340993922316318 0.2446020565687876 0.5565207538284737 0.7898556047754978 0.8598873930787455 0.9265163916290359 0.9758568283835569 1.020867519817227 1.0637935489176378 1.106333137261481 1.206035934331817 1.2899435563961879
31 310 -0.2735351571020423 -0.13761173895190915 0.013020298536603341 0.1637380813328823 0.5783808096790174 0.8115728194630681 0.9013757788088986 0.9166175588248472 0.9710255305164165 0.9886726553296127 1.0692183226976937 1.134265417216092 1.193580892273104 1.2567313750117486
32 320 -0.2735351571020423 -0.13761173895190915 0.013020298536603341 0.1637380813328823 0.5783808096790174 0.8115728194630681 0.9013757788088986 0.9166175588248472 0.9710255305164165 0.9886726553296127 1.0692183226976937 1.134265417216092 1.193580892273104 1.2567313750117486
33 330 -0.2735351571020423 -0.13761173895190915 0.013020298536603341 0.1637380813328823 0.5783808096790174 0.8115728194630681 0.9013757788088986 0.9166175588248472 0.9710255305164165 0.9886726553296127 1.0692183226976937 1.134265417216092 1.193580892273104 1.2567313750117486
34 340 -0.2735351571020423 -0.13761173895190915 0.013020298536603341 0.1637380813328823 0.5783808096790174 0.8115728194630681 0.9013757788088986 0.9166175588248472 0.9710255305164165 0.9886726553296127 1.0692183226976937 1.134265417216092 1.193580892273104 1.2567313750117486
35 350 -0.2735351571020423 -0.13761173895190915 0.013020298536603341 0.1637380813328823 0.5783808096790174 0.8115728194630681 0.9013757788088986 0.9166175588248472 0.9710255305164165 0.9886726553296127 1.0692183226976937 1.134265417216092 1.193580892273104 1.2567313750117486
36 360 -0.2735351571020423 -0.13761173895190915 0.013020298536603341 0.1637380813328823 0.5783808096790174 0.8115728194630681 0.9013757788088986 0.9166175588248472 0.9710255305164165 0.9886726553296127 1.0692183226976937 1.134265417216092 1.193580892273104 1.2567313750117486
37 370 -0.2735351571020423 -0.13761173895190915 0.013020298536603341 0.1637380813328823 0.5783808096790174 0.8115728194630681 0.9013757788088986 0.9166175588248472 0.9710255305164165 0.9886726553296127 1.0692183226976937 1.134265417216092 1.193580892273104 1.2567313750117486
38 380 -0.2735351571020423 -0.13761173895190915 0.013020298536603341 0.1637380813328823 0.5783808096790174 0.8115728194630681 0.9013757788088986 0.9166175588248472 0.9710255305164165 0.9886726553296127 1.0692183226976937 1.134265417216092 1.193580892273104 1.2567313750117486
39 390 -0.2735351571020423 -0.13761173895190915 0.013020298536603341 0.1637380813328823 0.5783808096790174 0.8115728194630681 0.9013757788088986 0.9166175588248472 0.9710255305164165 0.9886726553296127 1.0692183226976937 1.134265417216092 1.193580892273104 1.2567313750117486
40 400 -0.2735351571020423 -0.13761173895190915 0.013020298536603341 0.1637380813328823 0.5783808096790174 0.8115728194630681 0.9013757788088986 0.9166175588248472 0.9710255305164165 0.9886726553296127 1.0692183226976937 1.134265417216092 1.193580892273104 1.2567313750117486
41 410 -0.370180490882714 -0.14193490685068308 0.0030802412380479434 0.09991629366803789 0.5434731979932486 0.8126749115846946 0.8830712604100408 0.936893591446337 0.9885512695210686 1.0125225115373035 1.0730323650054132 1.1274615107162596 1.18534482074662 1.2476242267126514
42 420 -0.370180490882714 -0.14193490685068308 0.0030802412380479434 0.09991629366803789 0.5434731979932486 0.8126749115846946 0.8830712604100408 0.936893591446337 0.9885512695210686 1.0125225115373035 1.0730323650054132 1.1274615107162596 1.18534482074662 1.2476242267126514
43 430 -0.370180490882714 -0.14193490685068308 0.0030802412380479434 0.09991629366803789 0.5434731979932486 0.8126749115846946 0.8830712604100408 0.936893591446337 0.9885512695210686 1.0125225115373035 1.0730323650054132 1.1274615107162596 1.18534482074662 1.2476242267126514
44 440 -0.370180490882714 -0.14193490685068308 0.0030802412380479434 0.09991629366803789 0.5434731979932486 0.8126749115846946 0.8830712604100408 0.936893591446337 0.9885512695210686 1.0125225115373035 1.0730323650054132 1.1274615107162596 1.18534482074662 1.2476242267126514
45 450 -0.370180490882714 -0.14193490685068308 0.0030802412380479434 0.09991629366803789 0.5434731979932486 0.8126749115846946 0.8830712604100408 0.936893591446337 0.9885512695210686 1.0125225115373035 1.0730323650054132 1.1274615107162596 1.18534482074662 1.2476242267126514
46 460 -0.370180490882714 -0.14193490685068308 0.0030802412380479434 0.09991629366803789 0.5434731979932486 0.8126749115846946 0.8830712604100408 0.936893591446337 0.9885512695210686 1.0125225115373035 1.0730323650054132 1.1274615107162596 1.18534482074662 1.2476242267126514
47 470 -0.370180490882714 -0.14193490685068308 0.0030802412380479434 0.09991629366803789 0.5434731979932486 0.8126749115846946 0.8830712604100408 0.936893591446337 0.9885512695210686 1.0125225115373035 1.0730323650054132 1.1274615107162596 1.18534482074662 1.2476242267126514
48 480 -0.370180490882714 -0.14193490685068308 0.0030802412380479434 0.09991629366803789 0.5434731979932486 0.8126749115846946 0.8830712604100408 0.936893591446337 0.9885512695210686 1.0125225115373035 1.0730323650054132 1.1274615107162596 1.18534482074662 1.2476242267126514
49 490 -0.370180490882714 -0.14193490685068308 0.0030802412380479434 0.09991629366803789 0.5434731979932486 0.8126749115846946 0.8830712604100408 0.936893591446337 0.9885512695210686 1.0125225115373035 1.0730323650054132 1.1274615107162596 1.18534482074662 1.2476242267126514
50 500 -0.370180490882714 -0.14193490685068308 0.0030802412380479434 0.09991629366803789 0.5434731979932486 0.8126749115846946 0.8830712604100408 0.936893591446337 0.9885512695210686 1.0125225115373035 1.0730323650054132 1.1274615107162596 1.18534482074662 1.2476242267126514
51 510 -0.3209168015701247 -0.1576391269867306 0.011743937239583085 0.11235478378103807 0.5777325511758132 0.8090476089625768 0.8375509492508472 0.8899485852171566 0.9700187549756607 1.052012224745562 1.0573937199524497 1.125131126134245 1.2219487725815337 1.2622759405136659
52 520 -0.3209168015701247 -0.1576391269867306 0.011743937239583085 0.11235478378103807 0.5777325511758132 0.8090476089625768 0.8375509492508472 0.8899485852171566 0.9700187549756607 1.052012224745562 1.0573937199524497 1.125131126134245 1.2219487725815337 1.2622759405136659
53 530 -0.3209168015701247 -0.1576391269867306 0.011743937239583085 0.11235478378103807 0.5777325511758132 0.8090476089625768 0.8375509492508472 0.8899485852171566 0.9700187549756607 1.052012224745562 1.0573937199524497 1.125131126134245 1.2219487725815337 1.2622759405136659
54 540 -0.3209168015701247 -0.1576391269867306 0.011743937239583085 0.11235478378103807 0.5777325511758132 0.8090476089625768 0.8375509492508472 0.8899485852171566 0.9700187549756607 1.052012224745562 1.0573937199524497 1.125131126134245 1.2219487725815337 1.2622759405136659
55 550 -0.3209168015701247 -0.1576391269867306 0.011743937239583085 0.11235478378103807 0.5777325511758132 0.8090476089625768 0.8375509492508472 0.8899485852171566 0.9700187549756607 1.052012224745562 1.0573937199524497 1.125131126134245 1.2219487725815337 1.2622759405136659
56 560 -0.3209168015701247 -0.1576391269867306 0.011743937239583085 0.11235478378103807 0.5777325511758132 0.8090476089625768 0.8375509492508472 0.8899485852171566 0.9700187549756607 1.052012224745562 1.0573937199524497 1.125131126134245 1.2219487725815337 1.2622759405136659
57 570 -0.3209168015701247 -0.1576391269867306 0.011743937239583085 0.11235478378103807 0.5777325511758132 0.8090476089625768 0.8375509492508472 0.8899485852171566 0.9700187549756607 1.052012224745562 1.0573937199524497 1.125131126134245 1.2219487725815337 1.2622759405136659
58 580 -0.3209168015701247 -0.1576391269867306 0.011743937239583085 0.11235478378103807 0.5777325511758132 0.8090476089625768 0.8375509492508472 0.8899485852171566 0.9700187549756607 1.052012224745562 1.0573937199524497 1.125131126134245 1.2219487725815337 1.2622759405136659
59 590 -0.3209168015701247 -0.1576391269867306 0.011743937239583085 0.11235478378103807 0.5777325511758132 0.8090476089625768 0.8375509492508472 0.8899485852171566 0.9700187549756607 1.052012224745562 1.0573937199524497 1.125131126134245 1.2219487725815337 1.2622759405136659
60 600 -0.3209168015701247 -0.1576391269867306 0.011743937239583085 0.11235478378103807 0.5777325511758132 0.8090476089625768 0.8375509492508472 0.8899485852171566 0.9700187549756607 1.052012224745562 1.0573937199524497 1.125131126134245 1.2219487725815337 1.2622759405136659
61 610 -0.294481706279232 -0.16408734425749022 0.03706264345227919 0.16543232724040458 0.5687785076588042 0.7114162007607922 0.8324264237817589 0.9042273298295547 0.9199737547939938 1.0011232836219768 1.040910489712971 1.1908631069906173 1.271584979489506 1.3010148722173578
62 620 -0.294481706279232 -0.16408734425749022 0.03706264345227919 0.16543232724040458 0.5687785076588042 0.7114162007607922 0.8324264237817589 0.9042273298295547 0.9199737547939938 1.0011232836219768 1.040910489712971 1.1908631069906173 1.271584979489506 1.3010148722173578
63 630 -0.294481706279232 -0.16408734425749022 0.03706264345227919 0.16543232724040458 0.5687785076588042 0.7114162007607922 0.8324264237817589 0.9042273298295547 0.9199737547939938 1.0011232836219768 1.040910489712971 1.1908631069906173 1.271584979489506 1.3010148722173578
64 640 -0.294481706279232 -0.16408734425749022 0.03706264345227919 0.16543232724040458 0.5687785076588042 0.7114162007607922 0.8324264237817589 0.9042273298295547 0.9199737547939938 1.0011232836219768 1.040910489712971 1.1908631069906173 1.271584979489506 1.3010148722173578
65 650 -0.294481706279232 -0.16408734425749022 0.03706264345227919 0.16543232724040458 0.5687785076588042 0.7114162007607922 0.8324264237817589 0.9042273298295547 0.9199737547939938 1.0011232836219768 1.040910489712971 1.1908631069906173 1.271584979489506 1.3010148722173578
66 660 -0.294481706279232 -0.16408734425749022 0.03706264345227919 0.16543232724040458 0.5687785076588042 0.7114162007607922 0.8324264237817589 0.9042273298295547 0.9199737547939938 1.0011232836219768 1.040910489712971 1.1908631069906173 1.271584979489506 1.3010148722173578
67 670 -0.294481706279232 -0.16408734425749022 0.03706264345227919 0.16543232724040458 0.5687785076588042 0.7114162007607922 0.8324264237817589 0.9042273298295547 0.9199737547939938 1.0011232836219768 1.040910489712971 1.1908631069906173 1.271584979489506 1.3010148722173578
68 680 -0.294481706279232 -0.16408734425749022 0.03706264345227919 0.16543232724040458 0.5687785076588042 0.7114162007607922 0.8324264237817589 0.9042273298295547 0.9199737547939938 1.0011232836219768 1.040910489712971 1.1908631069906173 1.271584979489506 1.3010148722173578
69 690 -0.294481706279232 -0.16408734425749022 0.03706264345227919 0.16543232724040458 0.5687785076588042 0.7114162007607922 0.8324264237817589 0.9042273298295547 0.9199737547939938 1.0011232836219768 1.040910489712971 1.1908631069906173 1.271584979489506 1.3010148722173578
70 700 -0.294481706279232 -0.16408734425749022 0.03706264345227919 0.16543232724040458 0.5687785076588042 0.7114162007607922 0.8324264237817589 0.9042273298295547 0.9199737547939938 1.0011232836219768 1.040910489712971 1.1908631069906173 1.271584979489506 1.3010148722173578
71 710 -0.2929801956707383 -0.1307747160581728 0.0663278669332568 0.22589976758473504 0.6681629151257009 0.749912186888044 0.778661327351446 0.8778536010461507 0.9338232008478697 0.9849268849484836 1.0006248184103896 1.187246591382002 1.2821048882476103 1.310551579928696
72 720 -0.2929801956707383 -0.1307747160581728 0.0663278669332568 0.22589976758473504 0.6681629151257009 0.749912186888044 0.778661327351446 0.8778536010461507 0.9338232008478697 0.9849268849484836 1.0006248184103896 1.187246591382002 1.2821048882476103 1.310551579928696
73 730 -0.2929801956707383 -0.1307747160581728 0.0663278669332568 0.22589976758473504 0.6681629151257009 0.749912186888044 0.778661327351446 0.8778536010461507 0.9338232008478697 0.9849268849484836 1.0006248184103896 1.187246591382002 1.2821048882476103 1.310551579928696
74 740 -0.2929801956707383 -0.1307747160581728 0.0663278669332568 0.22589976758473504 0.6681629151257009 0.749912186888044 0.778661327351446 0.8778536010461507 0.9338232008478697 0.9849268849484836 1.0006248184103896 1.187246591382002 1.2821048882476103 1.310551579928696
75 750 -0.2929801956707383 -0.1307747160581728 0.0663278669332568 0.22589976758473504 0.6681629151257009 0.749912186888044 0.778661327351446 0.8778536010461507 0.9338232008478697 0.9849268849484836 1.0006248184103896 1.187246591382002 1.2821048882476103 1.310551579928696
76 760 -0.2929801956707383 -0.1307747160581728 0.0663278669332568 0.22589976758473504 0.6681629151257009 0.749912186888044 0.778661327351446 0.8778536010461507 0.9338232008478697 0.9849268849484836 1.0006248184103896 1.187246591382002 1.2821048882476103 1.310551579928696
77 770 -0.2929801956707383 -0.1307747160581728 0.0663278669332568 0.22589976758473504 0.6681629151257009 0.749912186888044 0.778661327351446 0.8778536010461507 0.9338232008478697 0.9849268849484836 1.0006248184103896 1.187246591382002 1.2821048882476103 1.310551579928696
78 780 -0.2929801956707383 -0.1307747160581728 0.0663278669332568 0.22589976758473504 0.6681629151257009 0.749912186888044 0.778661327351446 0.8778536010461507 0.9338232008478697 0.9849268849484836 1.0006248184103896 1.187246591382002 1.2821048882476103 1.310551579928696
79 790 -0.2929801956707383 -0.1307747160581728 0.0663278669332568 0.22589976758473504 0.6681629151257009 0.749912186888044 0.778661327351446 0.8778536010461507 0.9338232008478697 0.9849268849484836 1.0006248184103896 1.187246591382002 1.2821048882476103 1.310551579928696
80 800 -0.2929801956707383 -0.1307747160581728 0.0663278669332568 0.22589976758473504 0.6681629151257009 0.749912186888044 0.778661327351446 0.8778536010461507 0.9338232008478697 0.9849268849484836 1.0006248184103896 1.187246591382002 1.2821048882476103 1.310551579928696
81 810 -0.3027120330770714 -0.10120165378814673 0.11963061297241784 0.3424058715367052 0.6843059636817871 0.7193804179383531 0.7589409580052742 0.8409945069741696 0.9194407551818113 0.9790896206200985 1.0413459236228995 1.1781076994744786 1.2092668090436214 1.411488907749814
82 820 -0.3027120330770714 -0.10120165378814673 0.11963061297241784 0.3424058715367052 0.6843059636817871 0.7193804179383531 0.7589409580052742 0.8409945069741696 0.9194407551818113 0.9790896206200985 1.0413459236228995 1.1781076994744786 1.2092668090436214 1.411488907749814
83 830 -0.3027120330770714 -0.10120165378814673 0.11963061297241784 0.3424058715367052 0.6843059636817871 0.7193804179383531 0.7589409580052742 0.8409945069741696 0.9194407551818113 0.9790896206200985 1.0413459236228995 1.1781076994744786 1.2092668090436214 1.411488907749814
84 840 -0.3027120330770714 -0.10120165378814673 0.11963061297241784 0.3424058715367052 0.6843059636817871 0.7193804179383531 0.7589409580052742 0.8409945069741696 0.9194407551818113 0.9790896206200985 1.0413459236228995 1.1781076994744786 1.2092668090436214 1.411488907749814
85 850 -0.3027120330770714 -0.10120165378814673 0.11963061297241784 0.3424058715367052 0.6843059636817871 0.7193804179383531 0.7589409580052742 0.8409945069741696 0.9194407551818113 0.9790896206200985 1.0413459236228995 1.1781076994744786 1.2092668090436214 1.411488907749814
86 860 -0.3027120330770714 -0.10120165378814673 0.11963061297241784 0.3424058715367052 0.6843059636817871 0.7193804179383531 0.7589409580052742 0.8409945069741696 0.9194407551818113 0.9790896206200985 1.0413459236228995 1.1781076994744786 1.2092668090436214 1.411488907749814
87 870 -0.3027120330770714 -0.10120165378814673 0.11963061297241784 0.3424058715367052 0.6843059636817871 0.7193804179383531 0.7589409580052742 0.8409945069741696 0.9194407551818113 0.9790896206200985 1.0413459236228995 1.1781076994744786 1.2092668090436214 1.411488907749814
88 880 -0.3027120330770714 -0.10120165378814673 0.11963061297241784 0.3424058715367052 0.6843059636817871 0.7193804179383531 0.7589409580052742 0.8409945069741696 0.9194407551818113 0.9790896206200985 1.0413459236228995 1.1781076994744786 1.2092668090436214 1.411488907749814
89 890 -0.3027120330770714 -0.10120165378814673 0.11963061297241784 0.3424058715367052 0.6843059636817871 0.7193804179383531 0.7589409580052742 0.8409945069741696 0.9194407551818113 0.9790896206200985 1.0413459236228995 1.1781076994744786 1.2092668090436214 1.411488907749814
90 900 -0.3027120330770714 -0.10120165378814673 0.11963061297241784 0.3424058715367052 0.6843059636817871 0.7193804179383531 0.7589409580052742 0.8409945069741696 0.9194407551818113 0.9790896206200985 1.0413459236228995 1.1781076994744786 1.2092668090436214 1.411488907749814
91 910 -0.2120845546376704 -0.0014682071759671445 0.18071735545817935 0.3729365012488909 0.6797341482492835 0.6860128271249772 0.7830823405334233 0.8293831169725129 0.9473755234748019 0.9669062863953823 1.066009023003261 1.1222105690067223 1.2010205918944612 1.4476336457578367
92 920 -0.2120845546376704 -0.0014682071759671445 0.18071735545817935 0.3729365012488909 0.6797341482492835 0.6860128271249772 0.7830823405334233 0.8293831169725129 0.9473755234748019 0.9669062863953823 1.066009023003261 1.1222105690067223 1.2010205918944612 1.4476336457578367
93 930 -0.2120845546376704 -0.0014682071759671445 0.18071735545817935 0.3729365012488909 0.6797341482492835 0.6860128271249772 0.7830823405334233 0.8293831169725129 0.9473755234748019 0.9669062863953823 1.066009023003261 1.1222105690067223 1.2010205918944612 1.4476336457578367
94 940 -0.2120845546376704 -0.0014682071759671445 0.18071735545817935 0.3729365012488909 0.6797341482492835 0.6860128271249772 0.7830823405334233 0.8293831169725129 0.9473755234748019 0.9669062863953823 1.066009023003261 1.1222105690067223 1.2010205918944612 1.4476336457578367
95 950 -0.2120845546376704 -0.0014682071759671445 0.18071735545817935 0.3729365012488909 0.6797341482492835 0.6860128271249772 0.7830823405334233 0.8293831169725129 0.9473755234748019 0.9669062863953823 1.066009023003261 1.1222105690067223 1.2010205918944612 1.4476336457578367
96 960 -0.2120845546376704 -0.0014682071759671445 0.18071735545817935 0.3729365012488909 0.6797341482492835 0.6860128271249772 0.7830823405334233 0.8293831169725129 0.9473755234748019 0.9669062863953823 1.066009023003261 1.1222105690067223 1.2010205918944612 1.4476336457578367
97 970 -0.2120845546376704 -0.0014682071759671445 0.18071735545817935 0.3729365012488909 0.6797341482492835 0.6860128271249772 0.7830823405334233 0.8293831169725129 0.9473755234748019 0.9669062863953823 1.066009023003261 1.1222105690067223 1.2010205918944612 1.4476336457578367
98 980 -0.2120845546376704 -0.0014682071759671445 0.18071735545817935 0.3729365012488909 0.6797341482492835 0.6860128271249772 0.7830823405334233 0.8293831169725129 0.9473755234748019 0.9669062863953823 1.066009023003261 1.1222105690067223 1.2010205918944612 1.4476336457578367
99 990 -0.2120845546376704 -0.0014682071759671445 0.18071735545817935 0.3729365012488909 0.6797341482492835 0.6860128271249772 0.7830823405334233 0.8293831169725129 0.9473755234748019 0.9669062863953823 1.066009023003261 1.1222105690067223 1.2010205918944612 1.4476336457578367
100 1000 -0.2120845546376704 -0.0014682071759671445 0.18071735545817935 0.3729365012488909 0.6797341482492835 0.6860128271249772 0.7830823405334233 0.8293831169725129 0.9473755234748019 0.9669062863953823 1.066009023003261 1.1222105690067223 1.2010205918944612 1.4476336457578367
101 1010 -0.29050766343895257 0.01981827684789654 0.2266776215102232 0.37371569533312554 0.636906430016696 0.7084636303201782 0.8052646537757643 0.8179750091050153 0.8673887087455271 0.8992646684412398 1.0070994184679942 1.1352202280284807 1.227643698651181 1.550410214803961
102 1020 -0.29050766343895257 0.01981827684789654 0.2266776215102232 0.37371569533312554 0.636906430016696 0.7084636303201782 0.8052646537757643 0.8179750091050153 0.8673887087455271 0.8992646684412398 1.0070994184679942 1.1352202280284807 1.227643698651181 1.550410214803961
103 1030 -0.29050766343895257 0.01981827684789654 0.2266776215102232 0.37371569533312554 0.636906430016696 0.7084636303201782 0.8052646537757643 0.8179750091050153 0.8673887087455271 0.8992646684412398 1.0070994184679942 1.1352202280284807 1.227643698651181 1.550410214803961
104 1040 -0.29050766343895257 0.01981827684789654 0.2266776215102232 0.37371569533312554 0.636906430016696 0.7084636303201782 0.8052646537757643 0.8179750091050153 0.8673887087455271 0.8992646684412398 1.0070994184679942 1.1352202280284807 1.227643698651181 1.550410214803961
105 1050 -0.29050766343895257 0.01981827684789654 0.2266776215102232 0.37371569533312554 0.636906430016696 0.7084636303201782 0.8052646537757643 0.8179750091050153 0.8673887087455271 0.8992646684412398 1.0070994184679942 1.1352202280284807 1.227643698651181 1.550410214803961
106 1060 -0.29050766343895257 0.01981827684789654 0.2266776215102232 0.37371569533312554 0.636906430016696 0.7084636303201782 0.8052646537757643 0.8179750091050153 0.8673887087455271 0.8992646684412398 1.0070994184679942 1.1352202280284807 1.227643698651181 1.550410214803961
107 1070 -0.29050766343895257 0.01981827684789654 0.2266776215102232 0.37371569533312554 0.636906430016696 0.7084636303201782 0.8052646537757643 0.8179750091050153 0.8673887087455271 0.8992646684412398 1.0070994184679942 1.1352202280284807 1.227643698651181 1.550410214803961
108 1080 -0.29050766343895257 0.01981827684789654 0.2266776215102232 0.37371569533312554 0.636906430016696 0.7084636303201782 0.8052646537757643 0.8179750091050153 0.8673887087455271 0.8992646684412398 1.0070994184679942 1.1352202280284807 1.227643698651181 1.550410214803961
109 1090 -0.29050766343895257 0.01981827684789654 0.2266776215102232 0.37371569533312554 0.636906430016696 0.7084636303201782 0.8052646537757643 0.8179750091050153 0.8673887087455271 0.8992646684412398 1.0070994184679942 1.1352202280284807 1.227643698651181 1.550410214803961
110 1100 -0.29050766343895257 0.01981827684789654 0.2266776215102232 0.37371569533312554 0.636906430016696 0.7084636303201782 0.8052646537757643 0.8179750091050153 0.8673887087455271 0.8992646684412398 1.0070994184679942 1.1352202280284807 1.227643698651181 1.550410214803961
111 1110 -0.06399486149472922 0.1682715918068035 0.31361106984118703 0.4497684167392786 0.610234550907 0.6591723150762724 0.7390293239659553 0.8255755093431821 0.8374933190752711 0.901108767871824 0.9352865808914823 0.9834352578907044 1.180313501584135 1.7935797893308962
112 1120 -0.06399486149472922 0.1682715918068035 0.31361106984118703 0.4497684167392786 0.610234550907 0.6591723150762724 0.7390293239659553 0.8255755093431821 0.8374933190752711 0.901108767871824 0.9352865808914823 0.9834352578907044 1.180313501584135 1.7935797893308962
113 1130 -0.06399486149472922 0.1682715918068035 0.31361106984118703 0.4497684167392786 0.610234550907 0.6591723150762724 0.7390293239659553 0.8255755093431821 0.8374933190752711 0.901108767871824 0.9352865808914823 0.9834352578907044 1.180313501584135 1.7935797893308962
114 1140 -0.06399486149472922 0.1682715918068035 0.31361106984118703 0.4497684167392786 0.610234550907 0.6591723150762724 0.7390293239659553 0.8255755093431821 0.8374933190752711 0.901108767871824 0.9352865808914823 0.9834352578907044 1.180313501584135 1.7935797893308962
115 1150 -0.06399486149472922 0.1682715918068035 0.31361106984118703 0.4497684167392786 0.610234550907 0.6591723150762724 0.7390293239659553 0.8255755093431821 0.8374933190752711 0.901108767871824 0.9352865808914823 0.9834352578907044 1.180313501584135 1.7935797893308962
116 1160 -0.06399486149472922 0.1682715918068035 0.31361106984118703 0.4497684167392786 0.610234550907 0.6591723150762724 0.7390293239659553 0.8255755093431821 0.8374933190752711 0.901108767871824 0.9352865808914823 0.9834352578907044 1.180313501584135 1.7935797893308962
117 1170 -0.06399486149472922 0.1682715918068035 0.31361106984118703 0.4497684167392786 0.610234550907 0.6591723150762724 0.7390293239659553 0.8255755093431821 0.8374933190752711 0.901108767871824 0.9352865808914823 0.9834352578907044 1.180313501584135 1.7935797893308962
118 1180 -0.06399486149472922 0.1682715918068035 0.31361106984118703 0.4497684167392786 0.610234550907 0.6591723150762724 0.7390293239659553 0.8255755093431821 0.8374933190752711 0.901108767871824 0.9352865808914823 0.9834352578907044 1.180313501584135 1.7935797893308962
119 1190 -0.06399486149472922 0.1682715918068035 0.31361106984118703 0.4497684167392786 0.610234550907 0.6591723150762724 0.7390293239659553 0.8255755093431821 0.8374933190752711 0.901108767871824 0.9352865808914823 0.9834352578907044 1.180313501584135 1.7935797893308962
120 1200 -0.06399486149472922 0.1682715918068035 0.31361106984118703 0.4497684167392786 0.610234550907 0.6591723150762724 0.7390293239659553 0.8255755093431821 0.8374933190752711 0.901108767871824 0.9352865808914823 0.9834352578907044 1.180313501584135 1.7935797893308962
121 1210 0.05110578635932314 0.2528978300179259 0.37498198574404223 0.5187440370391614 0.5969060488901874 0.62175486249509 0.7283218280492735 0.7569293968969585 0.8076731909361003 0.8196757255019188 0.92722995075634 1.0113859421062588 1.0632115845100343 1.9535734451056816
122 1220 0.05110578635932314 0.2528978300179259 0.37498198574404223 0.5187440370391614 0.5969060488901874 0.62175486249509 0.7283218280492735 0.7569293968969585 0.8076731909361003 0.8196757255019188 0.92722995075634 1.0113859421062588 1.0632115845100343 1.9535734451056816
123 1230 0.05110578635932314 0.2528978300179259 0.37498198574404223 0.5187440370391614 0.5969060488901874 0.62175486249509 0.7283218280492735 0.7569293968969585 0.8076731909361003 0.8196757255019188 0.92722995075634 1.0113859421062588 1.0632115845100343 1.9535734451056816
124 1240 0.05110578635932314 0.2528978300179259 0.37498198574404223 0.5187440370391614 0.5969060488901874 0.62175486249509 0.7283218280492735 0.7569293968969585 0.8076731909361003 0.8196757255019188 0.92722995075634 1.0113859421062588 1.0632115845100343 1.9535734451056816
125 1250 0.05110578635932314 0.2528978300179259 0.37498198574404223 0.5187440370391614 0.5969060488901874 0.62175486249509 0.7283218280492735 0.7569293968969585 0.8076731909361003 0.8196757255019188 0.92722995075634 1.0113859421062588 1.0632115845100343 1.9535734451056816
126 1260 0.05110578635932314 0.2528978300179259 0.37498198574404223 0.5187440370391614 0.5969060488901874 0.62175486249509 0.7283218280492735 0.7569293968969585 0.8076731909361003 0.8196757255019188 0.92722995075634 1.0113859421062588 1.0632115845100343 1.9535734451056816
127 1270 0.05110578635932314 0.2528978300179259 0.37498198574404223 0.5187440370391614 0.5969060488901874 0.62175486249509 0.7283218280492735 0.7569293968969585 0.8076731909361003 0.8196757255019188 0.92722995075634 1.0113859421062588 1.0632115845100343 1.9535734451056816
128 1280 0.05110578635932314 0.2528978300179259 0.37498198574404223 0.5187440370391614 0.5969060488901874 0.62175486249509 0.7283218280492735 0.7569293968969585 0.8076731909361003 0.8196757255019188 0.92722995075634 1.0113859421062588 1.0632115845100343 1.9535734451056816
129 1290 0.05110578635932314 0.2528978300179259 0.37498198574404223 0.5187440370391614 0.5969060488901874 0.62175486249509 0.7283218280492735 0.7569293968969585 0.8076731909361003 0.8196757255019188 0.92722995075634 1.0113859421062588 1.0632115845100343 1.9535734451056816
130 1300 0.05110578635932314 0.2528978300179259 0.37498198574404223 0.5187440370391614 0.5969060488901874 0.62175486249509 0.7283218280492735 0.7569293968969585 0.8076731909361003 0.8196757255019188 0.92722995075634 1.0113859421062588 1.0632115845100343 1.9535734451056816
131 1310 0.2141833091247616 0.3217443826369557 0.4540922979739459 0.5908767852379375 0.5930689781367307 0.614480884892696 0.6429388902608533 0.7087889752165115 0.7647020834725993 0.8556739956716883 0.8589397891750685 0.9203463823513909 0.9516774477403539 2.132481640827402
132 1320 0.2141833091247616 0.3217443826369557 0.4540922979739459 0.5908767852379375 0.5930689781367307 0.614480884892696 0.6429388902608533 0.7087889752165115 0.7647020834725993 0.8556739956716883 0.8589397891750685 0.9203463823513909 0.9516774477403539 2.132481640827402
133 1330 0.2141833091247616 0.3217443826369557 0.4540922979739459 0.5908767852379375 0.5930689781367307 0.614480884892696 0.6429388902608533 0.7087889752165115 0.7647020834725993 0.8556739956716883 0.8589397891750685 0.9203463823513909 0.9516774477403539 2.132481640827402
134 1340 0.2141833091247616 0.3217443826369557 0.4540922979739459 0.5908767852379375 0.5930689781367307 0.614480884892696 0.6429388902608533 0.7087889752165115 0.7647020834725993 0.8556739956716883 0.8589397891750685 0.9203463823513909 0.9516774477403539 2.132481640827402
135 1350 0.2141833091247616 0.3217443826369557 0.4540922979739459 0.5908767852379375 0.5930689781367307 0.614480884892696 0.6429388902608533 0.7087889752165115 0.7647020834725993 0.8556739956716883 0.8589397891750685 0.9203463823513909 0.9516774477403539 2.132481640827402
136 1360 0.2141833091247616 0.3217443826369557 0.4540922979739459 0.5908767852379375 0.5930689781367307 0.614480884892696 0.6429388902608533 0.7087889752165115 0.7647020834725993 0.8556739956716883 0.8589397891750685 0.9203463823513909 0.9516774477403539 2.132481640827402
137 1370 0.2141833091247616 0.3217443826369557 0.4540922979739459 0.5908767852379375 0.5930689781367307 0.614480884892696 0.6429388902608533 0.7087889752165115 0.7647020834725993 0.8556739956716883 0.8589397891750685 0.9203463823513909 0.9516774477403539 2.132481640827402
138 1380 0.2141833091247616 0.3217443826369557 0.4540922979739459 0.5908767852379375 0.5930689781367307 0.614480884892696 0.6429388902608533 0.7087889752165115 0.7647020834725993 0.8556739956716883 0.8589397891750685 0.9203463823513909 0.9516774477403539 2.132481640827402
139 1390 0.2141833091247616 0.3217443826369557 0.4540922979739459 0.5908767852379375 0.5930689781367307 0.614480884892696 0.6429388902608533 0.7087889752165115 0.7647020834725993 0.8556739956716883 0.8589397891750685 0.9203463823513909 0.9516774477403539 2.132481640827402
140 1400 0.2141833091247616 0.3217443826369557 0.4540922979739459 0.5908767852379375 0.5930689781367307 0.614480884892696 0.6429388902608533 0.7087889752165115 0.7647020834725993 0.8556739956716883 0.8589397891750685 0.9203463823513909 0.9516774477403539 2.132481640827402
141 1410 0.2753224862790671 0.3634000809075283 0.5068769326829003 0.6010135458431691 0.5625727599690352 0.5693820726719422 0.6178854953686416 0.7108649333150944 0.7291303548606505 0.8077752019053185 0.829905873366341 0.8714209906309675 0.9086505440542018 2.2392651790920164
142 1420 0.2753224862790671 0.3634000809075283 0.5068769326829003 0.6010135458431691 0.5625727599690352 0.5693820726719422 0.6178854953686416 0.7108649333150944 0.7291303548606505 0.8077752019053185 0.829905873366341 0.8714209906309675 0.9086505440542018 2.2392651790920164
143 1430 0.2753224862790671 0.3634000809075283 0.5068769326829003 0.6010135458431691 0.5625727599690352 0.5693820726719422 0.6178854953686416 0.7108649333150944 0.7291303548606505 0.8077752019053185 0.829905873366341 0.8714209906309675 0.9086505440542018 2.2392651790920164
144 1440 0.2753224862790671 0.3634000809075283 0.5068769326829003 0.6010135458431691 0.5625727599690352 0.5693820726719422 0.6178854953686416 0.7108649333150944 0.7291303548606505 0.8077752019053185 0.829905873366341 0.8714209906309675 0.9086505440542018 2.2392651790920164
145 1450 0.2753224862790671 0.3634000809075283 0.5068769326829003 0.6010135458431691 0.5625727599690352 0.5693820726719422 0.6178854953686416 0.7108649333150944 0.7291303548606505 0.8077752019053185 0.829905873366341 0.8714209906309675 0.9086505440542018 2.2392651790920164
146 1460 0.2753224862790671 0.3634000809075283 0.5068769326829003 0.6010135458431691 0.5625727599690352 0.5693820726719422 0.6178854953686416 0.7108649333150944 0.7291303548606505 0.8077752019053185 0.829905873366341 0.8714209906309675 0.9086505440542018 2.2392651790920164
147 1470 0.2753224862790671 0.3634000809075283 0.5068769326829003 0.6010135458431691 0.5625727599690352 0.5693820726719422 0.6178854953686416 0.7108649333150944 0.7291303548606505 0.8077752019053185 0.829905873366341 0.8714209906309675 0.9086505440542018 2.2392651790920164
148 1480 0.2753224862790671 0.3634000809075283 0.5068769326829003 0.6010135458431691 0.5625727599690352 0.5693820726719422 0.6178854953686416 0.7108649333150944 0.7291303548606505 0.8077752019053185 0.829905873366341 0.8714209906309675 0.9086505440542018 2.2392651790920164
149 1490 0.2753224862790671 0.3634000809075283 0.5068769326829003 0.6010135458431691 0.5625727599690352 0.5693820726719422 0.6178854953686416 0.7108649333150944 0.7291303548606505 0.8077752019053185 0.829905873366341 0.8714209906309675 0.9086505440542018 2.2392651790920164
150 1500 0.2753224862790671 0.3634000809075283 0.5068769326829003 0.6010135458431691 0.5625727599690352 0.5693820726719422 0.6178854953686416 0.7108649333150944 0.7291303548606505 0.8077752019053185 0.829905873366341 0.8714209906309675 0.9086505440542018 2.2392651790920164
151 1510 0.360583012179266 0.4467805804037627 0.5643890432388139 0.6651488822007636 0.500110322490289 0.5459088250847887 0.5635916228094422 0.6289690317494355 0.7021332770634006 0.7354940668103382 0.7854268101179182 0.8526949771820632 0.8953405335451851 2.357768930490623
152 1520 0.360583012179266 0.4467805804037627 0.5643890432388139 0.6651488822007636 0.500110322490289 0.5459088250847887 0.5635916228094422 0.6289690317494355 0.7021332770634006 0.7354940668103382 0.7854268101179182 0.8526949771820632 0.8953405335451851 2.357768930490623
153 1530 0.360583012179266 0.4467805804037627 0.5643890432388139 0.6651488822007636 0.500110322490289 0.5459088250847887 0.5635916228094422 0.6289690317494355 0.7021332770634006 0.7354940668103382 0.7854268101179182 0.8526949771820632 0.8953405335451851 2.357768930490623
154 1540 0.360583012179266 0.4467805804037627 0.5643890432388139 0.6651488822007636 0.500110322490289 0.5459088250847887 0.5635916228094422 0.6289690317494355 0.7021332770634006 0.7354940668103382 0.7854268101179182 0.8526949771820632 0.8953405335451851 2.357768930490623
155 1550 0.360583012179266 0.4467805804037627 0.5643890432388139 0.6651488822007636 0.500110322490289 0.5459088250847887 0.5635916228094422 0.6289690317494355 0.7021332770634006 0.7354940668103382 0.7854268101179182 0.8526949771820632 0.8953405335451851 2.357768930490623
156 1560 0.360583012179266 0.4467805804037627 0.5643890432388139 0.6651488822007636 0.500110322490289 0.5459088250847887 0.5635916228094422 0.6289690317494355 0.7021332770634006 0.7354940668103382 0.7854268101179182 0.8526949771820632 0.8953405335451851 2.357768930490623
157 1570 0.360583012179266 0.4467805804037627 0.5643890432388139 0.6651488822007636 0.500110322490289 0.5459088250847887 0.5635916228094422 0.6289690317494355 0.7021332770634006 0.7354940668103382 0.7854268101179182 0.8526949771820632 0.8953405335451851 2.357768930490623
158 1580 0.360583012179266 0.4467805804037627 0.5643890432388139 0.6651488822007636 0.500110322490289 0.5459088250847887 0.5635916228094422 0.6289690317494355 0.7021332770634006 0.7354940668103382 0.7854268101179182 0.8526949771820632 0.8953405335451851 2.357768930490623
159 1590 0.360583012179266 0.4467805804037627 0.5643890432388139 0.6651488822007636 0.500110322490289 0.5459088250847887 0.5635916228094422 0.6289690317494355 0.7021332770634006 0.7354940668103382 0.7854268101179182 0.8526949771820632 0.8953405335451851 2.357768930490623
160 1600 0.360583012179266 0.4467805804037627 0.5643890432388139 0.6651488822007636 0.500110322490289 0.5459088250847887 0.5635916228094422 0.6289690317494355 0.7021332770634006 0.7354940668103382 0.7854268101179182 0.8526949771820632 0.8953405335451851 2.357768930490623
161 1610 0.43474687821629265 0.5255018841376533 0.6190241872863953 0.7015375777528214 0.44691409495980716 0.5233352740189514 0.5540050093247225 0.5760341316775546 0.6501292061216316 0.6983591091311959 0.7295686907196394 0.7883598197108207 0.8550667928365424 2.468269997689857
162 1620 0.43474687821629265 0.5255018841376533 0.6190241872863953 0.7015375777528214 0.44691409495980716 0.5233352740189514 0.5540050093247225 0.5760341316775546 0.6501292061216316 0.6983591091311959 0.7295686907196394 0.7883598197108207 0.8550667928365424 2.468269997689857
163 1630 0.43474687821629265 0.5255018841376533 0.6190241872863953 0.7015375777528214 0.44691409495980716 0.5233352740189514 0.5540050093247225 0.5760341316775546 0.6501292061216316 0.6983591091311959 0.7295686907196394 0.7883598197108207 0.8550667928365424 2.468269997689857
164 1640 0.43474687821629265 0.5255018841376533 0.6190241872863953 0.7015375777528214 0.44691409495980716 0.5233352740189514 0.5540050093247225 0.5760341316775546 0.6501292061216316 0.6983591091311959 0.7295686907196394 0.7883598197108207 0.8550667928365424 2.468269997689857
165 1650 0.43474687821629265 0.5255018841376533 0.6190241872863953 0.7015375777528214 0.44691409495980716 0.5233352740189514 0.5540050093247225 0.5760341316775546 0.6501292061216316 0.6983591091311959 0.7295686907196394 0.7883598197108207 0.8550667928365424 2.468269997689857
166 1660 0.43474687821629265 0.5255018841376533 0.6190241872863953 0.7015375777528214 0.44691409495980716 0.5233352740189514 0.5540050093247225 0.5760341316775546 0.6501292061216316 0.6983591091311959 0.7295686907196394 0.7883598197108207 0.8550667928365424 2.468269997689857
