% # columns="iteration, evaluation, sigma, max axis length,  min axis length, all principle axes lengths  (sorted square roots of eigenvalues of C)", seed=1092068, Wed Mar 11 16:01:19 2020
1 10 0.17466102926592242 1.0000450010125153 1.0 1.0 1.0000050000125 1.00001000005 1.0000150001125006 1.0000200002000015 1.0000250003125026 1.0000300004500045 1.0000350006125072 1.0000400008000108 1.0000450010125153
2 20 0.16775156131395108 1.0314947404213735 0.9247804232489903 0.9247804232489903 0.9522216854913402 0.9669987170445696 0.9851749214803411 0.9988320632235421 1.0000526218176093 1.000267532464479 1.0018625097836023 1.0067994208541227 1.0314947404213735
3 30 0.17880608544290108 1.0493778073334454 0.8909833710559304 0.8909833710559304 0.9227192535777748 0.9500883213731552 0.9774624425520269 0.9912625427668788 0.9943943073044853 1.00666442191953 1.0130674421341959 1.021224144602202 1.0493778073334454
4 40 0.18149167567087215 1.1527552872403901 0.8621160437242731 0.8621160437242731 0.9164884812254751 0.9295849831048725 0.9650244662806131 0.972370290155184 0.9907927626183307 1.0051033766080975 1.0303031817437323 1.0329515930515705 1.1527552872403901
5 50 0.19241187738265006 1.1724430024564543 0.8491706582548899 0.8491706582548899 0.8848484069374539 0.937660389289904 0.952081680822776 0.9769597344123421 0.9845554071197932 0.9995897646054082 1.018672094586652 1.05037920202119 1.1724430024564543
6 60 0.21163130897360607 1.1988713546757823 0.8369382854858762 0.8369382854858762 0.8932357895382127 0.9198519944507662 0.949214299443639 0.9600460538345682 0.9736866401695604 1.0093212412738417 1.025734525649899 1.0689296600614584 1.1988713546757823
7 70 0.2583457789223306 1.2565296687014431 0.8100498619807529 0.8100498619807529 0.8843474154968545 0.9221262064836113 0.9443856000755926 0.9668394045276126 0.9895288429541076 1.029307451247464 1.0365290977863342 1.0655133100774274 1.2565296687014431
8 80 0.3169761833935428 1.3414299646295447 0.7719380236304136 0.7719380236304136 0.8843388928326165 0.9006978354119723 0.937898871090601 0.969763354467187 0.9916669696923358 1.0263695575815375 1.0554735274715543 1.0916652735819632 1.3414299646295447
9 90 0.3724753870078392 1.3923956660372165 0.7565213974542849 0.7565213974542849 0.8448189726139205 0.9011105950043198 0.9402301813750048 0.965675103086109 0.9953676825816548 1.02430209196084 1.0529157894521124 1.0882612323216148 1.3923956660372165
10 100 0.4106117725501848 1.416237826480292 0.7224922988343665 0.7224922988343665 0.8493257839040365 0.8868420621275489 0.924555808647295 0.9674521997127392 0.9927398699431862 1.0301212177362238 1.0565512930683605 1.0891691582893517 1.416237826480292
11 110 0.4886505248952453 1.3788364461346145 0.7236049307158962 0.7236049307158962 0.8318464886459239 0.8737389323642438 0.9313342506997606 0.9646239812591895 0.9961562941698068 1.0175161862448538 1.078704204809395 1.0919449535928702 1.3788364461346145
12 120 0.5320235365202328 1.3937076390688237 0.731752918525511 0.731752918525511 0.8270278258107604 0.8682068508918547 0.9417677967940962 0.9670375311465075 0.9841328809260301 1.0164052583245522 1.0665592522271952 1.1012169915376757 1.3937076390688237
13 130 0.5484180628114288 1.3887765721837646 0.7229520917307165 0.7229520917307165 0.8004325256176771 0.870648659109851 0.9347281978213684 0.9517482188868247 0.973796442402957 1.0041661475488852 1.046217913472802 1.0923550011652061 1.3887765721837646
14 140 0.5315723455693894 1.3406081519224788 0.721343123446002 0.721343123446002 0.7760164798767584 0.8555626217422666 0.9177799916780318 0.9626635025187511 0.9730342179076912 1.0156793547868888 1.0477808435094198 1.097713147881292 1.3406081519224788
15 150 0.4841933269326543 1.3223513455933995 0.7242676823357154 0.7242676823357154 0.769983412916666 0.8427372662699566 0.9016455150472408 0.9462560580093862 0.960933588551762 1.0264436155353889 1.0282390079127002 1.0765309632211044 1.3223513455933995
16 160 0.4690180987674135 1.3035435527883419 0.7153239015671461 0.7153239015671461 0.766241162441778 0.8366740054332457 0.8857435252363263 0.9182191901354748 0.9605419895689411 0.9867494002555391 1.0259220404766982 1.084677192650595 1.3035435527883419
17 170 0.4777603553763036 1.279477204245369 0.7057811156948208 0.7057811156948208 0.7471767347723282 0.8406425540607052 0.8840603720067982 0.921331403591767 0.9548418751776233 0.9713194413233358 1.0248467277439235 1.0880750712211746 1.279477204245369
18 180 0.45068051668452663 1.269363452718503 0.701736495142059 0.701736495142059 0.7172880799034675 0.8421424836408885 0.8740216164837099 0.8975351919372129 0.9596393873909929 0.9977260972884691 1.0231675343331006 1.0867928008056962 1.269363452718503
19 190 0.45535970141283044 1.261034747066496 0.6952695095174679 0.6952695095174679 0.7168646300754565 0.8337860653670821 0.8607278266804457 0.8813567319329845 0.9524427083025068 0.9677101483315785 1.031263304326142 1.0961735945555564 1.261034747066496
20 200 0.4288671387482991 1.2738974827670668 0.699570997439898 0.699570997439898 0.7130150761196129 0.819266243037545 0.8534029161015172 0.8905603703370242 0.9413284583677423 0.9847104124235745 1.024291300914255 1.0933299621484576 1.2738974827670668
21 210 0.38343059961176473 1.2727105174702584 0.7014027594230009 0.7014027594230009 0.7092241046997214 0.7923751497651639 0.8497877668473622 0.8914833475461712 0.9214747281317067 0.9793876243793694 1.0056260111710833 1.0926925939026342 1.2727105174702584
22 220 0.3628417091777181 1.2719164882328724 0.6881130935328712 0.6881130935328712 0.7044950026136566 0.7840010458023691 0.844911997394357 0.8830218003739418 0.9026852008876927 0.9626879441471667 0.9895554152925606 1.0761824585181057 1.2719164882328724
23 230 0.3459079617561808 1.2154742803231238 0.6808205127523553 0.6808205127523553 0.7089747874524477 0.7729515961915906 0.8404297561363634 0.8931377696435641 0.910664545105978 0.9400806612090346 0.9914943588078756 1.0835257829923801 1.2154742803231238
24 240 0.3197891934539624 1.2654580157541497 0.6816576651308184 0.6816576651308184 0.7020522170519213 0.7663823732818533 0.8363755643267602 0.8439987209707401 0.9039340735293624 0.9451589591485218 0.9827304053335657 1.0786787273612248 1.2654580157541497
25 250 0.28616302490096984 1.2497216166745246 0.6746158952979807 0.6746158952979807 0.712455324021371 0.746933453831123 0.8261390215119693 0.8303352380923483 0.8712691001211944 0.9490331670538945 0.9729645913800553 1.0846580772581567 1.2497216166745246
26 260 0.26018832546968085 1.2552199097954457 0.6634871663418462 0.6634871663418462 0.6937085888792932 0.7331545839595776 0.80149042711339 0.8341848816832467 0.9029399307509054 0.9360893558082649 0.975510143622627 1.0792801630341606 1.2552199097954457
27 270 0.24298504096656173 1.2242873250073611 0.6648861415930645 0.6648861415930645 0.6851439457357006 0.72389900070326 0.7964287082027874 0.8424625188468885 0.8983474251459845 0.9162385880667561 0.9635901326173237 1.056888505026882 1.2242873250073611
28 280 0.23044784210722782 1.2455466332049765 0.6473827680349991 0.6473827680349991 0.6717210706066365 0.7237677162450493 0.7949168221321079 0.830102367032155 0.8974047203592022 0.9099662875434712 0.9603866281196586 1.0237575125646188 1.2455466332049765
29 290 0.23062459711414982 1.253600178056687 0.6341708908821971 0.6341708908821971 0.6645564327883728 0.7252726372231284 0.79876719077104 0.8220704054738299 0.8625108567503347 0.9187838054501475 0.9537934900155788 0.9947420194004636 1.253600178056687
30 300 0.2351956269190394 1.283025396934747 0.6152530147652604 0.6152530147652604 0.6715822003837362 0.7435282080557127 0.7801123552839474 0.7826223389152044 0.8516438270247412 0.917084738216984 0.9453223365864982 1.0009315436493709 1.283025396934747
31 310 0.21319837261711377 1.3294953943623489 0.6023059684587229 0.6023059684587229 0.6712795335712055 0.7457169926754276 0.7560878143734155 0.7889608156063189 0.8457084631215384 0.911427064028468 0.9440587281177204 0.9716441859290508 1.3294953943623489
32 320 0.19438871259148763 1.3261989967402894 0.5935189182776384 0.5935189182776384 0.6765062453625064 0.7366576339326919 0.7445920652163972 0.7733939511082477 0.8218610831067348 0.9086890428772222 0.9373310316453853 0.9544446490837319 1.3261989967402894
33 330 0.19462498646391002 1.3375875931404466 0.5897310443894461 0.5897310443894461 0.6646923351810047 0.7332541633105353 0.743052234194111 0.7575003455302035 0.807037801984564 0.888571116195501 0.918828299713934 0.9293852965933207 1.3375875931404466
34 340 0.18688548674092798 1.3314777379744391 0.5911236526742847 0.5911236526742847 0.6632352847091574 0.7197588775003698 0.7345006166661601 0.771436059242858 0.8217904605544105 0.87169393161254 0.9063621521472246 0.9183965162344863 1.3314777379744391
35 350 0.17506973152117689 1.3031927050617564 0.5780953567734203 0.5780953567734203 0.6554796594830652 0.7198890754407761 0.7320654451434042 0.7800709667579292 0.8272383644526824 0.8556678235319138 0.8984522014774322 0.9220467807435634 1.3031927050617564
36 360 0.159990542940398 1.3207853123873596 0.5867495175874455 0.5867495175874455 0.6192299833842156 0.7145886742862784 0.7337054164728611 0.7751746781924347 0.8190191949052019 0.8373404514766521 0.889582270152591 0.9354736188695979 1.3207853123873596
37 370 0.15729953805698582 1.3280061752052748 0.58097754979058 0.58097754979058 0.616353268166316 0.6841304385203368 0.7308958358685758 0.7730665145222761 0.8058880125092306 0.8204528851388702 0.8837148632227956 0.9314225255589957 1.3280061752052748
38 380 0.13553559027297213 1.2904939723920386 0.5729553898638322 0.5729553898638322 0.6001328522378603 0.7030367759040101 0.7265629449907485 0.764260266375764 0.8064984436568691 0.8141916495126305 0.8802901204316418 0.9489090336196218 1.2904939723920386
39 390 0.11747818842889801 1.2897617859435857 0.5663295759821947 0.5663295759821947 0.5916803498202177 0.6779929253882099 0.7112227662724048 0.7534376319776525 0.8034193602526082 0.813538800613092 0.858811123942416 0.9506868124284907 1.2897617859435857
40 400 0.10513936589008538 1.2684457629609802 0.5601319030815146 0.5601319030815146 0.5870412279977365 0.6581943684689884 0.7074185006364296 0.7498502415181207 0.7558932309642171 0.8263865507551462 0.8482163163442824 0.960914847807863 1.2684457629609802
41 410 0.10241166464880368 1.2739108002236352 0.537351002544345 0.537351002544345 0.5749801562601733 0.6560725950485844 0.7069496217017376 0.7322776537938582 0.757929540765515 0.8169405056446126 0.8487579331597146 0.9497413174057122 1.2739108002236352
