% # columns="iteration, evaluation, min max(neg(.)) min(pos(.)) max correlation, correlation matrix principle axes lengths  (sorted square roots of eigenvalues of correlation matrix)", seed=1092068, Wed Mar 11 16:01:19 2020
1 10 -0.03809563016742715 -0.019524589430840483 -0.0010369477768794122 0.02734007248967895 0.9422159932282813 0.9673226019175928 0.9883342591220413 0.9967787655315516 1.0051856659790899 1.005841652764588 1.0094043112480975 1.0204956584112512 1.0241913084279664 1.0367022468227953
2 20 -0.06800053156847774 -0.017925179228001444 0.0049252979693889054 0.09065244066674681 0.9422159932282813 0.9673226019175928 0.9883342591220413 0.9967787655315516 1.0051856659790899 1.005841652764588 1.0094043112480975 1.0204956584112512 1.0241913084279664 1.0367022468227953
3 30 -0.11819599474049869 -0.03373323660494011 0.021172482396847978 0.16942511768422036 0.9422159932282813 0.9673226019175928 0.9883342591220413 0.9967787655315516 1.0051856659790899 1.005841652764588 1.0094043112480975 1.0204956584112512 1.0241913084279664 1.0367022468227953
4 40 -0.09942786611947779 -0.03563262876455086 0.030252786017672468 0.19133507515867065 0.9422159932282813 0.9673226019175928 0.9883342591220413 0.9967787655315516 1.0051856659790899 1.005841652764588 1.0094043112480975 1.0204956584112512 1.0241913084279664 1.0367022468227953
5 50 -0.07726509459778678 -0.027146221375636527 0.04496319984420768 0.24743679209484282 0.9422159932282813 0.9673226019175928 0.9883342591220413 0.9967787655315516 1.0051856659790899 1.005841652764588 1.0094043112480975 1.0204956584112512 1.0241913084279664 1.0367022468227953
6 60 -0.06571903597904487 0.008708924141451843 0.06900671773144125 0.2850167944609437 0.9422159932282813 0.9673226019175928 0.9883342591220413 0.9967787655315516 1.0051856659790899 1.005841652764588 1.0094043112480975 1.0204956584112512 1.0241913084279664 1.0367022468227953
7 70 -0.08158850767060744 0.01091858962873294 0.10542251499277358 0.32773282195520237 0.9422159932282813 0.9673226019175928 0.9883342591220413 0.9967787655315516 1.0051856659790899 1.005841652764588 1.0094043112480975 1.0204956584112512 1.0241913084279664 1.0367022468227953
8 80 -0.09795692769949071 0.012604076782876585 0.1275504668216465 0.33571485109225896 0.9422159932282813 0.9673226019175928 0.9883342591220413 0.9967787655315516 1.0051856659790899 1.005841652764588 1.0094043112480975 1.0204956584112512 1.0241913084279664 1.0367022468227953
9 90 -0.07908334949081139 0.009674346614792783 0.13353539767653935 0.34701756588067584 0.9422159932282813 0.9673226019175928 0.9883342591220413 0.9967787655315516 1.0051856659790899 1.005841652764588 1.0094043112480975 1.0204956584112512 1.0241913084279664 1.0367022468227953
10 100 -0.10736851344597173 -0.004914809925774699 0.10357201811504722 0.34553812459571154 0.9422159932282813 0.9673226019175928 0.9883342591220413 0.9967787655315516 1.0051856659790899 1.005841652764588 1.0094043112480975 1.0204956584112512 1.0241913084279664 1.0367022468227953
11 110 -0.09504948457386656 0.0004994093903793233 0.10858005200747947 0.3400619173731676 0.718489615795089 0.846579244013357 0.8841969266237255 0.9402710355233916 0.9787111074461508 1.0036807605654732 1.0148524345553878 1.064775167469495 1.090467641759757 1.335335399976274
12 120 -0.10463985748917114 0.0003194905767973694 0.12386320441078541 0.3480576762392449 0.718489615795089 0.846579244013357 0.8841969266237255 0.9402710355233916 0.9787111074461508 1.0036807605654732 1.0148524345553878 1.064775167469495 1.090467641759757 1.335335399976274
13 130 -0.10470220576051095 -0.010743607556835552 0.11056534756120524 0.3396553183124297 0.718489615795089 0.846579244013357 0.8841969266237255 0.9402710355233916 0.9787111074461508 1.0036807605654732 1.0148524345553878 1.064775167469495 1.090467641759757 1.335335399976274
14 140 -0.08389417510634867 -0.013121389182159233 0.12327339256268319 0.32565543736044633 0.718489615795089 0.846579244013357 0.8841969266237255 0.9402710355233916 0.9787111074461508 1.0036807605654732 1.0148524345553878 1.064775167469495 1.090467641759757 1.335335399976274
15 150 -0.10268404523259528 -0.027508379015920924 0.12253601575482873 0.32313299908544857 0.718489615795089 0.846579244013357 0.8841969266237255 0.9402710355233916 0.9787111074461508 1.0036807605654732 1.0148524345553878 1.064775167469495 1.090467641759757 1.335335399976274
16 160 -0.09113189449100184 -0.01582807557790116 0.12212030145152292 0.31494905498085646 0.718489615795089 0.846579244013357 0.8841969266237255 0.9402710355233916 0.9787111074461508 1.0036807605654732 1.0148524345553878 1.064775167469495 1.090467641759757 1.335335399976274
17 170 -0.07556564754085371 -0.020047638805013018 0.1071130683816858 0.31797275969050115 0.718489615795089 0.846579244013357 0.8841969266237255 0.9402710355233916 0.9787111074461508 1.0036807605654732 1.0148524345553878 1.064775167469495 1.090467641759757 1.335335399976274
18 180 -0.07187771513090366 -0.012873451102701394 0.1183019813964202 0.2947298600136324 0.718489615795089 0.846579244013357 0.8841969266237255 0.9402710355233916 0.9787111074461508 1.0036807605654732 1.0148524345553878 1.064775167469495 1.090467641759757 1.335335399976274
19 190 -0.12495302823912827 -0.017321913069783777 0.10663365730795539 0.3190043712901898 0.718489615795089 0.846579244013357 0.8841969266237255 0.9402710355233916 0.9787111074461508 1.0036807605654732 1.0148524345553878 1.064775167469495 1.090467641759757 1.335335399976274
20 200 -0.13184070938464404 -0.02164596303750966 0.10085079236316083 0.3204958769701009 0.718489615795089 0.846579244013357 0.8841969266237255 0.9402710355233916 0.9787111074461508 1.0036807605654732 1.0148524345553878 1.064775167469495 1.090467641759757 1.335335399976274
21 210 -0.13209707184479533 -0.019683461355708073 0.11035710256501184 0.33729506501589684 0.7456192041074907 0.7610030034437735 0.8565779209142012 0.9207987467702159 0.9500727603380213 1.018828485324619 1.0526451916475643 1.0955744169925157 1.143876585014305 1.3137282016109695
22 220 -0.1506359377988035 -0.013957321482066954 0.086849396567362 0.34338723858137415 0.7456192041074907 0.7610030034437735 0.8565779209142012 0.9207987467702159 0.9500727603380213 1.018828485324619 1.0526451916475643 1.0955744169925157 1.143876585014305 1.3137282016109695
23 230 -0.17070622686015774 -0.012527601059557964 0.10936385263017769 0.346129320423626 0.7456192041074907 0.7610030034437735 0.8565779209142012 0.9207987467702159 0.9500727603380213 1.018828485324619 1.0526451916475643 1.0955744169925157 1.143876585014305 1.3137282016109695
24 240 -0.16999084764570652 0.0034260974491108374 0.1014839506978705 0.3527412249433136 0.7456192041074907 0.7610030034437735 0.8565779209142012 0.9207987467702159 0.9500727603380213 1.018828485324619 1.0526451916475643 1.0955744169925157 1.143876585014305 1.3137282016109695
25 250 -0.16238774811408072 -0.0038053997298303235 0.1153312148965876 0.3433520904800401 0.7456192041074907 0.7610030034437735 0.8565779209142012 0.9207987467702159 0.9500727603380213 1.018828485324619 1.0526451916475643 1.0955744169925157 1.143876585014305 1.3137282016109695
26 260 -0.10667742671462126 0.003718102485169825 0.11754165927864425 0.32528962429684055 0.7456192041074907 0.7610030034437735 0.8565779209142012 0.9207987467702159 0.9500727603380213 1.018828485324619 1.0526451916475643 1.0955744169925157 1.143876585014305 1.3137282016109695
27 270 -0.08616636413709174 0.023823737867865503 0.12874656282675265 0.33117673915480556 0.7456192041074907 0.7610030034437735 0.8565779209142012 0.9207987467702159 0.9500727603380213 1.018828485324619 1.0526451916475643 1.0955744169925157 1.143876585014305 1.3137282016109695
28 280 -0.09317970817987876 0.03695358745332878 0.14389312051859615 0.32239454606039775 0.7456192041074907 0.7610030034437735 0.8565779209142012 0.9207987467702159 0.9500727603380213 1.018828485324619 1.0526451916475643 1.0955744169925157 1.143876585014305 1.3137282016109695
29 290 -0.0689074432919773 0.03784511024067384 0.15782154593811015 0.3293563612374848 0.7456192041074907 0.7610030034437735 0.8565779209142012 0.9207987467702159 0.9500727603380213 1.018828485324619 1.0526451916475643 1.0955744169925157 1.143876585014305 1.3137282016109695
30 300 -0.044225392120896906 0.06490693310357225 0.18211769336017106 0.34038097298654574 0.7456192041074907 0.7610030034437735 0.8565779209142012 0.9207987467702159 0.9500727603380213 1.018828485324619 1.0526451916475643 1.0955744169925157 1.143876585014305 1.3137282016109695
31 310 -0.044969141899629375 0.07460609090384543 0.18844186471515567 0.3279484201583693 0.6975431603554186 0.7672309712296786 0.8516121614217973 0.8647151130002003 0.9200835721420978 0.9552890439572499 1.0124659321063483 1.0933107590893316 1.1121787099567613 1.4951008582590046
32 320 -0.04155517906935184 0.09250892583313608 0.1982259554788248 0.3207400045156536 0.6975431603554186 0.7672309712296786 0.8516121614217973 0.8647151130002003 0.9200835721420978 0.9552890439572499 1.0124659321063483 1.0933107590893316 1.1121787099567613 1.4951008582590046
33 330 -0.025477997310700468 0.07983560788992067 0.207252106635664 0.3302818160562768 0.6975431603554186 0.7672309712296786 0.8516121614217973 0.8647151130002003 0.9200835721420978 0.9552890439572499 1.0124659321063483 1.0933107590893316 1.1121787099567613 1.4951008582590046
34 340 -0.02019019798875435 0.08494504375441106 0.20419279422997003 0.3160004113827264 0.6975431603554186 0.7672309712296786 0.8516121614217973 0.8647151130002003 0.9200835721420978 0.9552890439572499 1.0124659321063483 1.0933107590893316 1.1121787099567613 1.4951008582590046
35 350 -0.0005356635215009096 0.08354977968456989 0.20950569995577736 0.33795007258591186 0.6975431603554186 0.7672309712296786 0.8516121614217973 0.8647151130002003 0.9200835721420978 0.9552890439572499 1.0124659321063483 1.0933107590893316 1.1121787099567613 1.4951008582590046
36 360 -0.007749247118655808 0.09155717854996426 0.21682942135469666 0.31357328657740774 0.6975431603554186 0.7672309712296786 0.8516121614217973 0.8647151130002003 0.9200835721420978 0.9552890439572499 1.0124659321063483 1.0933107590893316 1.1121787099567613 1.4951008582590046
37 370 0.002738127027199369 0.07795621950089554 0.21242882441215977 0.32650961523484495 0.6975431603554186 0.7672309712296786 0.8516121614217973 0.8647151130002003 0.9200835721420978 0.9552890439572499 1.0124659321063483 1.0933107590893316 1.1121787099567613 1.4951008582590046
38 380 -0.01214479116347579 0.06735334278474403 0.2074348675084231 0.3563146332344194 0.6975431603554186 0.7672309712296786 0.8516121614217973 0.8647151130002003 0.9200835721420978 0.9552890439572499 1.0124659321063483 1.0933107590893316 1.1121787099567613 1.4951008582590046
39 390 -0.056730040299783055 0.07563825242131655 0.20038038431933108 0.3540284235510405 0.6975431603554186 0.7672309712296786 0.8516121614217973 0.8647151130002003 0.9200835721420978 0.9552890439572499 1.0124659321063483 1.0933107590893316 1.1121787099567613 1.4951008582590046
40 400 -0.0405085690873728 0.07743429059979118 0.21736736558762054 0.35251999783260474 0.6975431603554186 0.7672309712296786 0.8516121614217973 0.8647151130002003 0.9200835721420978 0.9552890439572499 1.0124659321063483 1.0933107590893316 1.1121787099567613 1.4951008582590046
41 410 -0.06277359821933913 0.05133790961874786 0.20253920145337312 0.34984861603153444 0.6896140064756249 0.7231658357232286 0.8438472296898285 0.8788810515305195 0.911732482641835 0.9524341433205367 1.0073209583384428 1.0868203402983583 1.1477572031511174 1.5051066960433097
