% # columns="iteration, evaluation, sigma, axis ratio, bestever, best, median, worst objective function value, further objective values of best", seed=1092068, Wed Mar 11 16:01:19 2020, <python>{}</python>
1 10 0.17466102926592242 1.0000450010125153 2.8899085987348596 2.8899085987348596e+00 3.1278930723034404 3.878283304813235   
2 20 0.16775156131395108 1.115394221687207 2.684894172830175 2.6848941728301750e+00 2.9588390592539895 3.16090959576949   
3 30 0.17880608544290108 1.1777748512744937 2.50890124756977 2.5089012475697698e+00 2.684152082695847 3.0461327015438626   
4 40 0.18149167567087215 1.3371231119427711 2.2742481169622377 2.2742481169622377e+00 2.709326799063596 2.92866243186063   
5 50 0.19241187738265006 1.3806918445179366 2.1618280680280795 2.1618280680280795e+00 2.4103663536846156 2.7309161769611334   
6 60 0.21163130897360607 1.4324489337702953 1.7570617340968062 1.7570617340968062e+00 2.113859815662617 2.5385778577662164   
7 70 0.2583457789223306 1.5511757086519926 1.2657074963066925 1.2657074963066925e+00 1.8149873209834988 2.192206172509278   
8 80 0.3169761833935428 1.7377430876131978 0.8960905333503525 8.9609053335035249e-01 1.4629795793691276 1.9466783348584964   
9 90 0.3724753870078392 1.8405238380866236 0.631020116574639 6.3102011657463897e-01 0.9907683661161455 1.4858449836493965   
10 100 0.4106117725501848 1.9602116572940367 0.5929984110157107 5.9299841101571071e-01 0.8051732646160068 1.5388534491501658   
11 110 0.4886505248952453 1.9055100201852788 0.0936577378880896 9.3657737888089607e-02 0.8598626635191341 1.275674288575041   
12 120 0.5320235365202328 1.9046150740022432 0.0936577378880896 1.5462147090487335e-01 0.4313256944749824 1.7292635385504238   
13 130 0.5484180628114288 1.920980087157771 0.07584446528515915 7.5844465285159146e-02 0.46046744232362236 0.6544627969098005   
14 140 0.5315723455693894 1.858488849963832 0.07584446528515915 9.0872429361554083e-02 0.24215843003569854 0.8632486661733443   
15 150 0.4841933269326543 1.8257770957402157 0.06993288194414905 6.9932881944149053e-02 0.22110021685446846 0.6475421772090411   
16 160 0.4690180987674135 1.8223123118527318 0.06993288194414905 7.9453786009808069e-02 0.2747649637493948 1.1401421654388135   
17 170 0.4777603553763036 1.8128527043200373 0.06993288194414905 1.0440370266269053e-01 0.2622145484565857 0.5249072501324088   
18 180 0.45068051668452663 1.8088890367053432 0.06212616085200249 6.2126160852002489e-02 0.23796040348783798 0.32148941123582864   
19 190 0.45535970141283044 1.813735148463049 0.06212616085200249 1.8535749135058108e-01 0.3096249161616518 0.4741075814114852   
20 200 0.4288671387482991 1.820969547664118 0.06212616085200249 9.4685481268291544e-02 0.19954110595566185 0.6299928643439785   
21 210 0.38343059961176473 1.814521685824612 0.04221643574220239 4.2216435742202393e-02 0.20408909336201841 0.4897819544239742   
22 220 0.3628417091777181 1.8484119837084787 0.04221643574220239 9.5728144936795059e-02 0.1847072649139197 0.3818826262378508   
23 230 0.3459079617561808 1.7853079593758447 0.04221643574220239 5.5625441203392842e-02 0.12049939710393667 0.17932596198668904   
24 240 0.3197891934539624 1.856442141688956 0.033003822270243 3.3003822270242997e-02 0.09061499624304194 0.19857406006681955   
25 250 0.28616302490096984 1.852493582474094 0.033003822270243 3.3879885412344941e-02 0.1336528563170803 0.2028235194291784   
26 260 0.26018832546968085 1.8918525835490283 0.019955530172924413 1.9955530172924413e-02 0.07191043026428648 0.16879324636772197   
27 270 0.24298504096656173 1.8413488391771464 0.019955530172924413 2.9862855249288833e-02 0.07055271466051022 0.10371815472233109   
28 280 0.23044784210722782 1.9239724853745863 0.007059620111692089 7.0596201116920887e-03 0.044523376904878884 0.13634729007943966   
29 290 0.23062459711414982 1.976754524813966 -0.0003287161825034227 -3.2871618250342270e-04 0.03160911928297326 0.07329904537533154   
30 300 0.2351956269190394 2.085362226829988 -0.0003287161825034227 -3.6132064523778253e-05 0.0174009728976384 0.037002019751935664   
31 310 0.21319837261711377 2.2073422213704355 -0.0003287161825034227 -2.7195049390675899e-04 0.045582035514302385 0.18321712864382536   
32 320 0.19438871259148763 2.2344679434799675 -0.000728076831413772 -7.2807683141377195e-04 0.01655126956225242 0.0507031281250238   
33 330 0.19462498646391002 2.268131559065647 -0.000728076831413772 -5.0255027944484708e-04 0.011655663658370452 0.029607876544413714   
34 340 0.18688548674092798 2.2524521425436808 -0.000728076831413772 -9.1553266627133115e-05 0.02702909076707125 0.04026371560555586   
35 350 0.17506973152117689 2.254286753547706 -0.000728076831413772 -4.9837575503744219e-04 0.0282978136045708 0.0431408209321322   
36 360 0.159990542940398 2.251020704402229 -0.0009115327936550516 -9.1153279365505156e-04 -0.00019574768103670196 0.008792526074708817   
37 370 0.15729953805698582 2.2858132395717696 -0.0009115327936550516 -5.6072636571477151e-04 0.0003723253523430087 0.02401895689607292   
38 380 0.13553559027297213 2.252346334849447 -0.0009115327936550516 -8.2553163951592362e-04 -8.725870650861219e-05 0.01094762300137514   
39 390 0.11747818842889801 2.2774049610718823 -0.0009115327936550516 -7.0061980874671509e-04 0.0010148591655497197 0.006904264041107611   
40 400 0.10513936589008538 2.2645483251047502 -0.0011226026927645028 -1.1226026927645028e-03 -0.00032335324610686375 0.0073129285832593816   
41 410 0.10241166464880368 2.3707237805302235 -0.0011226026927645028 -1.1077418555766713e-03 -0.0007536975092477786 0.0025339147457017486   
