% # columns="iteration, evaluation, sigma, void, void,  stds==sigma*sqrt(diag(C))", seed=864676, Mon Mar  9 13:19:40 2020, <python>{}</python>
1 10 0.19350637011785507 0 0 0.19408510310973792 0.19170716264064985 0.19487552203755995 0.1915866457093432 0.20414227091242096 0.17963469659505552 0.1954551262629265 0.19514728655075908 0.19420726322956833 0.19147502087134483
2 20 0.20870247571261621 0 0 0.209173807199619 0.19962906483041082 0.20703735159199732 0.21423319553614867 0.23240263151274396 0.19233718849069634 0.21335797870127501 0.20973542815896495 0.21285654426387132 0.20523600687501373
3 30 0.23588489126067913 0 0 0.23888801097082213 0.2244564665311855 0.2295090850834913 0.24652178315878281 0.27031074159493734 0.218883508998176 0.23595921987120352 0.23944452385217802 0.23579095106757655 0.23388550026239974
4 40 0.2629066182666652 0 0 0.2661540307038758 0.24163885879450592 0.2585988593764646 0.27277391783850025 0.31070340062989105 0.24168143150611474 0.26151319458963107 0.26646236342087437 0.2569027137244288 0.25972353246586155
5 50 0.29609172047618315 0 0 0.29712835237321306 0.2757917542614252 0.28361756470889277 0.3123348685833133 0.37662084184970135 0.2732746812850574 0.29567357482877626 0.2857661021088177 0.2918376626086496 0.29185239131717994
6 60 0.34213291895660647 0 0 0.33858992910748714 0.3222521684067015 0.3315525022391775 0.35870430321982466 0.44659309384709805 0.31021326909682706 0.3382192259435714 0.32740756634434287 0.3343208026560107 0.34321508926122124
7 70 0.4129377269793095 0 0 0.4113726599745438 0.39382545146667486 0.39190321852245474 0.42886798019635863 0.5491535778950121 0.37667415782898034 0.40715291276651666 0.3947569466799679 0.39846164920735233 0.4197718265799527
8 80 0.4749956124281482 0 0 0.46344612223821624 0.4548969689762144 0.4470531252669346 0.49592091906260816 0.6349419409265201 0.4301452450946161 0.4781101753079451 0.4545048370545135 0.45870812575754044 0.48682500645611654
9 90 0.5445172720370409 0 0 0.5271530489216886 0.5182557580257128 0.5052799233870611 0.5496517711608744 0.7311860685526911 0.5143759530542454 0.5449119326052523 0.5193902037108803 0.5272151382903035 0.5353472258398387
10 100 0.605981128356552 0 0 0.5792857020821134 0.5766095570324649 0.5714499356755134 0.6013535174343371 0.7833347670307208 0.5690250829716526 0.5927214650560311 0.5887747617821283 0.5654474987516428 0.6067389331267956
11 110 0.6550436654657698 0 0 0.6294924083892035 0.6031240833974487 0.6074906869363805 0.6470301465927218 0.8199937624146891 0.6274031493222278 0.6341133796047567 0.6554534005450702 0.607061071918155 0.6533115199894854
12 120 0.7461012375651757 0 0 0.7359335686886245 0.7138233853770115 0.6873318646043197 0.7519886974858764 0.9103435744565311 0.7358208673897144 0.7291812271526196 0.7412775389868483 0.6834955267129273 0.7448823633364916
13 130 0.7074387857466765 0 0 0.6893877126612471 0.6722049843819382 0.6375023617101694 0.709827030755169 0.8452626457407476 0.6823357013762665 0.6916199536715016 0.6957198262851368 0.6404660388151397 0.6834714060662779
14 140 0.6786384970318678 0 0 0.6553597196137112 0.6355911024092359 0.6057655759373534 0.6689996339629245 0.7979143077141635 0.6396100695991838 0.6550747591650822 0.669521250340525 0.6142204375648247 0.6470453263616311
15 150 0.6017973470241462 0 0 0.574388763368183 0.5631069567540394 0.5335731588761501 0.5915909732804118 0.6936814945130607 0.5522498948041342 0.5796428566076801 0.5802641413565433 0.5394751406304116 0.5666326006464253
16 160 0.5525353635216388 0 0 0.5237610862963622 0.5159619706418019 0.4659576391951686 0.5331398261971542 0.6323829558675583 0.4923723621077914 0.537269910241691 0.5278982541889572 0.505565783449518 0.5216470052263877
17 170 0.5011971109190382 0 0 0.4759427021905398 0.45401261999776665 0.4212669091180704 0.47579600808078454 0.5672833924024981 0.4455118700995641 0.4778541624552407 0.4758292930766405 0.46618354831924347 0.4561425301815907
18 180 0.46636502488455156 0 0 0.4354330175210637 0.42772084567517243 0.3871809608388303 0.44367655898173863 0.5261119485525406 0.4131094087911534 0.44370697271472365 0.43799658713407563 0.43719031799160135 0.4157458612460096
19 190 0.43067983971814805 0 0 0.39801328844641376 0.3841859411266446 0.3591273391219827 0.40514737192726974 0.48009471262088094 0.3699894234038859 0.40479368543184263 0.4032809794550908 0.40429055226284427 0.3842681069886923
20 200 0.41573646127295416 0 0 0.38336011675000414 0.36569849980443736 0.3510995221168383 0.3787356327284736 0.43107165893185806 0.3643268723714911 0.3808289965254381 0.3815710910950389 0.38898723815047087 0.3696159869542257
21 210 0.37378315262960277 0 0 0.34377448265256544 0.3244407273177423 0.31305949661199356 0.3335185829612175 0.37820266132008856 0.3319492058212129 0.3295204569855653 0.3500909136270795 0.3483613357571716 0.33161607739438287
22 220 0.32330120534305473 0 0 0.298050427381695 0.27753983891467887 0.2684194557618888 0.28393096092516257 0.3228966961434519 0.2870101475819399 0.27695862593258774 0.2952427710592002 0.2944485449699339 0.2816332739020468
23 230 0.31120942564565696 0 0 0.2867561028383182 0.26946971475432624 0.2562034805525393 0.2753083280706987 0.30619032296803156 0.29049312397155996 0.2657157149905072 0.27888473947742887 0.2808442946679716 0.2699679925345648
24 240 0.29885564269704346 0 0 0.2708443170515868 0.26545299754034773 0.2457064857907476 0.27218870040065063 0.28657805408962583 0.27467183996764655 0.2538747271732112 0.2676660631755624 0.2575467175600731 0.260346296381116
25 250 0.27947374277113946 0 0 0.24722527368721153 0.2361433365418232 0.22768138334971696 0.24920676424725008 0.2698837433390453 0.2576434918171917 0.23696174854162821 0.2520463848810917 0.24044333633462203 0.23661350145690507
26 260 0.2591925839857072 0 0 0.22914648299360527 0.2148692532531466 0.20952112376674176 0.2322652251661397 0.24570677424456583 0.23147688985419923 0.21634068085450542 0.23165308316314423 0.22030071062448045 0.22176422640284332
27 270 0.23202238610314666 0 0 0.20475615556935206 0.18797832102699735 0.19057107855270428 0.2033125927200729 0.2194618406080006 0.20563807218453894 0.18449830895268932 0.20669037780231495 0.1915579499912229 0.19432587864211676
28 280 0.21070862728938566 0 0 0.1863774624824518 0.16939010013131123 0.1728441373703843 0.17492745854177727 0.19800768530818974 0.1868423815317759 0.16547732050226924 0.18624414167010978 0.17283629679703386 0.17680494446674042
29 290 0.19209194761375958 0 0 0.16693073338893932 0.15473695332385462 0.15453660845822834 0.15858819047136208 0.18145033862225013 0.1647823707740355 0.1510331822638429 0.16685809939473062 0.15314157402223738 0.16192120716422156
30 300 0.19140701503475965 0 0 0.16240883439110246 0.16006804111062414 0.15143848822095615 0.15641998648442487 0.17588880298654955 0.1615717650072568 0.14944369143376213 0.16614952879941555 0.15509382128961768 0.16118939253561285
31 310 0.17966575793233244 0 0 0.15478966714329342 0.14950816292096783 0.14093976656304474 0.1458923839009182 0.16715288320797111 0.14631122462844057 0.13839154562817038 0.15139026412008375 0.1472400510770466 0.15204038144253681
32 320 0.1669262701765618 0 0 0.14197617172212823 0.13577337855235744 0.13151373507961178 0.13496287018728526 0.15151340831246313 0.1380687811098345 0.1280807580559202 0.13842684286810122 0.13724673412043395 0.13918902444047074
33 330 0.16658909499166474 0 0 0.14004825843980823 0.1334264706587981 0.13135679489828295 0.13250300087271247 0.15040384927178266 0.14198855646555048 0.1281442182961344 0.13909323325950404 0.1352347133791381 0.1348500063923788
34 340 0.14942881692206922 0 0 0.12557940258266245 0.11992959930397364 0.11670278633549838 0.11748250245206096 0.12975703717033432 0.1276816218561669 0.11524442931369266 0.12283405814988817 0.11762899846828387 0.11826611964727811
35 350 0.14246393433381244 0 0 0.11801779537709932 0.11397111235777944 0.10903278162387685 0.11098350725186212 0.1253121910833824 0.1238286224783793 0.10985508334467957 0.11255657881822097 0.11361576989169699 0.11269338515419457
36 360 0.12958331794478595 0 0 0.10447436979227555 0.10239204553901063 0.09920998155099875 0.09921423368737392 0.11278042329301659 0.1132741362302398 0.09887706711355207 0.10204117033239139 0.10465237710946831 0.10391465943014934
37 370 0.13091926656436095 0 0 0.10552997931822912 0.10285289320208964 0.10062981301264698 0.09923580160033016 0.11542611163982752 0.11683456564865424 0.09894739223324234 0.10275949046652834 0.10517788883001229 0.10488600684634311
38 380 0.11792949672455329 0 0 0.08968749784109682 0.09239277178069055 0.09036050443025814 0.09005037299129885 0.10224725475397535 0.10460105510831162 0.08715826934245435 0.09146597402341516 0.09566174482959537 0.09546553496244863
39 390 0.11206201010857308 0 0 0.08580577597520611 0.0882613878621664 0.08743387132456905 0.08252264584917275 0.0972987362050628 0.0958686017155036 0.07999344109834886 0.08643925481309722 0.0923297567865583 0.09006984194894528
40 400 0.10525029043045368 0 0 0.08058133995918358 0.08030464235608871 0.08358073879767104 0.07542934713877161 0.0912149310743865 0.08950068029499629 0.07477712043342705 0.08069752191999303 0.08523237992908729 0.08472267049585287
41 410 0.09750142863225268 0 0 0.07436346828141956 0.07108146638151562 0.07904608889712109 0.06837107859432968 0.083946158388729 0.0822393877117447 0.06979667381466917 0.07389618086622969 0.0789389623566726 0.07706207440837012
42 420 0.08825328024662563 0 0 0.06622919990615518 0.06486260967488655 0.07129296638461173 0.06292672019086341 0.07356602961503136 0.07323737881358687 0.062419082706115334 0.0644394632535187 0.07047581905040091 0.06964550791919409
43 430 0.07983532702107128 0 0 0.06001416946770651 0.05897366000767329 0.06401090383289193 0.05695216152207301 0.06359410232287653 0.06511152057294028 0.05680494771319633 0.058513745772375586 0.061211092233920995 0.061314947867546626
44 440 0.0716508266841787 0 0 0.05422879040122923 0.052316925711994915 0.05684055026476254 0.050359287350359695 0.05642209650578689 0.05732665918971119 0.050050247425184165 0.05241850853216083 0.05419204576519029 0.05429580218851563
45 450 0.0707997178955638 0 0 0.05449447153175785 0.05092678889174652 0.05546236407038766 0.04939302705251801 0.05507538025350104 0.05610227910328547 0.05005347572221372 0.05152844302634139 0.05326630958192567 0.05339044304158167
46 460 0.06766909619260138 0 0 0.05249833122459787 0.04747852791721425 0.053031270016043915 0.0465996285849164 0.05126324101238107 0.05399561125167805 0.046760434588020254 0.04903075989618415 0.0506031975437817 0.050852789976993225
47 470 0.06402871872468889 0 0 0.049869319462156086 0.0451938179170976 0.0502397642928429 0.042918604927368646 0.04693710188625007 0.05059734347287227 0.04351404513232394 0.04485268116434543 0.048112568203482926 0.04860892959257972
48 480 0.06264266820521895 0 0 0.04747686866838021 0.04370468014861851 0.046561282574869405 0.04172592261632331 0.045554654647421956 0.0492624270189358 0.04211884094887685 0.04395278570778583 0.04693284366849648 0.048186201111415944
49 490 0.05944349450563636 0 0 0.0443523259907716 0.04088562277843168 0.04268195165584227 0.03877626878600901 0.0433492309181693 0.04677219284921584 0.03955421990250885 0.041813081294492405 0.04370214252207582 0.046506001648612766
50 500 0.05510152090244532 0 0 0.040929615948963605 0.03787549138644502 0.03769171015367676 0.03502393830352326 0.0390367967184948 0.0434963657234061 0.03642860357497022 0.03846170211033209 0.04040784889125263 0.04276154929386538
51 510 0.05050346922740379 0 0 0.03725827649587183 0.035180036977065954 0.03550796198808815 0.03174955526577723 0.03494149761936675 0.039893979499104025 0.0326027615876801 0.035291350369914466 0.03642642632861424 0.038059918835682584
52 520 0.045278338131646785 0 0 0.033577948426556675 0.03124549989859262 0.029977537696805945 0.028426284557978843 0.03164861843463804 0.03546032564357391 0.029639350083331892 0.03101637504283059 0.031331449248264226 0.034136170068955037
53 530 0.04447573848939192 0 0 0.03213247060354602 0.031485062980550205 0.029164166831700013 0.027444131578580177 0.030968060565989053 0.035620083319811584 0.02911948298009952 0.029747807745058828 0.031109628842971894 0.03277097349857697
54 540 0.04408887287667996 0 0 0.031170362024352704 0.03133994011996818 0.029206292465691945 0.02710529668601923 0.03070273809575491 0.035311661685672686 0.02790126413054993 0.029346704128945716 0.030387473941392906 0.0323471914283832
55 550 0.04056236105628935 0 0 0.029551100785542482 0.029159713601421236 0.026290741374549943 0.024834405084892815 0.02778087461782548 0.03212918402233265 0.02484700525363754 0.02650641063971517 0.02802426918513582 0.02968256473648566
56 560 0.040457707574780705 0 0 0.02763290026242533 0.029983654836165503 0.02599378859312416 0.024995837805651743 0.028125233944491543 0.03184747306729061 0.025039938054774637 0.02665974701167052 0.0273453773314341 0.029730522594030483
57 570 0.041116877618132104 0 0 0.027837234802508545 0.030553310076275667 0.02675712929009721 0.025434419545249543 0.028272371670091934 0.031830895903263094 0.02604289491982363 0.026707722466089948 0.027498900299086082 0.029193072370411854
58 580 0.041308234840243686 0 0 0.02737985708626368 0.030387186405743158 0.02706625545157454 0.02467731708734484 0.029012640386909552 0.03144444852411136 0.026943801814351145 0.02618493651262955 0.027668235415107836 0.02921896594608063
59 590 0.04070646932027405 0 0 0.02661644254475096 0.02989696637934039 0.02682937335971013 0.02423692922920834 0.027437449733239454 0.030940241919681626 0.02638364973659413 0.02626336102406137 0.02660689048164879 0.028093012025551763
60 600 0.03914911949310699 0 0 0.02491392090806645 0.027747632828967344 0.025624541856630222 0.022875528844861034 0.026183713952155796 0.030179912415454594 0.025496863747238318 0.025147522754871462 0.02554224143509344 0.026974541567334778
61 610 0.03718873047803823 0 0 0.023484923868306723 0.02584916728264602 0.02403681857699153 0.021722344943069634 0.024817859482539086 0.028531815615328655 0.024164881554320734 0.02291956917721383 0.024051953946657444 0.025241962873925338
62 620 0.035025092331557595 0 0 0.02222925649387817 0.02330081084885601 0.02233818203208706 0.02002216380542469 0.023574979928339165 0.026534566821194972 0.022719204799057067 0.02171111448375571 0.02228437803406316 0.02339196543715983
63 630 0.03063631897833249 0 0 0.01930785046946478 0.020228980857095007 0.01919903541879049 0.017614176056905975 0.02050958553513741 0.02259620855052909 0.019958244392924616 0.01849337648409297 0.01924587750318696 0.01967773625914352
64 640 0.029806477766233432 0 0 0.01936402348301458 0.019228247306519376 0.018022004201786006 0.016726362515024653 0.01952995677830975 0.022191052857919332 0.01937881583938603 0.017953406401166015 0.018813180093851373 0.019113384063135463
65 650 0.026745160372718454 0 0 0.017317545946694764 0.016457973518588416 0.01607019695812678 0.01505480285028986 0.0172391087054523 0.019681370939624868 0.01739327806327449 0.01594878211496756 0.01675161438032445 0.01732301666504794
66 660 0.025042677595436005 0 0 0.016276625548816575 0.015416227126741703 0.014790334756504426 0.01411124134252662 0.01608451394211634 0.0182252774527376 0.015874003047587897 0.014371851525808157 0.015663074239000537 0.015994504718309845
67 670 0.021815858506651974 0 0 0.014014279589727943 0.013451479000433688 0.012791279169579964 0.012326250855205341 0.013867903672129617 0.015542583196054642 0.013554744989948008 0.012397416030892902 0.01364982435532269 0.013103083274744505
68 680 0.01954091821561859 0 0 0.01248430923384652 0.011848373303226582 0.011290023127869347 0.0109804791650313 0.011916972229618936 0.013919434141817677 0.01216605958629084 0.011032673953038762 0.012321181308491925 0.011506630415067153
69 690 0.018045153136714353 0 0 0.011743944071178344 0.010858604925820678 0.010494985710446937 0.010005637571948809 0.010567339174547536 0.012579326459236574 0.011241085423955837 0.010227329447581856 0.0114147071230058 0.010437766777322728
70 700 0.01725890256794546 0 0 0.01132499888327732 0.010313852650484638 0.010020119662965045 0.009511536735175095 0.009955261025783717 0.011621405690035171 0.010609436039557331 0.00984464181659963 0.01061282378520941 0.010029721879596361
71 710 0.015715922804084292 0 0 0.010129516279941304 0.009357247531159095 0.009138204197098551 0.008550430386244328 0.008851635529024602 0.010589603867022214 0.009433486069299994 0.009104980134851429 0.009550171617999282 0.00885776805622969
72 720 0.014334480719501075 0 0 0.009134589128452093 0.008360598270662257 0.008413833564403997 0.007691003563097715 0.007971316527971698 0.00935047455810357 0.008602693002947867 0.008175190428245263 0.008692718781741571 0.007956672029101025
73 730 0.014036499692203766 0 0 0.008909438111850451 0.007853719913860734 0.00820748616339852 0.007532612411439706 0.007740985869667979 0.008968883953094437 0.0083043123431684 0.008273697588134692 0.00842423277615908 0.007774963907709742
74 740 0.013915887118124132 0 0 0.008700903032803905 0.007729708333150178 0.008141314666049853 0.007283212901057921 0.007586798911032912 0.008851792311070028 0.008240357129099034 0.008463535186132966 0.00827334951599566 0.0074746048607395735
75 750 0.012517575200524374 0 0 0.007475487265860357 0.0069044022119832465 0.007131348966458343 0.00654841920700821 0.006814002545253984 0.007850769293912757 0.007316281335612026 0.007683050319975986 0.007364607347455022 0.00665174771204433
76 760 0.011038449881799807 0 0 0.006597895773000253 0.006069344410179482 0.006076072611442847 0.005789217410800388 0.005943365176321162 0.0066650915073868736 0.0063893641364537995 0.006732552665355121 0.006450966751197987 0.005631580776570559
77 770 0.010054365744245944 0 0 0.005952724223373267 0.005487893952791923 0.005408362393637602 0.00525538793818064 0.005262823227950994 0.0058778425798896574 0.005786004786996628 0.0062072661407569785 0.005716278136430254 0.0050950453945550565
78 780 0.00906331872993724 0 0 0.005533159470149033 0.004843838950563336 0.004767688327475802 0.00471953001975954 0.004713284930599123 0.005268668921497551 0.005183610940614211 0.005355120858997681 0.005079919071086485 0.004508912745025968
79 790 0.008000556700668205 0 0 0.004919013144530831 0.0042528376408466325 0.004119460172716135 0.0041030458919059515 0.004122364755565679 0.004400695431295334 0.0044313117642015626 0.00470852789669288 0.004418462691843019 0.0038628082175148856
80 800 0.007659423055887023 0 0 0.004699703633594171 0.004075862065553879 0.003955319497181213 0.0038384464346600893 0.004026784377804648 0.004074756977316045 0.0040863223113936226 0.004429473135298989 0.0042537997253660545 0.003720149768206621
81 810 0.0070064438141566885 0 0 0.004277601516989387 0.0038116328900726928 0.0034210320813959187 0.0034742050792648236 0.0036221982284445364 0.0037161276132673124 0.0036984084722744615 0.004084223606096067 0.003909459971441951 0.0034025045710463267
82 820 0.0071194070946202495 0 0 0.0042878528377152236 0.0038910702263389536 0.0034338659325428874 0.0034820416741570045 0.003730967646494291 0.003790120614556808 0.0037463441264379486 0.004168238513785673 0.0039851746834487405 0.0034340789929068237
83 830 0.0070190436368185805 0 0 0.004243700444525739 0.003902630511284645 0.0033669112038021854 0.00345450360286891 0.0037219770923486986 0.003665397618467687 0.0036137871985391324 0.003951146173928389 0.0039059305610203644 0.0034039311207010397
84 840 0.006802002131678252 0 0 0.004071576039526866 0.0037299172402673318 0.003216593929218539 0.0033128213856021714 0.0035826667733194935 0.003383677087856245 0.0034798027215821497 0.0037929514264556743 0.0037779104001872273 0.0034056607473178808
85 850 0.006290203205367185 0 0 0.0037342957382327183 0.0035415349121078426 0.002942751130498461 0.00301807977158909 0.003292155474949995 0.003128021194033607 0.0030946422648032907 0.003527441020849398 0.0035086337164751897 0.0031336176316355074
86 860 0.005697018876913863 0 0 0.0033960021922179746 0.003136664999283288 0.002669146257689175 0.002724956749992112 0.0029612523271194914 0.0026836471601270895 0.0027765307754327225 0.0032192023770684173 0.0031474049441039135 0.0028535688239108917
87 870 0.005213992517208415 0 0 0.003018231226169525 0.002833430179411387 0.0024495196809681745 0.002487460359824149 0.0026989089124182753 0.0023839943538880243 0.0025215531241004133 0.002921019183731557 0.002882770675805508 0.0026054758213663876
88 880 0.004825588529825594 0 0 0.002699258274401007 0.0026091862292261588 0.0022586792731446844 0.0023134994153723477 0.0024548193100679527 0.002197995163835764 0.002326763195863196 0.0027108854632261017 0.0026846682683173864 0.002336987931487823
89 890 0.004748184273247714 0 0 0.0027749889681420847 0.002547831863215282 0.002264049484418386 0.0022508121812684244 0.0023835907054401547 0.0020552301180081795 0.0022993412289390052 0.0026300278896780657 0.0026246959587872356 0.0023657785869874567
90 900 0.00432688245638471 0 0 0.002478533986190374 0.0022820323931877855 0.002065783285139761 0.0020544626636988562 0.0021629306373126887 0.0018165913733095272 0.0020923185460844347 0.002379436592907651 0.00231928489993534 0.0021438346676485084
91 910 0.004014688359797464 0 0 0.0023184827180494287 0.0020721695666933966 0.001863620077239639 0.0018961844044939346 0.0019435994967311537 0.001696437592850563 0.001987188281083801 0.0022006361633208427 0.0021381975712614658 0.001982127519408356
92 920 0.0036875306958282024 0 0 0.002113682880338036 0.0018723887056424037 0.001691690598500323 0.0016985157825111373 0.0018265092852183457 0.0015591271891496003 0.0017864831249069942 0.001966293376650718 0.001956855545192144 0.0018177807504725606
93 930 0.0034727490146706274 0 0 0.0019340405231461158 0.0017672372956460773 0.0015584153381694543 0.0015704191731701661 0.0016954702628830362 0.0014316494558324654 0.0016975036779267913 0.001833246252398288 0.0018704740910991135 0.0016909501394548293
94 940 0.003203892833649132 0 0 0.0018023935627092685 0.0016050216202740308 0.0014534648436007954 0.0014256603193548308 0.001550502353359838 0.0013107040547042578 0.0015459762270690278 0.0017118097324151482 0.0016952284514526069 0.001571099479013445
95 950 0.0029648589206188636 0 0 0.0016089491624462736 0.0014878180361068184 0.0013350831719311325 0.0012984596430063416 0.0014153223765749094 0.0011923042275766734 0.0014731453177311738 0.0015538386653468866 0.001556003847930104 0.0014681731062797995
96 960 0.0028151900018292112 0 0 0.0014931380826624023 0.0014011401329298522 0.0012431148929385354 0.0012619626019999542 0.0013805193646761222 0.001141128267669057 0.001394626025801763 0.001431479608734924 0.0014192379542062876 0.0013451044744597024
97 970 0.002766765306502571 0 0 0.0014488815728943248 0.0013645512142409471 0.0012388352946774049 0.001279973692928983 0.0013537802858550464 0.0011070838586339543 0.0013420965675535511 0.0013996048109213843 0.0013353537268080535 0.001304246073247808
98 980 0.0025808172558403984 0 0 0.0013396257105395106 0.0012635730567063129 0.0011471246805147214 0.001191732063020702 0.0012880547950775896 0.0010463001938378475 0.00126489480626575 0.0013027919618936715 0.0011517447519349213 0.0012333513189878508
99 990 0.002465392845501524 0 0 0.001265265529664191 0.0012058548521001005 0.0010907220321636213 0.0011268686359612583 0.001216294639819242 0.0009640425634969559 0.0012111087404739194 0.0012286435026791864 0.0011179690365515074 0.0011673075633525235
100 1000 0.002291349460812253 0 0 0.0011642832583905955 0.0010818587226058562 0.001013495785284746 0.0010264592740923742 0.0010989415568592434 0.0008853202941917949 0.0011299198511274737 0.0011350567186935898 0.0010494085143068466 0.0010569491643593989
101 1010 0.002039505684536611 0 0 0.0010215702948020038 0.0009567504676141337 0.0008936682263386323 0.0009104861714067168 0.0009518716780008553 0.0007762321107452736 0.0009731216420032597 0.000997006250202092 0.0009301916424774956 0.0009358553115112266
102 1020 0.0019870993586410847 0 0 0.0009729737242321534 0.0009121691410831174 0.0008556658142582081 0.0008769748565070102 0.0009078213019721061 0.0007500186598350131 0.0009341187256881298 0.0009707645691229707 0.0009064879194572745 0.000956181333436043
103 1030 0.001961585245313257 0 0 0.0009609829368205399 0.000905736983057269 0.0008462935338799654 0.0008556615697037612 0.000866849139237721 0.0007249730067290624 0.0009179159453530382 0.0009346776746718405 0.0008881825965774449 0.000934215650401138
104 1040 0.001978068161861843 0 0 0.0009799016024197773 0.000928574969475304 0.0007734294509869931 0.0008532223328085683 0.00085100926049644 0.0007282608543387219 0.0009199484111934032 0.0009542907069925026 0.0008926011953586082 0.0009526026710981135
105 1050 0.0019371723744678795 0 0 0.000953330000697437 0.0009065376436640099 0.0007547231843651661 0.000837915878606528 0.0008148687686597341 0.0007117496938219158 0.0008938956141079317 0.0009283692718298712 0.000856226926754934 0.000924177653399569
106 1060 0.0018125049661340217 0 0 0.0008912386475149693 0.0008032012069026554 0.0007078828558667587 0.0007636607832762195 0.0007473235612501909 0.0006681074122650228 0.0008346026247952108 0.0008443638438823625 0.0007966049267361331 0.000883673988060489
107 1070 0.0016619394473073226 0 0 0.0008094897214613164 0.0007140355221567815 0.0006461645904594944 0.0006731285456960638 0.0006730269594046139 0.0006234347315245603 0.0007525785521598895 0.0007720332567452476 0.0007467899654187087 0.0008032546196301474
108 1080 0.0015171330152547885 0 0 0.0007387785897803211 0.0006410318757446203 0.000592697764736836 0.0006179728153379484 0.0005891190152860719 0.0005582222951080614 0.0006822543813815268 0.0006995186297151347 0.0006803046241258975 0.0007229340443596323
109 1090 0.0013964803204037895 0 0 0.0006700008140187437 0.0005800268248002523 0.0005455186906971671 0.0005438582403659256 0.0005389999466568799 0.0005178665832756654 0.0006280644758619243 0.0006417150861787652 0.0006184368585897716 0.0006660441593587213
110 1100 0.0012932586697768113 0 0 0.0006151253222420873 0.000525180596344804 0.0004946776541150538 0.0005129867996644134 0.0004985564409659132 0.00047909902440580266 0.0005886474624358286 0.0005895336274218606 0.000565983418909148 0.0006043837101034461
111 1110 0.0011539429379657069 0 0 0.000527906229813907 0.00047275750544644216 0.0004435319521240298 0.00046188579131946827 0.00044689864476447514 0.000435031020825088 0.0005102823674799661 0.0005251532469648197 0.0004940196520512324 0.0005320102240607384
112 1120 0.0011110479295212048 0 0 0.000509719168224942 0.00045299734597551003 0.00042176738134744264 0.00044311416066304156 0.0004166455822922952 0.0004117260465188498 0.0004887991702191872 0.0005083200716508759 0.00045896972100664094 0.0005064199742709295
113 1130 0.0011270512508703742 0 0 0.0005115194604003053 0.00045792151151555774 0.0004340186514776648 0.0004330481711959036 0.0004188804703645855 0.0004181764364074799 0.0004989975625104992 0.0005144424476251825 0.0004903347812284797 0.0005096271391649474
114 1140 0.001066607668032756 0 0 0.0004863137607962716 0.0004277718226031294 0.0003931525301793116 0.00040831356848435035 0.0003960151213689608 0.00039762135962084983 0.0004690277440821138 0.00048369422823963537 0.000466089528626914 0.00047693648259333044
115 1150 0.0010060241278169071 0 0 0.0004553393045195351 0.0003884427171070752 0.00036720337531537733 0.00037279119787127576 0.00037163214933602027 0.0003733040190034892 0.0004440335816095979 0.0004411400012400683 0.0004359671846028383 0.0004524859150476551
116 1160 0.0009072317483598132 0 0 0.0004083470909462658 0.0003571790596222588 0.00030870442851168596 0.0003345703050922602 0.00032705527679521113 0.00032904532575817324 0.0003976195583202349 0.00039890656385513774 0.00038447956773118033 0.0004071044836754953
117 1170 0.0008324162099937053 0 0 0.00035675591365100646 0.00032475137400389206 0.0002758145067976429 0.0003047227190303325 0.00031039195019255515 0.00030457293006468263 0.0003634010710964763 0.00035787070991614674 0.0003507948893277451 0.0003699667624678547
118 1180 0.0007918158107986199 0 0 0.00033088066182145786 0.00030360062500360216 0.00026095657917649015 0.00028540760942225154 0.00029866572426102674 0.0002911548485198829 0.00034514059798558875 0.0003427229750911293 0.0003197138127975757 0.00034690858650946994
119 1190 0.0006846552171387865 0 0 0.0002849730897339234 0.0002637951301032081 0.00022415533798417702 0.0002411964028406223 0.00024917530917369313 0.00025094972088491387 0.00029407233169392736 0.0002945095987142531 0.0002695705344380228 0.0002977886328880288
120 1200 0.0006157499290146697 0 0 0.00025878567077401905 0.0002348040400246175 0.00019634325275442354 0.00021825374101223718 0.00022322436154536136 0.00022033583161645742 0.0002642150230424097 0.00026355077094311 0.0002358497130882697 0.0002646007604531768
121 1210 0.0005474746771025851 0 0 0.00022304050846395375 0.00020708278789349267 0.00016902295587641514 0.00019422333523149189 0.00019807202881895721 0.0001950694566706287 0.00023321610044217306 0.00023291385467713853 0.0002050021443418329 0.0002348008342018609
122 1220 0.0005295757889304854 0 0 0.00021234268495094613 0.00019548823336415478 0.00016391598089523954 0.00018757280290150553 0.00018908640072782946 0.0001902823926371194 0.00022421783075051054 0.0002283278153625733 0.00019105324231455213 0.00022718572686783236
123 1230 0.0005193943623739901 0 0 0.00020805959411716805 0.00019111023329427808 0.0001575570463258814 0.00018250772506412134 0.00018506566305036778 0.00018652143699349874 0.00021848544003157078 0.000221435854186257 0.00018848751417243367 0.00022175915243907997
124 1240 0.0005036493520989558 0 0 0.00020159257921562173 0.0001855686192665688 0.00015197587817298653 0.00017674499040558236 0.00018008011487558723 0.000180070145999015 0.00020989127457479552 0.00020784501565741676 0.00018264819935738972 0.00021576138657860934
125 1250 0.00047656396007760796 0 0 0.0001906213343332319 0.00017422244348625098 0.00014221163742342662 0.0001668429423546443 0.00017139294339230116 0.00016893736934755666 0.0001975493592033328 0.00019651768663936231 0.0001701769640751697 0.00020094116670417886
126 1260 0.0004629262866909149 0 0 0.00018441678238391662 0.0001686841584727943 0.00013895587467846183 0.00016109642680027208 0.0001679136735542945 0.0001623367346807113 0.0001910502460209403 0.0001803776424405142 0.00017314412508696007 0.000192710636741462
127 1270 0.0004331358987051827 0 0 0.00017108652764008894 0.00015577774115575538 0.00012887663786242728 0.0001547236523205419 0.0001581336939358984 0.00015232253045550549 0.00017345126427426526 0.00016853652198641343 0.00016111786353105792 0.00017325594336174086
128 1280 0.0004105204666702813 0 0 0.00015719978679267578 0.00014692970727553693 0.00012025664190971768 0.00014780554341004104 0.0001488100792653913 0.00014446525099229846 0.00016353520137971995 0.00016216760552420766 0.00014810307575671925 0.00016660197293495534
129 1290 0.00035935956502989956 0 0 0.0001360492193695349 0.00012226224473882983 0.0001061457946358824 0.0001307663677898135 0.0001309987425137866 0.00012586999492470002 0.00014187692277278975 0.0001419613869430666 0.00012833756851074674 0.00014456159172377385
130 1300 0.00033418357232479015 0 0 0.00012570125658639846 0.0001110727653898424 0.00010026010459514662 0.00012172965451678012 0.00012117310317313247 0.00011673176694528089 0.00012839377490050246 0.00012926106305444468 0.00012057978784385545 0.00013120578841468016
131 1310 0.00035272205632401265 0 0 0.00013325114647191254 0.00012063362873852062 0.00010504083187973786 0.00012737099782140576 0.00012957966805285585 0.00012730543505946992 0.0001303740614813407 0.0001388375314567186 0.00012392732903623762 0.00013633334181563294
132 1320 0.0003704557874150691 0 0 0.00014202483468592626 0.00012539077517396448 0.00010880469539264467 0.00013397961579405512 0.00013392336437003643 0.00013230388401530132 0.0001363660424471519 0.0001411652365733425 0.00012837299052800006 0.00014849913628633954
133 1330 0.00035165761923434377 0 0 0.00013575630854614835 0.00011828658883412329 0.00010405809827191311 0.00012790502556020759 0.00012561647168612722 0.00012525262078426583 0.0001267368997957159 0.00012831601523184108 0.00012232529704929736 0.00013774964725778366
134 1340 0.0003303579853235063 0 0 0.0001249018951136808 0.0001099569678198313 9.58723245909511e-05 0.00011894408194459552 0.00011516772366584995 0.00011724405623620472 0.00011786231362474437 0.00011444119986747717 0.00011387291964099901 0.0001298222617641781
135 1350 0.00030328830397293675 0 0 0.00011331606364118417 9.930205326186282e-05 8.888896817094816e-05 0.00010459736850540826 0.00010456960451420347 0.0001080019728394801 0.0001075463668488004 0.0001046130754336881 0.00010506998818359033 0.00011835050008634736
136 1360 0.0002813843298709127 0 0 0.00010340935939057607 9.25960476710639e-05 8.28485048309208e-05 9.721496059675846e-05 9.362278413370287e-05 9.852202346996378e-05 9.804221866706611e-05 9.60602273033482e-05 9.738415557040535e-05 0.00010827340530908572
137 1370 0.00027380061720779983 0 0 0.00010012384141715075 8.95759896539283e-05 8.088507045022292e-05 9.087263947779157e-05 8.910059614596258e-05 9.788925896387889e-05 9.68552715807235e-05 9.408348551814292e-05 9.31355130569239e-05 0.0001022786740822024
138 1380 0.00025442121170767435 0 0 9.241700178713527e-05 8.368676804130491e-05 7.460718343779968e-05 8.47203764768841e-05 8.209418981644391e-05 9.050305988973632e-05 9.013668845284456e-05 8.445800662163682e-05 8.475444858888867e-05 9.351332990175282e-05
139 1390 0.0002368680661360807 0 0 8.461394011118313e-05 7.647552179734935e-05 6.883635218109932e-05 7.90039801361688e-05 7.281589261607775e-05 8.462270041845193e-05 8.3452512610219e-05 7.855478546800668e-05 7.965402136162966e-05 8.588972916855464e-05
