% # columns="iter, evals, sigma, 0, fitness, xbest" seed=864676, Mon Mar  9 13:19:40 2020, <python>{}</python>
1 10 0.19350637011785507 0 2.58440042208278 -0.8430577613774856 -1.1705678480380115 -0.717742356768077 -0.9265664406435439 -0.5783988606334984 -0.9701241247641829 -0.7380397960458707 -0.8066833396620976 -0.8492053227038676 -1.173359390232826
2 20 0.20870247571261621 0 2.385326289112596 -0.7543431014405899 -0.9965874677754066 -1.0173153768364833 -0.7312477168792347 -0.29122421817021127 -1.0715129715817338 -1.0144158237764822 -0.661249265879915 -0.9818484016484162 -0.6982115365427498
3 30 0.23588489126067913 0 2.0575443926412187 -0.9692631183166385 -0.851857032793016 -1.0363222722460332 -0.6906888227341408 -0.13479116584747397 -1.0103746055278067 -0.8531543566261599 -0.6859238370189987 -0.7256895528031349 -0.3274439939385454
4 40 0.2629066182666652 0 1.840512614016644 -0.6184527752825915 -0.8393069068095882 -0.7128930025639122 -0.5655711570541734 -0.01768438719138765 -0.9876325747942282 -0.933442555274143 -0.8649151619258747 -0.9334342589834363 -0.12772185847704182
5 50 0.29609172047618315 0 1.3267202353003098 -0.5095080230310562 -0.4418766222370759 -0.509711961822685 -0.5169696905136805 0.4025861462032669 -1.13076051978403 -0.5868816206524651 -0.8070888740111629 -0.6425406005618823 -0.17469728854852368
6 60 0.34213291895660647 0 1.2908161192325924 -0.22807793416553818 -0.6066430753299472 -0.46476600812622726 -0.6727062528980525 0.43663772806981604 -0.9937614001160665 -0.5089598208036566 -0.7223342529410945 -0.9901967152838296 0.14484359740298425
7 70 0.4129377269793095 0 1.0790224474405008 -0.2812465265443098 -0.12831468586569666 -0.4917352359491788 -0.47837657894586727 0.4883915489194619 -0.8494876142652077 -0.36308542552997414 -0.6557736058184548 -1.286305810372856 0.6378131600742879
8 80 0.4749956124281482 0 0.5630905157732052 -0.1923485195042136 0.12547470238751401 -0.17865330806607443 -0.03355907490151097 1.3696224066317253 -0.5161058149391706 0.3712264308380747 -0.34247973625642325 -0.9674581712023941 -0.46967215246131044
9 90 0.5445172720370409 0 0.13528640974194853 -0.12687052737578233 0.5644132153463128 -0.22043500648847336 0.09504913667986306 0.5960457912321964 0.0636755339327012 -0.6255525719335642 -0.2108829506312125 -0.25653495561098205 -0.021927556952209562
10 100 0.605981128356552 0 0.12402980661122442 -0.1441310897675041 -0.032115418910102944 0.38095403611478107 0.22131293506694066 0.15875972378019854 -0.2848266407634374 -0.5714163046158375 0.38943027188328827 -0.4442128178415096 0.5056767871994555
11 110 0.6550436654657698 0 0.34118431456027015 0.5618052142801968 -0.29125104496423976 0.6045552834632018 0.2683839915208669 0.19338946276069252 0.13348618486791702 -0.8352255842321039 0.8313308051084486 -0.6144421142500224 0.8749593761069462
12 120 0.7461012375651757 0 0.24888171015880284 1.3045091889498162 1.2208701991613198 0.8062931606897921 1.0893777267263873 0.7891060918772946 0.9008049100400018 0.8163975750250774 0.04324276894367418 -0.2814190465519702 0.8422605281887063
13 130 0.7074387857466765 0 0.29363565333353997 0.048609809482825894 0.5038733351378026 0.7429060924429401 -0.5759279924044864 -0.033867696957073146 -0.22093938406304836 -0.04801182659691858 0.990349224513515 -0.18118240576770916 0.9246691349259696
14 140 0.6786384970318678 0 0.2202411567484377 0.8713959660460875 -0.29794205314863925 0.30630342223920093 0.09704269857094225 1.0455672008259165 0.48828909343550136 0.35622640472324496 0.9417610399088789 5.8101590593606645e-05 0.1815024187924501
15 150 0.6017973470241462 0 0.1746029258307026 0.6204825719052608 -0.1483456703544725 0.7817035740290509 0.15901520215673592 -0.2652040906645344 0.024873653782737926 -0.39513865192210923 0.3256479778626489 -0.5958827865054546 0.1661880153219108
16 160 0.5525353635216388 0 0.03786206745095805 0.9114062227856998 0.2072114322589091 0.6180884793840777 0.4971678608088087 0.7672456412802633 0.6989316204478604 0.8093988214884055 0.4885817962588781 0.6399254016812903 0.8096872363054459
17 170 0.5011971109190382 0 0.08218276841929857 0.07686557746858352 0.0077437226299025275 0.26526891375046013 0.8139014327345815 0.42030561202465117 0.027809754761193517 0.18826978076057435 0.4089122608430127 0.7735045509518541 0.5329701052762997
18 180 0.46636502488455156 0 0.08061648316810996 0.6246812534301605 0.8749266457077209 0.24214219579254737 0.7574685846333418 1.0339531212965323 0.5304475922414333 0.607636277967871 0.2725447397722441 0.6588400598176811 1.1097486465348656
19 190 0.43067983971814805 0 0.038474925106288985 0.778394098033746 0.5881942910788829 0.2893612504432742 0.6879816584753392 0.3811911875745759 0.6823211155631462 0.14894311040440278 0.8029791267081661 0.49012275086662155 0.7289454049636905
20 200 0.41573646127295416 0 0.09055784219225807 0.3141189192716451 0.4216806492465999 0.7366914869411016 0.78706085740159 0.44833049629855176 1.3446651470413402 0.7921415144202322 0.6426443449033231 0.887127538563719 0.40046867754693877
21 210 0.37378315262960277 0 0.054010100530340124 0.151189655582058 0.3581084641850682 0.5101172109945533 0.42141814402501865 0.4328628562004051 0.41504173210472406 0.7377277336489878 0.10123027878906282 0.6965640059853362 0.8987129493130321
22 220 0.32330120534305473 0 0.026208269877914216 0.26201812338831315 0.5148758363046362 0.7808638959289724 0.4440811123798288 0.3538787188433138 0.7221673793154825 0.7513208886198675 0.36503171006097734 0.5505971501951007 0.8179442933991155
23 230 0.31120942564565696 0 0.05805781961814684 0.5442166919217845 0.5615928385278097 0.3947749204460243 0.5727067793078444 0.5267838176385486 1.2124130667911743 0.9659535862455244 0.3894151206309644 0.7336526311766735 0.7390886672200243
24 240 0.29885564269704346 0 0.03598969553488573 0.7646242770485914 1.0286910530225628 0.7184471014101858 1.2323272203045983 0.7935461764463956 0.9592526119302833 0.8416531650641348 0.3237226907965542 0.890764491687045 1.017697641708816
25 250 0.27947374277113946 0 0.014590066192403134 0.8893354637680316 0.6897713348531684 0.9023212896303193 0.9278260942885658 0.3608675285990762 1.0777883719538888 0.9118092098581392 0.6893969422310091 0.7931633223738211 0.5219274379878207
26 260 0.2591925839857072 0 0.010561883834631677 0.710408244931898 0.6912819155288032 0.7762262191419804 1.0169169954200408 0.44005418700021104 1.0100324988256246 0.9876130902573146 0.7319665006755482 0.5037595046481178 0.8920012255987539
27 270 0.23202238610314666 0 0.0056658215421284686 0.8195424817882868 0.7472759423151809 0.9441688607055438 0.8574564329915022 0.4198702442448063 1.0591922536892475 0.9141031242959072 0.6990835533616656 0.7141129287313165 0.7723874207156807
28 280 0.21070862728938566 0 0.005020056179816826 0.7078569715847705 0.5102286478327567 0.7828072705805204 0.8292500153924424 0.5971699290293329 1.145402726361796 0.9920523688076432 0.9604644888954245 0.7461242275211943 0.5989242614570298
29 290 0.19209194761375958 0 -0.00012988643892106254 0.7173409659826689 0.7022988465059217 0.6851264098748397 0.8351929904426579 0.6159924901000021 0.8518742881933565 0.7326020856464963 0.689396016345093 0.6091858265787607 0.6662769433986443
30 300 0.19140701503475965 0 0.01027045705156146 0.7793233961254288 0.8801880868038727 0.6107065037381991 0.739187418748365 0.6573165903064506 1.034468262349407 0.9898282244623888 0.8952410070862575 0.9657169532549914 0.7597179962924944
31 310 0.17966575793233244 0 -0.00012591816671570554 1.009053491101968 0.6602685929867348 0.8012385422624311 0.7774593601449941 0.9568324178208585 1.0570329267355705 0.9141965456095176 0.9168116743316802 0.8446284352063446 0.6832346517970463
32 320 0.1669262701765618 0 -0.0010209744142933982 0.6063742546484786 0.8356588189285111 0.8458475827792088 0.8087735613266736 0.8319248348570717 0.7416679221049716 0.7339786271212426 0.7555420877457986 0.6935406343846788 0.7700685893404511
33 330 0.16658909499166474 0 0.0011082451007310423 0.7284389568397035 0.9281368157931561 1.0514858890711651 0.7916140920233836 0.7314358009247685 1.2474860725834631 0.8047796581392044 0.8798226415459928 0.9379054726397313 0.8425205261039924
34 340 0.14942881692206922 0 -0.00024439654146068073 0.5940543521641873 0.8286088128524566 0.9003839375610976 0.7724358780168755 0.6726996467909984 1.0232707868996376 0.8266187921098513 0.718032040734639 0.8344953303448751 0.7544260430857502
35 350 0.14246393433381244 0 -0.0004776944286271028 0.734436836803056 0.7858557151004261 0.9031628759529609 0.8667862717143505 0.877987469417995 0.8862268023711404 0.861482638649335 0.7244764063806868 0.9549893324645979 0.7555032028409285
36 360 0.12958331794478595 0 -0.00036492110510491174 0.6442380732943839 0.783448862936613 0.7518825561630675 0.946143898885801 0.7398497299571446 0.7965026185248559 0.8867870772439302 0.5992738430029467 0.8698074066550001 0.5872229734305328
37 370 0.13091926656436095 0 -0.0005719525172899931 0.6270397312255933 0.7023995877112592 0.8429759609561701 0.7567673346069884 0.8781601851330586 0.6834239531298276 0.8927938829144553 0.8045376806825352 0.9428927653838632 0.6149199116481348
38 380 0.11792949672455329 0 -0.0007589475027781102 0.5869530379632835 0.7336297612243505 0.8565950873310775 0.6794753683476468 0.8760238685496111 0.8553078344487722 0.7732208125201177 0.6761566397581076 0.8569177462843914 0.7470712243443397
39 390 0.11206201010857308 0 -0.0010137292348142443 0.851039272876428 0.8569350985883114 0.8937268495325782 0.8389770024098773 0.9875283077822605 0.7916633476227334 0.9350345624173081 0.805169756751094 0.91616452004635 0.7969229847903064
40 400 0.10525029043045368 0 -0.0009924052457035463 0.7912907544632948 0.7925583447869882 0.9984292506399288 0.8077199861302926 0.8437161368062027 0.8598435417808842 0.9389003451332435 0.7964491097797414 0.8851358300079484 0.8305962541385187
41 410 0.09750142863225268 0 -0.000759707920735129 0.7997235210129557 0.7762490829067196 0.9937607223517085 0.8618384463449758 0.8086385453365594 0.9445022829785132 1.006362109346989 0.7775355807696477 0.8877058242164331 0.7932033595907823
42 420 0.08825328024662563 0 -0.001186355913383922 0.8292443199414162 0.8477001728565201 0.9049653243509868 0.7686758960767657 0.8547418078769692 0.8957704126990264 0.9386325214649632 0.8693866999897361 0.8949069596829675 0.8068939259001112
43 430 0.07983532702107128 0 -0.0009611383465979322 0.8481122737288767 0.866656650600499 0.9129800200278912 0.8943807974592314 0.8406991264270399 0.8987487647101847 0.9942197853602324 0.880450393856594 0.845291090141228 0.7533870103503033
44 440 0.0716508266841787 0 -0.0011648844051834974 0.8960816955431276 0.7909930241616723 0.8967405553780216 0.8564787050016796 0.8220638565408568 0.8967113627511394 0.9504877792709732 0.7835040782454861 0.8727398644492432 0.8179738266723929
45 450 0.0707997178955638 0 -0.00100151721284772 0.896592657189239 0.8288003216282518 0.8512957297662124 0.9030601122905322 0.8668832732096491 0.8585347611450568 1.0193182881061391 0.770304333322577 0.8539164438446879 0.7924211145214184
46 460 0.06766909619260138 0 -0.001041699830465087 0.8612129966034637 0.7566717892350278 0.8618952278907017 0.8974181775833421 0.9064379701513122 0.7746209052530418 0.9533283037012854 0.8364479644183822 0.844049812148121 0.798435215130227
47 470 0.06402871872468889 0 -0.0011265538568215722 0.9243078216439954 0.7455373694457965 0.8582722349316366 0.8084461129548464 0.870445938223702 0.8779110886094408 0.946346105045886 0.8266786332340079 0.8725831350620032 0.828019116464252
48 480 0.06264266820521895 0 -0.00104997855480677 0.9075648273856058 0.7327569757474848 0.8591359466148857 0.857842324197717 0.8645169140597906 0.9013181198423625 0.9409433777385933 0.8682464290064392 0.7577105802405406 0.8913075499323686
49 490 0.05944349450563636 0 -0.0010876084036230776 0.8797151105989439 0.767478033658797 0.8586392402575662 0.8208293715456932 0.7851677285966201 0.8893662207245361 0.98557722922023 0.8394852275041644 0.8700915588714784 0.8443847794417504
50 500 0.05510152090244532 0 -0.0011813287686979713 0.9133148402193038 0.8033301753180232 0.8650336335125781 0.8727321359115204 0.8434220195290598 0.8558016491151611 0.9626237415230725 0.802192154768775 0.8673277950631756 0.8673479177268364
51 510 0.05050346922740379 0 -0.001257634266645967 0.9013534514891917 0.8347128424102197 0.9101783338115368 0.8827140614558636 0.8167022698415575 0.8594445561662558 0.9237244090383313 0.8094745809257633 0.8181896341644838 0.8285148982697867
52 520 0.045278338131646785 0 -0.0012553364219970926 0.8323828434753651 0.8283181660633463 0.8463057632602096 0.8814572162341724 0.7918326718084431 0.8989862530209324 0.9353461377100281 0.8132472923183579 0.8374938934775956 0.8664252852905431
53 530 0.04447573848939192 0 -0.0012522058667602566 0.8634809426596655 0.8420594362683909 0.8664355666561112 0.8527853433241995 0.861115659472008 0.8085478862143067 0.9411218347110029 0.824186706798632 0.9047287410766267 0.7919861610654807
54 540 0.04408887287667996 0 -0.0012799645587397272 0.8336707665230974 0.8261894045628355 0.852143299332188 0.8558713193505095 0.8018911759537612 0.8242241664426887 0.9174627193170555 0.8527853130568941 0.8551166343811291 0.8323080585102725
55 550 0.04056236105628935 0 -0.0012567814059386776 0.9167990400590097 0.7860715991547085 0.8734639056646201 0.8590415107836271 0.8129338598635033 0.8403222412856047 0.9010545348970166 0.8169768660079525 0.8371953869302465 0.8525906782701664
56 560 0.040457707574780705 0 -0.001303155537605746 0.8724558581137135 0.8561543965572632 0.843959856195749 0.8684202937713423 0.8193747287092629 0.8378925307283466 0.9200287823305583 0.8075991239564171 0.8644952738451297 0.8093954474231573
57 570 0.041116877618132104 0 -0.001336282099616923 0.8696381629368554 0.8907082352077533 0.898018903685243 0.8710351568554497 0.808282356343108 0.8062372047688342 0.8748949756108751 0.8351720393165121 0.8559152908595842 0.839489903772553
58 580 0.041308234840243686 0 -0.0013869380811766547 0.8728871865265633 0.870069845781666 0.8755549753078444 0.8864283859050742 0.8549172329583858 0.8395147519802318 0.8557349863679545 0.8131043392615714 0.8462388616678871 0.8366917213315744
59 590 0.04070646932027405 0 -0.0013662058820839095 0.8552650490471463 0.891649390332241 0.8500830851763198 0.8820080003376279 0.8311245592143667 0.8524936956269543 0.8496497696823199 0.8014700647848797 0.8571452734367836 0.8429362749336383
60 600 0.03914911949310699 0 -0.0014037461723103108 0.8636910599417271 0.8638789254918617 0.8729633574233125 0.8539172937522264 0.8663079657950141 0.8253193630542468 0.8713348442881955 0.8454797530154868 0.8330260502696859 0.8358504656038116
61 610 0.03718873047803823 0 -0.0014180916650326368 0.8697454357983873 0.8660948665895507 0.8546055393462478 0.8298366862216582 0.8533230120511701 0.8573664801214759 0.8554080064380171 0.8352954725237091 0.8626304549707717 0.8547241183629859
62 620 0.035025092331557595 0 -0.0013943728502449312 0.8391681290231806 0.8790736330530936 0.8588686545882686 0.8305022687131808 0.8750345531310608 0.8460448903205556 0.8395866041956659 0.8494916434911135 0.8593251335910483 0.8286329533192379
63 630 0.03063631897833249 0 -0.0013991452988517709 0.8720050673750024 0.864071616790032 0.854172379330921 0.8583196381354563 0.8555444188683237 0.8587341491845699 0.8837117106026727 0.840584774248229 0.8702961721497022 0.8242016931668481
64 640 0.029806477766233432 0 -0.0013968451834773885 0.8409827943911298 0.8589178853148688 0.857679263201292 0.8674054515298251 0.8594208045087698 0.8467049408774427 0.8888654513357119 0.8677085074919965 0.8379184819724624 0.869470459600826
65 650 0.026745160372718454 0 -0.0014105576714476757 0.8641016239102022 0.8797024236219496 0.8807469718740617 0.8552325025210832 0.8503962646403025 0.8428820620145174 0.8538673362825656 0.8537816368253027 0.8519889065065259 0.8439047660317529
66 660 0.025042677595436005 0 -0.0014105814404571711 0.8479903310590432 0.8582541852944353 0.8689370026830988 0.8331933452837509 0.8451444970866975 0.828697672278962 0.8620515239561565 0.8474221249533399 0.8621239358849498 0.8594603639290507
67 670 0.021815858506651974 0 -0.0014152682483395374 0.856552871549879 0.8660070918360215 0.8706989024836521 0.8595122639324839 0.82844390789687 0.8431061702711729 0.8702873341531597 0.8506565662829364 0.853829440133919 0.8629637030994349
68 680 0.01954091821561859 0 -0.001417811427902451 0.8337811407786555 0.863542508656452 0.8578125617220814 0.8469758819587831 0.8350266165645468 0.8618655293564119 0.8720743496240032 0.8500974196233284 0.8653562387593958 0.8557593522579311
69 690 0.018045153136714353 0 -0.0014227974489945138 0.8615055442793308 0.8606744454304874 0.8443786237242928 0.8488106051225375 0.8458934297046586 0.85523358719581 0.8586090491135261 0.8327419551606728 0.8567592315248906 0.8642455992661953
70 700 0.01725890256794546 0 -0.0014186197519105296 0.8639733068348674 0.8592365116510949 0.8504138635334826 0.8570540118451431 0.852788236664784 0.8537103400406061 0.8726719309709294 0.8279018716151512 0.8557377920584237 0.8653508241440161
71 710 0.015715922804084292 0 -0.0014228232050637055 0.844962540355247 0.8736514401977306 0.8503222039069581 0.8540376548115686 0.8412398700762701 0.8490225975767414 0.8617439609864858 0.8520925071335916 0.8507671368858071 0.8698550514032558
72 720 0.014334480719501075 0 -0.0014266652907785969 0.8422159716579045 0.8683986894824514 0.8591026081432473 0.8612820285586985 0.8467871133827765 0.856478960515846 0.8561108017300002 0.8483296909450357 0.8513446187651907 0.8629318970034988
73 730 0.014036499692203766 0 -0.0014268695041014252 0.8632795512757699 0.8600030494234627 0.8435705520118221 0.84821559228671 0.846617722091767 0.8517123115140228 0.8537125371598938 0.8624336423654255 0.8530162222775625 0.8683248611384978
74 740 0.013915887118124132 0 -0.0014273479221499398 0.8526634528758382 0.8515485092237212 0.8477691056393097 0.8532755347568736 0.8456351065515831 0.8591417787981128 0.8518233103848301 0.8695096467541686 0.8501170761029699 0.8668091656668052
75 750 0.012517575200524374 0 -0.0014291688618914052 0.8579160585432355 0.8514292983527717 0.853331369642355 0.8616817468725639 0.8441508877487535 0.855467053941182 0.8630359876841123 0.8487851839662863 0.852003628162741 0.8634487552476502
76 760 0.011038449881799807 0 -0.0014280045994258565 0.850803796617502 0.8578208354037206 0.8546235416303126 0.8610676336657442 0.8452562115943525 0.8536422470250857 0.8580580585279988 0.8543956638492287 0.8440110064162418 0.8693465159939033
77 770 0.010054365744245944 0 -0.0014304524952700967 0.8496074899522472 0.8547854220423958 0.8539098405823983 0.8557577884947825 0.8464114029335245 0.855556762750292 0.8503374518652611 0.8638709756924234 0.8507802976205958 0.8628988237771215
78 780 0.00906331872993724 0 -0.0014305152227782104 0.8556592263179768 0.8580888115980579 0.8535263222931387 0.8608533713955885 0.8479872938578208 0.8553816361031792 0.8534995516960008 0.8573782537225891 0.8557688353411491 0.8612226820187792
79 790 0.008000556700668205 0 -0.0014307220880663478 0.8519595336994004 0.8568838454640407 0.8562199952437737 0.8587647932800015 0.8478445150173635 0.8524562024562833 0.8578655054003781 0.8575179406774334 0.856859576035696 0.8615075212462328
80 800 0.007659423055887023 0 -0.0014317188019914563 0.8517835225915344 0.8582703433176132 0.8516978458134581 0.8573055557075312 0.8568462183418643 0.8502682168775232 0.8514190767946759 0.8576083420677584 0.8576714651478048 0.859996981327296
81 810 0.0070064438141566885 0 -0.0014319526187544975 0.8487927407598086 0.8548755037104291 0.8549785034655647 0.859201878449058 0.8540064837225476 0.8532505026823509 0.8573904596231622 0.8515773875266385 0.854088379311663 0.8614825038355983
82 820 0.0071194070946202495 0 -0.0014316871704244994 0.8511639052886314 0.8505162018223728 0.854269784842078 0.8600759618334548 0.853200053440006 0.8490402998804624 0.8583401791151744 0.8490306612886191 0.8534449109477024 0.858846608259435
83 830 0.0070190436368185805 0 -0.0014327233884529325 0.8562561511478752 0.8493389480839237 0.8550357759039771 0.8569011238701424 0.8575092102281745 0.854408850069734 0.8515160442360559 0.8560507284678507 0.8553563184740877 0.8557652825710743
84 840 0.006802002131678252 0 -0.0014325731461100328 0.8531380878315303 0.8512762230311554 0.8514589093119413 0.8599215278784997 0.8549600775808767 0.8522568343575955 0.8542984219074435 0.8594964139332004 0.8529745530718805 0.8534797559582122
85 850 0.006290203205367185 0 -0.0014322031861783648 0.8505527011256044 0.8466094598297927 0.8550163014904213 0.8569880033499062 0.8539144804835406 0.8574663747333795 0.8551284623274066 0.8524789010707543 0.8528522397451773 0.8566935827286911
86 860 0.005697018876913863 0 -0.001432671707973016 0.8554627889122481 0.8511843880503807 0.8539383230745281 0.8574612841744197 0.8568333080974688 0.8520396792982302 0.8548957724130052 0.8537354561362389 0.8561534935891564 0.8584667042116411
87 870 0.005213992517208415 0 -0.0014327835234388638 0.8503411521927877 0.8544271127388052 0.8537342533381874 0.8565241331539105 0.8555238192312918 0.8511482266453434 0.8517751242787914 0.8534896255837398 0.8580957761830442 0.8536705926768066
88 880 0.004825588529825594 0 -0.0014327708342713047 0.853012911580592 0.8546708640261108 0.8534464769653619 0.858827239851977 0.8578414608432199 0.8527409032853543 0.8505676930150804 0.852221428610457 0.8568138666417927 0.8554151425555394
89 890 0.004748184273247714 0 -0.0014327294253998462 0.859124883026049 0.8512728573410189 0.855109573365444 0.856689669645311 0.8567197567841582 0.8553400057154059 0.8526011686734616 0.8540774454988048 0.8558562155715345 0.8521936728832419
90 900 0.00432688245638471 0 -0.001433021034635467 0.8528129391675022 0.8506842664116456 0.8521149195832348 0.8548643551819254 0.8562980786645495 0.856144705558966 0.8536490174613699 0.856547396568737 0.8567768743407144 0.8554786578458753
91 910 0.004014688359797464 0 -0.0014331426951725134 0.8553041586033454 0.8501998702424801 0.853869476235318 0.8550557992171205 0.8535487789339593 0.8532093809263747 0.8572823146042312 0.8541514010536201 0.8548199574613926 0.8555424215145633
92 920 0.0036875306958282024 0 -0.0014331573802124236 0.85351589336869 0.8517450141533888 0.8531588016868119 0.8567839677536706 0.8522145859650194 0.8563573819362155 0.8535445852226486 0.8561041526053517 0.855756309744955 0.8549454445110869
93 930 0.0034727490146706274 0 -0.001433196548607643 0.8537389429790129 0.852501937205557 0.8534458308913027 0.8538382971836853 0.8562149262756727 0.8532654985996042 0.8568177032472643 0.8540977866796956 0.8536595782499663 0.8522571254402347
94 940 0.003203892833649132 0 -0.001433160399939962 0.8554046997680393 0.8514026741217897 0.8526669436931614 0.8550890480948369 0.8547928961391069 0.8534711675789232 0.8566792946040135 0.8530122316200631 0.8566695638890592 0.8556475518737204
95 950 0.0029648589206188636 0 -0.0014332637143306866 0.8536162458911348 0.8525925012043905 0.8528356339314533 0.8570894037598984 0.8538582775853827 0.8538309648092246 0.8528045994802416 0.8549148357883805 0.8555740753212516 0.8555987234272161
96 960 0.0028151900018292112 0 -0.001433210235154949 0.8532035784602491 0.8516715458154768 0.8526150734578971 0.8540394948936968 0.8525574153824134 0.854740302649782 0.8555768281192333 0.8550565320511008 0.8564850165749582 0.855853116796622
97 970 0.002766765306502571 0 -0.0014333178888423248 0.8533306084266258 0.8536711447791681 0.8545653701787191 0.8523963979598791 0.8538601932316109 0.8546906781596514 0.8538819894250232 0.8552487932487471 0.8564760861619887 0.8561216111799715
98 980 0.0025808172558403984 0 -0.0014332912155470652 0.8550033572710386 0.8526541712991316 0.8547323334069581 0.8543820162638573 0.8560266403381035 0.8526251658142474 0.8527454988948155 0.8546505928703007 0.8565966388840618 0.8546454634080527
99 990 0.002465392845501524 0 -0.0014333941264570774 0.8551076933213241 0.8538790668663381 0.8537777561884486 0.8548632339801282 0.8542908896759794 0.8534113380266372 0.854067244395885 0.8548934597636849 0.8543705826828311 0.8562939411048476
100 1000 0.002291349460812253 0 -0.0014333625149551795 0.8533613870199888 0.8530819512706479 0.8547450995609012 0.8550278213021498 0.85572655685337 0.8538576714387779 0.8552957911698283 0.8547782479574668 0.8535266716835862 0.8557507036539703
101 1010 0.002039505684536611 0 -0.0014333884228269456 0.8524869172950522 0.8544250695850969 0.8545785164613237 0.8535818320432756 0.8539867071447608 0.8536894368695795 0.854727519656801 0.8547159501789748 0.8547280354581254 0.856112509330017
102 1020 0.0019870993586410847 0 -0.0014334225673333322 0.8536517326680212 0.8537013004560058 0.853424258354552 0.8541054273670882 0.8551275327562291 0.8549741313392921 0.8547959055841982 0.8556006084722338 0.8542319730268717 0.8536667041993364
103 1030 0.001961585245313257 0 -0.0014334557167722595 0.854204629845694 0.8541568822286275 0.8544787983880707 0.8539148397431092 0.8543645873244228 0.8549276424611617 0.8535976669719775 0.8551086288584249 0.8545697192232873 0.853919190833974
104 1040 0.001978068161861843 0 -0.001433439662293313 0.8549309335306127 0.8537054890620615 0.8540331784549222 0.853553306184985 0.8551043394928636 0.8540138656071541 0.8542232552022692 0.8549117108070038 0.8551342300528223 0.8537580228734201
105 1050 0.0019371723744678795 0 -0.0014334196029985996 0.854627100293784 0.8550247144126146 0.854484755068181 0.8547784586334527 0.8545687006300748 0.8536809056269558 0.8544133444797999 0.8543165987377237 0.8556911569824761 0.8537440240230304
106 1060 0.0018125049661340217 0 -0.0014334114590391501 0.8535541007173945 0.8548680007223481 0.8545350389020195 0.8537799488420853 0.8540971497115897 0.853953321331186 0.8538593020102943 0.8546045787893867 0.8558827068343902 0.8531340804113324
107 1070 0.0016619394473073226 0 -0.0014334303490558893 0.8536180974534764 0.8548572916945109 0.8544710075677493 0.8540210103667744 0.8541045582237968 0.8551161651775221 0.8531107379034996 0.8547237927938695 0.853827694431601 0.8541370607747888
108 1080 0.0015171330152547885 0 -0.0014334490762552385 0.8541034406340036 0.8542112713609482 0.8550124845217619 0.8549278667783243 0.8544138079157696 0.8541227731872536 0.8547927588821272 0.8536461283958748 0.855016084855753 0.8539790594415988
109 1090 0.0013964803204037895 0 -0.001433461919916272 0.8544715648322464 0.8537973487465959 0.8545258694553454 0.854563986459131 0.8545657212550251 0.8548103548967197 0.8545573975821615 0.8537322425302717 0.8544993766051261 0.8538087501405559
110 1100 0.0012932586697768113 0 -0.0014334570621015019 0.8543862882257318 0.8538651329377893 0.8544392062497783 0.8549087918337541 0.8538050057432434 0.8544230559594864 0.8546818019215133 0.854261562033326 0.8550549935867982 0.8537777867110428
111 1110 0.0011539429379657069 0 -0.001433451288987651 0.8544990313686671 0.8549082003372943 0.8539087633000303 0.8548637336952604 0.8538917562033715 0.8539547606469645 0.8535322137697797 0.8539553976873305 0.8548790650574133 0.8543748070307746
112 1120 0.0011110479295212048 0 -0.0014334585940449038 0.855070317069472 0.8537378483995866 0.854377522479078 0.8544960357782172 0.8545693822836791 0.8540444006058274 0.8540269036896677 0.8544220423559141 0.8546898009988322 0.8537060231134961
113 1130 0.0011270512508703742 0 -0.001433457693561853 0.8543834948467348 0.8543754105689326 0.8546902257720453 0.8541103841840971 0.8545462664780548 0.8547995655766005 0.8542674994884162 0.8551103296305589 0.8538801901633849 0.8537133660065814
114 1140 0.001066607668032756 0 -0.0014334704543228207 0.8545451090289529 0.8546252228630709 0.8544100353428891 0.8543564643595707 0.8541096699064417 0.8542776672115263 0.8543150921581703 0.8544297950155225 0.854080070934234 0.8547522614375727
115 1150 0.0010060241278169071 0 -0.0014334670317897925 0.8548468884892442 0.8547597077381547 0.8542675208702504 0.8544309960048982 0.8539977831780357 0.8542128269563717 0.8545981368032931 0.8543892150019204 0.8542493163083695 0.8538833993507962
116 1160 0.0009072317483598132 0 -0.0014334643463077808 0.8547514045493984 0.8549997508358225 0.8545590494219697 0.8540915256483482 0.8541728876368644 0.8542742795194508 0.8542801017650057 0.853940432698729 0.8539353625851037 0.8545792661222839
117 1170 0.0008324162099937053 0 -0.0014334660167508433 0.8547469366253428 0.8548731806839158 0.8544542009529339 0.8544040816175241 0.8541653070038501 0.8539455157527764 0.8544506578123602 0.8543009606357201 0.8538615669068726 0.8545224407505633
118 1180 0.0007918158107986199 0 -0.001433466140340736 0.8546898911879135 0.8548066604058238 0.854163231940217 0.8542703936385967 0.8546556704895095 0.8538579659203531 0.8545360267519385 0.854446121762615 0.8541678639048736 0.8538971367397465
119 1190 0.0006846552171387865 0 -0.0014334688373586972 0.854790057402454 0.854366113264428 0.8546393891809128 0.854175532023896 0.8544517490422561 0.8541753966978639 0.854443164667373 0.8544495399344215 0.8537778507155893 0.8543627577756628
120 1200 0.0006157499290146697 0 -0.0014334732083991445 0.8542970122008195 0.854590241059726 0.8544633173854527 0.8542605212327334 0.8544975569870104 0.8542579855970657 0.8544558105607342 0.8545532417284124 0.8541940899298953 0.8542827853324525
121 1210 0.0005474746771025851 0 -0.0014334730867175442 0.8542008385165089 0.8545869440914057 0.8542546258923477 0.8541031641223469 0.8544012142738213 0.8541576818679197 0.8544301784367893 0.854458892425699 0.8540355865166426 0.8543227232559675
122 1220 0.0005295757889304854 0 -0.0014334721946771007 0.8542709578681453 0.8545261211889141 0.8544396901836907 0.8540745468439934 0.854469876760909 0.8543493695763497 0.8544730150704989 0.8542420456307708 0.8540839345590651 0.8539752082698863
123 1230 0.0005193943623739901 0 -0.0014334725478464525 0.8543659769541581 0.85449972197733 0.8544566205101658 0.8541936326315853 0.8542890007644613 0.8544628361070183 0.8541586210228859 0.8542919570091789 0.8541756877588702 0.8539397308375972
124 1240 0.0005036493520989558 0 -0.001433472353351806 0.8544089372093139 0.8543531018010533 0.8545626876919434 0.8541114928415204 0.8542750338255153 0.8541831243197476 0.8546285228087459 0.854257319621798 0.8539833305995131 0.8545982882939943
125 1250 0.00047656396007760796 0 -0.0014334725912046045 0.8545953559316601 0.8541855898910756 0.8544507904013487 0.8541908415277141 0.8541497944230769 0.854105466917965 0.854396538464171 0.8545986312446086 0.8540581857504241 0.854302762414695
126 1260 0.0004629262866909149 0 -0.0014334740413460738 0.8545817172195218 0.8542986967948215 0.854219301069051 0.8539931561355371 0.854509019192499 0.8542456731323419 0.8544298752570921 0.8543560330483885 0.8542183542434327 0.8543196578137656
127 1270 0.0004331358987051827 0 -0.0014334739499929615 0.8543961021120074 0.8543746137375577 0.8543235065043463 0.8541905992822642 0.8541401513351665 0.8540964685888675 0.8546542224586897 0.8545304420426556 0.854248020665718 0.8542990219442038
128 1280 0.0004105204666702813 0 -0.0014334734911678035 0.854482192855782 0.8544216937100502 0.854306563448097 0.854290411760075 0.854271390864741 0.8542106402146027 0.8546246045137023 0.8542082666973105 0.8542156297887731 0.8540001578550185
129 1290 0.00035935956502989956 0 -0.0014334738713615324 0.8543073028819318 0.854468932718967 0.8543216128289998 0.8541456720601648 0.8544621901611646 0.8541593208366332 0.8545886061762552 0.8541440992229435 0.85442171871275 0.8541055222808891
130 1300 0.00033418357232479015 0 -0.0014334750535008975 0.8544297222583236 0.8542960826739389 0.8542769895965556 0.8543384113033016 0.8543751179706393 0.8541469816137787 0.8544896454249352 0.8545086241484867 0.8544686532869227 0.8541549519862248
131 1310 0.00035272205632401265 0 -0.001433475955797667 0.8543043302391372 0.8541995723847341 0.8544143897745865 0.8541750656766697 0.8543928720213326 0.8543779551322566 0.8543570976935115 0.8543614177935298 0.8543382817978293 0.8542189023506866
132 1320 0.0003704557874150691 0 -0.001433475842814301 0.8541672909796917 0.8542035737236718 0.85431045776791 0.8543682909510378 0.8543119228352287 0.8542265174871431 0.8543023070306554 0.854395595612095 0.8544099698896872 0.8544061109660357
133 1330 0.00035165761923434377 0 -0.001433476024854659 0.8544786384005605 0.8543347708282232 0.8542594099004531 0.854199879882481 0.8542805712794309 0.8542538303721697 0.8543298339881237 0.8542524435541403 0.8543773188555595 0.8544344349399612
134 1340 0.0003303579853235063 0 -0.0014334756771883232 0.8543990640154416 0.8542532240833759 0.8543895117664149 0.8540908671252959 0.8543307039014483 0.854277977650467 0.8543629776141615 0.8542447181016808 0.8543470594071696 0.8544234941251142
135 1350 0.00030328830397293675 0 -0.0014334759602494215 0.8543819252363622 0.8542588702854236 0.8541890516745035 0.8542680671682521 0.8544782093831573 0.8542415207181899 0.8543973963279127 0.8542810701977822 0.854406900905719 0.8544311871152777
136 1360 0.0002813843298709127 0 -0.001433475797600935 0.8542628501626941 0.8544714675480312 0.8543731328689153 0.8541266922797718 0.8543551070945206 0.8543645040018882 0.8543603859711987 0.8542689045282675 0.8544277077297079 0.8544281376746402
137 1370 0.00027380061720779983 0 -0.0014334764553845184 0.8542041261629206 0.854331532341559 0.8544030025753251 0.854292442458642 0.8543470009175614 0.8544095532144154 0.8542923760855473 0.854395906362893 0.8543619475051044 0.8543494640337959
138 1380 0.00025442121170767435 0 -0.0014334764209680574 0.8543253066393167 0.8542696209714957 0.8543015126187882 0.8542347889696363 0.8543180187163847 0.8544683423455972 0.8543583946144467 0.8542846169251181 0.8544038239923721 0.8543455112564722
139 1390 0.0002368680661360807 0 -0.0014334764663238176 0.8542483377031709 0.8544668734128202 0.8543613835054921 0.8543430753445386 0.8543402682283933 0.8542652790396963 0.8543082938346139 0.8543011114803357 0.8542818068612795 0.854378940893563
