% # columns="iteration, evaluation, sigma, axis ratio, bestever, best, median, worst objective function value, further objective values of best", seed=1077344, Wed Mar 11 16:01:21 2020, <python>{}</python>
1 10 0.1956537103899556 1.0000450010125153 2.5434926952776133 2.5434926952776133e+00 3.454206674529296 3.7389501686278535   
2 20 0.20831041671862874 1.205619112779098 2.5434926952776133 2.6708728238254018e+00 2.8600200513972656 3.117064888504224   
3 30 0.21224941924713336 1.364004503041113 2.5434926952776133 2.5528657434123270e+00 2.7919557564335435 3.305255107305469   
4 40 0.22969421899339554 1.464546357027169 2.5385648949420916 2.5385648949420916e+00 2.690537707490171 3.1508540983993263   
5 50 0.25692360151932986 1.6164870540961234 2.363040923857431 2.3630409238574308e+00 2.645822947175027 3.000931991514923   
6 60 0.294017783447637 1.7564138549306278 1.8397352478063655 1.8397352478063655e+00 2.3839841020203933 2.9778407111881893   
7 70 0.34785952513351065 1.7945704465783 1.768158173133696 1.7681581731336959e+00 2.118447242473977 2.328596967164261   
8 80 0.41022205466366685 1.8481756775445772 1.487465614364983 1.4874656143649829e+00 1.79308483968429 2.589382956014053   
9 90 0.5083389284755923 1.8590073885522989 1.2510607600810977 1.2510607600810977e+00 1.5960115910239485 2.572666215757813   
10 100 0.6024670755003996 1.8859051823065294 0.9617224139751521 9.6172241397515212e-01 1.4065078360370578 2.556807146575317   
11 110 0.6656578307997562 1.9100244234538009 0.6095697877296721 6.0956978772967207e-01 1.5216245588647188 2.5972480877530253   
12 120 0.7208620037806467 1.8432258180890044 0.21586762364814574 2.1586762364814574e-01 1.50232877644508 1.9542280970832786   
13 130 0.8339062203422959 1.9085644517213196 0.21586762364814574 2.6537609929223133e-01 0.9290763489766654 1.1772818111974757   
14 140 0.8679733142146479 1.9328044739185983 0.21586762364814574 5.0597946017245043e-01 0.9143632610554653 1.3447803662962332   
15 150 0.8476039184851274 1.886125239403294 0.21586762364814574 3.6169152084162653e-01 1.0231077969375382 2.004941660356931   
16 160 0.8096895478024976 1.9122709737802093 0.09100019688632537 9.1000196886325366e-02 1.0200861526884886 2.7225028689008015   
17 170 0.82135301613437 1.8750084985423952 0.09100019688632537 3.5654198385024771e-01 0.9372814058417139 2.82328359758415   
18 180 0.724912872375755 1.7817220639551645 0.09100019688632537 1.7665751994484385e-01 0.6960012194390959 1.6053942922562623   
19 190 0.6746006872056044 1.7849601076624457 0.09100019688632537 2.4516376510488486e-01 0.5685635459821737 1.492807873258986   
20 200 0.6139711653596156 1.8268218714264515 0.09100019688632537 1.6605108669558044e-01 0.687619835565638 1.5350653939378403   
21 210 0.5472658675802116 1.8528105412809968 0.09100019688632537 1.9372523191335494e-01 0.6517878165254016 1.5045438414888403   
22 220 0.4869824363176571 1.8415121659528555 0.09100019688632537 1.6867758881276221e-01 0.3200990474048047 0.5048233077063989   
23 230 0.45197765105747845 1.9483634446872975 0.09100019688632537 1.6357301010336944e-01 0.33511195691962686 0.708036366091413   
24 240 0.4514842529571214 1.9664484292596318 0.09100019688632537 1.5523038437909994e-01 0.2906418631761403 0.7554353408352361   
25 250 0.4376508644517134 1.9536612100048667 0.09100019688632537 1.4639003607815601e-01 0.2767956807905523 0.41737065211716723   
26 260 0.41179626297956773 1.891678469479122 0.06649453868680603 6.6494538686806035e-02 0.21040477590594342 0.6110807983850195   
27 270 0.406645439834976 1.8971097709448397 -0.00022566853912766454 -2.2566853912766454e-04 0.27647000212801565 0.5074776844097354   
28 280 0.4210020982293125 1.8983638997794205 -0.00022566853912766454 3.0833997122001064e-02 0.11285994854782581 0.33155995652138714   
29 290 0.43548611699843454 1.8652494895311063 -0.00022566853912766454 6.5953969145050903e-02 0.19119671342779884 0.29778289488324156   
30 300 0.44141855395551427 1.945424763162334 -0.00022566853912766454 1.1403468523238516e-01 0.18014143021363568 0.2114871639148933   
31 310 0.3867627520542254 2.009062068563852 -0.00022566853912766454 2.2155150184918298e-02 0.1766155313055059 0.6414989837647366   
32 320 0.3599440904366746 2.097054414842254 -0.00022566853912766454 5.4878474226215744e-02 0.12748841244952094 0.3036306312093476   
33 330 0.3303862056046084 2.1378557423111775 -0.00022566853912766454 3.8986824060037270e-02 0.13837567274076634 0.2693161528764649   
34 340 0.29556006332477874 2.216468334280084 -0.00022566853912766454 2.5558433066963711e-02 0.10690551646995666 0.19875822679845367   
35 350 0.2679316556041188 2.2761622839933784 -0.00022566853912766454 1.8276616741001450e-03 0.0759182362487233 0.1220728658252705   
36 360 0.23010505335108697 2.272682236100472 -0.00022566853912766454 -9.0663675986994295e-05 0.05501879815500515 0.15236416901642175   
37 370 0.19965898968866816 2.3121186702956433 -0.00022566853912766454 1.2447053968562827e-02 0.04989342302139423 0.12540850786642038   
38 380 0.1965135805724874 2.2814886211011784 -0.00022566853912766454 -2.0638525958074786e-04 0.009063409633976838 0.06475512365725285   
39 390 0.1893333762208473 2.3592667408480374 -0.00022566853912766454 -9.7070479106679071e-05 0.01796141956002084 0.024797405013332524   
40 400 0.17713694975394906 2.475730901258061 -0.00022566853912766454 2.7622959743224262e-03 0.01933554016180067 0.03778328585773724   
41 410 0.1569525248971811 2.446002237057208 -0.0009564868112404656 -9.5648681124046564e-04 -2.9741073690459985e-06 0.030096315409317786   
42 420 0.1493633647146897 2.4691973533644043 -0.0009564868112404656 -1.1500208666457759e-04 0.0034067863793982855 0.01787743469264297   
43 430 0.14000171246556434 2.480516625976607 -0.0009564868112404656 -4.1111684245484010e-04 0.0035246229759478276 0.03719290492681519   
44 440 0.12135569938472182 2.503778984155839 -0.0009564868112404656 -2.7313583265868975e-04 -3.776089031416027e-05 0.03615950807199583   
45 450 0.11057380357855194 2.495952839859977 -0.0010401420994081746 -1.0401420994081746e-03 -0.00043268438347914164 0.015178847333375989   
46 460 0.10319320355808931 2.5369124471314506 -0.0010401420994081746 -1.9522589360496177e-04 -2.140135999843825e-05 0.008448633099117435   
47 470 0.10007614354094484 2.467530955377424 -0.0010401420994081746 -6.7671369309339638e-04 -7.401906048690061e-05 0.012099974201532965   
48 480 0.09916709583712967 2.4279578671802917 -0.0010401420994081746 -5.6827492488462409e-04 -0.0001365236905103824 0.001986885046603881   
49 490 0.09419259893003383 2.45034072494104 -0.0010401420994081746 -2.4718431938257232e-04 0.0003946990526636496 0.013611374972766543   
50 500 0.09141107463559243 2.5420363689095113 -0.0010401420994081746 -7.5770734462590544e-04 -0.0001286665760365132 0.004333221654706232   
51 510 0.09351949090448516 2.548009804203878 -0.0010401420994081746 -6.2328143145582663e-04 -0.00032100949974140817 -3.078391459268337e-06   
52 520 0.08915431823300092 2.546260581707662 -0.0010401420994081746 -7.5840984174354665e-04 -0.00048241723372484803 0.007924400720009273   
53 530 0.08744292361306384 2.53362534225135 -0.0010401420994081746 -5.5853779566277352e-04 -0.00015966919126680887 0.007540343761201718   
