% # columns="iteration, evaluation, sigma, void, void,  stds==sigma*sqrt(diag(C))", seed=1077344, Wed Mar 11 16:01:21 2020, <python>{}</python>
1 10 0.1956537103899556 0 0 0.19314873593799906 0.19795786519880298 0.19715377581797833 0.19558587910821176 0.1958688472301629 0.18967456391078844 0.2038510912297786 0.19346483138404758 0.19360956445960587 0.19612176898965708
2 20 0.20831041671862874 0 0 0.19981768394412006 0.2059725809981411 0.20255259770551323 0.20656726274904905 0.20679276680822273 0.20153119766646221 0.22837292447079166 0.20843338511978343 0.21929084434926732 0.21911301677120806
3 30 0.21224941924713336 0 0 0.20500792238566554 0.2086283080016156 0.20623924300604313 0.2086563342753647 0.21045469723655624 0.2053789233044234 0.23434155852031557 0.20873035900546663 0.22686761365355296 0.2191271255579862
4 40 0.22969421899339554 0 0 0.22039696861706476 0.22502435552519193 0.2167025829766224 0.22379585908119423 0.22667865155386094 0.227365808427937 0.25621981060973426 0.22872143250877475 0.2616317391743257 0.23830599637176383
5 50 0.25692360151932986 0 0 0.25565939059130666 0.25006223864103705 0.2324736502150937 0.25046052176282135 0.25181940743713016 0.25594391026420354 0.2935160604373077 0.25681339807667286 0.3022070440192618 0.2656792650723124
6 60 0.294017783447637 0 0 0.29028098559347504 0.2829913769969309 0.2647581920036228 0.29004258529399063 0.275905711342448 0.2970341037327874 0.35315798100671714 0.3112952915069954 0.3504000285093345 0.3144404091747058
7 70 0.34785952513351065 0 0 0.3541799806065704 0.3369240487489776 0.3059759961171186 0.34984471540009743 0.3237262723953301 0.35187703102566614 0.4195989106301593 0.36484693358351433 0.4109682597261803 0.3815068846790808
8 80 0.41022205466366685 0 0 0.41612802806129046 0.38799948352835445 0.36100171725630253 0.4133924885748051 0.38499567487317116 0.4071369231361563 0.4981011589684719 0.4283361302109916 0.4874628361051995 0.45791856780297835
9 90 0.5083389284755923 0 0 0.5092740912599983 0.4850829789816003 0.45326256274363874 0.5131198458627144 0.47352932129059877 0.5060738969388489 0.6193963459347829 0.529937725647822 0.6095906986719517 0.5682155193308703
10 100 0.6024670755003996 0 0 0.5996706192412777 0.5857687240609616 0.5400917225981124 0.5952245461218375 0.542525285406868 0.6070989480024724 0.7376734020671557 0.6250141771048209 0.7087250556454124 0.6721960400783523
11 110 0.6656578307997562 0 0 0.6533022868391614 0.660145862046884 0.5629926424226108 0.6517242363781289 0.5990455517691481 0.6701288420172054 0.8033798437160815 0.683674237983166 0.7563814541921454 0.7183581481415021
12 120 0.7208620037806467 0 0 0.7026322822174764 0.7046765439867155 0.6286960271868413 0.7199304968459487 0.6353563694747791 0.6991941078407113 0.8659587819282695 0.7250737248136253 0.8192920797908794 0.7715343345343648
13 130 0.8339062203422959 0 0 0.8243245683316093 0.7916566117323419 0.7501939709083315 0.8550980342646903 0.7487633613005601 0.7740529257173854 0.9967800665574247 0.8312413792606372 0.9589135273369019 0.8978010369894808
14 140 0.8679733142146479 0 0 0.8617684867604539 0.8305537401043581 0.7743905903549974 0.8771280893929301 0.7794503767581602 0.7855396739638433 1.0213092329700837 0.8634413288439287 0.971474950696509 0.9203482099657403
15 150 0.8476039184851274 0 0 0.8370001735088147 0.8143136641630161 0.7497297077214218 0.8371453207772491 0.7333599665318613 0.7791903755844309 0.9874481027638877 0.8273784963089732 0.9477506609984483 0.8842792903347271
16 160 0.8096895478024976 0 0 0.7876717766813613 0.7816678687367641 0.7197120188380739 0.7894934276910526 0.6911032284685875 0.7312399405292255 0.9244194337976194 0.799684546720978 0.8924739450438601 0.8246365125866516
17 170 0.82135301613437 0 0 0.7835731535408222 0.7724771029896418 0.737895750049009 0.8007728610792124 0.6948554520230408 0.7465081923936806 0.8700450436907741 0.8345756533432057 0.879737156803641 0.8565593733457103
18 180 0.724912872375755 0 0 0.6811483552608485 0.6800687204865757 0.6320327946260664 0.7004761823072967 0.6083616509828325 0.6641414858819291 0.7544552491582738 0.7332159284297828 0.749743912865123 0.7581732379893898
19 190 0.6746006872056044 0 0 0.6187606982377906 0.626142907720074 0.5971560619996066 0.6449775623400639 0.5442618899228977 0.6164418320354705 0.7007120770109843 0.6755374503862208 0.6835704036765243 0.696727940959204
20 200 0.6139711653596156 0 0 0.5604565721737297 0.5613684699769953 0.5418870898882701 0.5823902581818053 0.4954376192399098 0.5498253314609115 0.6310881957672543 0.613488839588706 0.6199674587194236 0.6096787459849293
21 210 0.5472658675802116 0 0 0.5077575223565933 0.4908609867403039 0.48056528762032547 0.5109173772513189 0.42418116883001344 0.4840018757769331 0.5375707136600898 0.548513988288672 0.54970455972187 0.5369107400212678
22 220 0.4869824363176571 0 0 0.45274863568472107 0.4382617690261586 0.424839342847898 0.4398835119240471 0.3698587162516847 0.4278201742896328 0.4740025718995201 0.47401644063497506 0.4834145215607246 0.47980089038793045
23 230 0.45197765105747845 0 0 0.4183644314309159 0.4051923683349513 0.37931751083647436 0.40005317813998026 0.3477285408194305 0.39448521515320506 0.43301672864463153 0.4384588047266802 0.44418954519470477 0.4558422365952209
24 240 0.4514842529571214 0 0 0.4208327809319859 0.40374517375278157 0.3759396656789034 0.3965039911840971 0.3501350852318704 0.4088696689410158 0.42706864907620606 0.43602875233583555 0.43536120370231035 0.44999356398300006
25 250 0.4376508644517134 0 0 0.40903815043496505 0.38654043877811844 0.3574502119632321 0.3911556274044583 0.3357398112814539 0.39663474617648187 0.40980073024744434 0.41820926502871836 0.4184306800499268 0.42381796711646563
26 260 0.41179626297956773 0 0 0.3806013377458093 0.3663505430414591 0.3337712653460446 0.3428064916262091 0.31509992473746434 0.3708204672094774 0.3859878731103498 0.38896508503847427 0.38739569922156103 0.3962166816819145
27 270 0.406645439834976 0 0 0.3733312765884559 0.3603579728841977 0.33170085712018793 0.34797638327847213 0.30376049384308473 0.3584560212453554 0.387601857855142 0.37898751360185856 0.381002469150196 0.3758015100479055
28 280 0.4210020982293125 0 0 0.37134126339552936 0.38134193681666745 0.3365887138865896 0.359084779859312 0.31597202485840004 0.36968784767680557 0.4008711971319654 0.39928674862389263 0.37986205767958964 0.39184917874612546
29 290 0.43548611699843454 0 0 0.38599495342814 0.385375710581314 0.343407862175242 0.35815422122296703 0.3287079893327404 0.3888825443850847 0.41257520288353156 0.40833615761687103 0.3887265827141095 0.42769693449084084
30 300 0.44141855395551427 0 0 0.38339116986698896 0.3863135943607495 0.35217028856071814 0.36047257559852847 0.3316748697748079 0.3941766610238051 0.4161724732573708 0.42482787130668215 0.39093278871024306 0.4309919798238207
31 310 0.3867627520542254 0 0 0.3376133571075606 0.3349919438232543 0.3101460046153606 0.31293611053647585 0.2900938510174296 0.33040891596050465 0.3606944984743482 0.36750664314654663 0.34241849261607976 0.3758493744117479
32 320 0.3599440904366746 0 0 0.31500710381105135 0.3095860097399321 0.28614789171119454 0.29150886320083313 0.26599788818156644 0.2968045518344832 0.3372304861439941 0.34138841803023434 0.3059836596124476 0.35011931292443044
33 330 0.3303862056046084 0 0 0.28876947189198854 0.2811853020745161 0.26092497930727704 0.27135073214528954 0.23217856427810496 0.2691037195407067 0.30408088158122565 0.3172672407528034 0.27899394868692595 0.32331826849785905
34 340 0.29556006332477874 0 0 0.2539137484056002 0.2444992951743475 0.22917071271836464 0.23980556892959534 0.2092756672154939 0.24139611227995472 0.2765682807124253 0.27821898041325116 0.2500723857653305 0.290363422832208
35 350 0.2679316556041188 0 0 0.2292607819599755 0.21569305907464542 0.2104103809972337 0.2133035888433374 0.1896617950811532 0.21878630549870057 0.2446248651606839 0.2501863509018443 0.22198372948644765 0.261715895485272
36 360 0.23010505335108697 0 0 0.1958373559312147 0.1841265110292745 0.1770350964945754 0.17702435085975288 0.16134417569652304 0.18705706007916453 0.20947514898855196 0.2127335079098784 0.1907856068547853 0.22301451814765508
37 370 0.19965898968866816 0 0 0.16347414090787113 0.1596485738173581 0.1534444105953186 0.14843209958286435 0.13905996795626724 0.1619259121915555 0.1780571584754777 0.1823190628647131 0.1656817162649425 0.19200093374919985
38 380 0.1965135805724874 0 0 0.16493147434335836 0.16217992815250287 0.14886501528596793 0.14961395233188304 0.1347680236409746 0.15724949009629383 0.17122266988010554 0.1784273570117408 0.1610012985596078 0.18889946485234585
39 390 0.1893333762208473 0 0 0.15686480937695635 0.15609646618502232 0.14031450354136593 0.14195105799909208 0.1317857841733686 0.148540528958496 0.16214581220950422 0.18111051448346335 0.15539455364781543 0.1829766599516686
40 400 0.17713694975394906 0 0 0.15045488373395324 0.14290575326990604 0.131344413234672 0.13191802714159387 0.11850191146826966 0.14186216453323144 0.15057158348754277 0.17022553239996788 0.1448280918126333 0.16811949155890027
41 410 0.1569525248971811 0 0 0.13336338602441306 0.12565825810042813 0.11604823237989982 0.11270616388727346 0.1044236327139021 0.12519541066449832 0.13025098367992835 0.14859967870781943 0.1281091281493005 0.14826166172501468
42 420 0.1493633647146897 0 0 0.12809198915013514 0.11514516549889817 0.11175645865505358 0.10431606712000949 0.09918684673610723 0.11834909127518083 0.12629779792009418 0.14184144743217247 0.12152940591453572 0.14065469607538544
43 430 0.14000171246556434 0 0 0.11943373914775729 0.10779485965585144 0.1039705436512647 0.09740407247100352 0.09275275094392826 0.10773631057668015 0.11901711036442632 0.13166245267657595 0.1143187878691367 0.1288862652619288
44 440 0.12135569938472182 0 0 0.10351837953944817 0.09145033550113736 0.0900298225504553 0.08433028631469791 0.07875629230415868 0.09195088525736428 0.10089530506691285 0.11337747437403235 0.09908571575191881 0.1099646484689528
45 450 0.11057380357855194 0 0 0.0936363967399815 0.08256101976979388 0.08144004982282019 0.07727122354627071 0.06860181631892127 0.08408309159745402 0.0916381207091842 0.10200914854449385 0.0882936607725132 0.09872610081113208
46 460 0.10319320355808931 0 0 0.08614561599513205 0.07662079993593356 0.07534200106174507 0.07136400022885081 0.06657194884061804 0.07764834131487952 0.08541010384289993 0.09266782560905906 0.08098515320509893 0.08966397683500585
47 470 0.10007614354094484 0 0 0.08331642977721353 0.07398675479351555 0.07060786637998534 0.06885536841672343 0.06650157967335484 0.07429970247189821 0.0824824668045821 0.08998099279725419 0.07822295163377956 0.08658628838945667
48 480 0.09916709583712967 0 0 0.08330599989074738 0.07357236352935081 0.0696493398856795 0.07059976592684547 0.0679921292698301 0.07072174566721551 0.08306342284068773 0.08764905880606963 0.07591570058716943 0.08585468313592737
49 490 0.09419259893003383 0 0 0.07643946595379716 0.07136328705585485 0.06532795918966197 0.0663241894384891 0.06487541913491997 0.0669350178216145 0.08094550736061702 0.08375554682526665 0.07080096266598875 0.0820922781778564
50 500 0.09141107463559243 0 0 0.07461856068959836 0.06957182440764778 0.062428611885859554 0.06436478206088111 0.06224385568294852 0.06486857538750343 0.07804392520028652 0.07961812528239054 0.0671602951952739 0.07935145170385355
51 510 0.09351949090448516 0 0 0.07597942746990498 0.07249714408859907 0.06292293822890081 0.06844032875653773 0.061084329949076005 0.06425092677833917 0.0798720228531711 0.08068917176752423 0.06899547637247753 0.08094998121520258
52 520 0.08915431823300092 0 0 0.07279413326287695 0.06911383831357096 0.059942759018180754 0.0644122534746548 0.05760379109161782 0.060319009735930754 0.07478606743918673 0.07547715221853285 0.0655319285428127 0.0742592519985436
53 530 0.08744292361306384 0 0 0.07101759256338976 0.06856478350411649 0.05898821244534812 0.06416527140185418 0.05581647076415029 0.0592826846128579 0.07392635340320691 0.07178756409340027 0.06346603874916512 0.07222085185946603
