% # columns="iteration, evaluation, min max(neg(.)) min(pos(.)) max correlation, correlation matrix principle axes lengths  (sorted square roots of eigenvalues of correlation matrix)", seed=1060433, Wed Mar 11 16:01:21 2020
1 10 -0.08762401440333074 -0.015353115599404093 0.013778994166067551 0.07981021254243643 0.9042256896905745 0.9576038508444051 0.972928749752637 0.9774545587344325 0.9949012974204338 1.0012820336336075 1.0129839406632024 1.0239870586726807 1.0461544272524725 1.0962863001737628
2 20 -0.10106719496143582 -0.015205825730887957 0.023611702646056845 0.1329689943489253 0.9042256896905745 0.9576038508444051 0.972928749752637 0.9774545587344325 0.9949012974204338 1.0012820336336075 1.0129839406632024 1.0239870586726807 1.0461544272524725 1.0962863001737628
3 30 -0.08591815294249965 -0.008545548765458415 0.04313660139746464 0.12596810855502225 0.9042256896905745 0.9576038508444051 0.972928749752637 0.9774545587344325 0.9949012974204338 1.0012820336336075 1.0129839406632024 1.0239870586726807 1.0461544272524725 1.0962863001737628
4 40 -0.10409633238865788 -0.0015947888005799617 0.03648151597090892 0.16510577496019702 0.9042256896905745 0.9576038508444051 0.972928749752637 0.9774545587344325 0.9949012974204338 1.0012820336336075 1.0129839406632024 1.0239870586726807 1.0461544272524725 1.0962863001737628
5 50 -0.06827099684991145 0.0012421878455191777 0.06740305671976338 0.18494313429760956 0.9042256896905745 0.9576038508444051 0.972928749752637 0.9774545587344325 0.9949012974204338 1.0012820336336075 1.0129839406632024 1.0239870586726807 1.0461544272524725 1.0962863001737628
6 60 -0.09828640290478968 0.03503613117643076 0.11109364716732242 0.19311280326220448 0.9042256896905745 0.9576038508444051 0.972928749752637 0.9774545587344325 0.9949012974204338 1.0012820336336075 1.0129839406632024 1.0239870586726807 1.0461544272524725 1.0962863001737628
7 70 -0.09400937684314775 0.05284529208825852 0.14358688583623497 0.24835163798709703 0.9042256896905745 0.9576038508444051 0.972928749752637 0.9774545587344325 0.9949012974204338 1.0012820336336075 1.0129839406632024 1.0239870586726807 1.0461544272524725 1.0962863001737628
8 80 -0.08737004555221217 0.04584082794440249 0.13215402381126068 0.2468992477923711 0.9042256896905745 0.9576038508444051 0.972928749752637 0.9774545587344325 0.9949012974204338 1.0012820336336075 1.0129839406632024 1.0239870586726807 1.0461544272524725 1.0962863001737628
9 90 -0.09142902861799908 0.05371623005805744 0.14132932260398276 0.22457880274393466 0.9042256896905745 0.9576038508444051 0.972928749752637 0.9774545587344325 0.9949012974204338 1.0012820336336075 1.0129839406632024 1.0239870586726807 1.0461544272524725 1.0962863001737628
10 100 -0.05645956803549701 0.061797349036127006 0.13868472101880963 0.2617268072025731 0.9042256896905745 0.9576038508444051 0.972928749752637 0.9774545587344325 0.9949012974204338 1.0012820336336075 1.0129839406632024 1.0239870586726807 1.0461544272524725 1.0962863001737628
11 110 -0.08158290451449346 0.049906728200652055 0.12898398516693932 0.24709394141954918 0.8062395389334814 0.8420501843790403 0.8477000883681726 0.9011502184817604 0.9540888887348197 0.9716497494582337 1.0051633686734327 1.0839000062241122 1.0945369199146462 1.3684551886185876
12 120 -0.08523242396449475 0.05267739599977915 0.13535088052187652 0.24438323701980408 0.8062395389334814 0.8420501843790403 0.8477000883681726 0.9011502184817604 0.9540888887348197 0.9716497494582337 1.0051633686734327 1.0839000062241122 1.0945369199146462 1.3684551886185876
13 130 -0.06244806496442739 0.05902906876478051 0.14614319266674725 0.23698056613113447 0.8062395389334814 0.8420501843790403 0.8477000883681726 0.9011502184817604 0.9540888887348197 0.9716497494582337 1.0051633686734327 1.0839000062241122 1.0945369199146462 1.3684551886185876
14 140 -0.06774821369177919 0.048591028710425144 0.13791566656018098 0.27644872069050264 0.8062395389334814 0.8420501843790403 0.8477000883681726 0.9011502184817604 0.9540888887348197 0.9716497494582337 1.0051633686734327 1.0839000062241122 1.0945369199146462 1.3684551886185876
15 150 -0.0495456324605149 0.031111265237605185 0.1171245232392838 0.26293406615869724 0.8062395389334814 0.8420501843790403 0.8477000883681726 0.9011502184817604 0.9540888887348197 0.9716497494582337 1.0051633686734327 1.0839000062241122 1.0945369199146462 1.3684551886185876
16 160 -0.0745262292536045 0.034412545639116894 0.12356707635393464 0.2546689258715714 0.8062395389334814 0.8420501843790403 0.8477000883681726 0.9011502184817604 0.9540888887348197 0.9716497494582337 1.0051633686734327 1.0839000062241122 1.0945369199146462 1.3684551886185876
17 170 -0.09291855373478994 0.007097024671441934 0.11572288301901204 0.26524114485663475 0.8062395389334814 0.8420501843790403 0.8477000883681726 0.9011502184817604 0.9540888887348197 0.9716497494582337 1.0051633686734327 1.0839000062241122 1.0945369199146462 1.3684551886185876
18 180 -0.09133679288023919 0.0020108743771473777 0.13145582921191212 0.29834000138435707 0.8062395389334814 0.8420501843790403 0.8477000883681726 0.9011502184817604 0.9540888887348197 0.9716497494582337 1.0051633686734327 1.0839000062241122 1.0945369199146462 1.3684551886185876
19 190 -0.11891169523151793 0.005971431648393308 0.12611459865757124 0.2966625700999127 0.8062395389334814 0.8420501843790403 0.8477000883681726 0.9011502184817604 0.9540888887348197 0.9716497494582337 1.0051633686734327 1.0839000062241122 1.0945369199146462 1.3684551886185876
20 200 -0.11343729608770986 0.002560017524245436 0.11929235175635118 0.2420860123514679 0.8062395389334814 0.8420501843790403 0.8477000883681726 0.9011502184817604 0.9540888887348197 0.9716497494582337 1.0051633686734327 1.0839000062241122 1.0945369199146462 1.3684551886185876
21 210 -0.08273807479725936 0.009086140512573424 0.1138595436967621 0.2339273273520659 0.7864312835190091 0.8381214829828577 0.870987244351306 0.9226802452541065 0.9463859902501782 0.9961835156739983 1.0406226997718788 1.0765443752565826 1.1409349686549934 1.2796548612579532
22 220 -0.12273233806153876 0.00373719044110992 0.10650869470576277 0.24207239973892258 0.7864312835190091 0.8381214829828577 0.870987244351306 0.9226802452541065 0.9463859902501782 0.9961835156739983 1.0406226997718788 1.0765443752565826 1.1409349686549934 1.2796548612579532
23 230 -0.12050990730231513 0.013868038565724956 0.13340755953982375 0.298359850034517 0.7864312835190091 0.8381214829828577 0.870987244351306 0.9226802452541065 0.9463859902501782 0.9961835156739983 1.0406226997718788 1.0765443752565826 1.1409349686549934 1.2796548612579532
24 240 -0.128088271251855 0.005767699282737996 0.14577961206421458 0.3174805216872568 0.7864312835190091 0.8381214829828577 0.870987244351306 0.9226802452541065 0.9463859902501782 0.9961835156739983 1.0406226997718788 1.0765443752565826 1.1409349686549934 1.2796548612579532
25 250 -0.08937896559484904 0.034885681383527836 0.16570236771922423 0.34071699070149797 0.7864312835190091 0.8381214829828577 0.870987244351306 0.9226802452541065 0.9463859902501782 0.9961835156739983 1.0406226997718788 1.0765443752565826 1.1409349686549934 1.2796548612579532
26 260 -0.07495985828904733 0.05000719550966028 0.18104722248464644 0.33214389352907586 0.7864312835190091 0.8381214829828577 0.870987244351306 0.9226802452541065 0.9463859902501782 0.9961835156739983 1.0406226997718788 1.0765443752565826 1.1409349686549934 1.2796548612579532
27 270 -0.051355852844449545 0.06957715613153954 0.19670961108293816 0.3835066371061677 0.7864312835190091 0.8381214829828577 0.870987244351306 0.9226802452541065 0.9463859902501782 0.9961835156739983 1.0406226997718788 1.0765443752565826 1.1409349686549934 1.2796548612579532
28 280 -0.03337337962877282 0.08199470665402556 0.22150031378695248 0.3652936915615479 0.7864312835190091 0.8381214829828577 0.870987244351306 0.9226802452541065 0.9463859902501782 0.9961835156739983 1.0406226997718788 1.0765443752565826 1.1409349686549934 1.2796548612579532
29 290 -0.015158236676405128 0.10077711153706795 0.22324145960010663 0.39987614041987735 0.7864312835190091 0.8381214829828577 0.870987244351306 0.9226802452541065 0.9463859902501782 0.9961835156739983 1.0406226997718788 1.0765443752565826 1.1409349686549934 1.2796548612579532
30 300 -0.009361764388904483 0.10500366362671794 0.24020129867084117 0.3815603978500711 0.7864312835190091 0.8381214829828577 0.870987244351306 0.9226802452541065 0.9463859902501782 0.9961835156739983 1.0406226997718788 1.0765443752565826 1.1409349686549934 1.2796548612579532
31 310 0.0028613794687679965 0.11955686609319308 0.2318950427970798 0.3772505035248881 0.7045366186401616 0.7777036720547228 0.7974142037111676 0.8388042244854033 0.8759112300491043 0.9282708703584384 0.9915825057222317 1.034620417145859 1.1003465066792038 1.6327884775745103
32 320 0.025634507969940053 0.13473477468009654 0.24740372812016603 0.3930992171143571 0.7045366186401616 0.7777036720547228 0.7974142037111676 0.8388042244854033 0.8759112300491043 0.9282708703584384 0.9915825057222317 1.034620417145859 1.1003465066792038 1.6327884775745103
33 330 0.02348421805983823 0.1263745788267908 0.235084885107775 0.3737286891279193 0.7045366186401616 0.7777036720547228 0.7974142037111676 0.8388042244854033 0.8759112300491043 0.9282708703584384 0.9915825057222317 1.034620417145859 1.1003465066792038 1.6327884775745103
34 340 0.04165025964102516 0.13299288338697607 0.25413823150765347 0.38281778624310314 0.7045366186401616 0.7777036720547228 0.7974142037111676 0.8388042244854033 0.8759112300491043 0.9282708703584384 0.9915825057222317 1.034620417145859 1.1003465066792038 1.6327884775745103
35 350 0.051239854307387867 0.14262027930340104 0.2610590364970588 0.40588535626303746 0.7045366186401616 0.7777036720547228 0.7974142037111676 0.8388042244854033 0.8759112300491043 0.9282708703584384 0.9915825057222317 1.034620417145859 1.1003465066792038 1.6327884775745103
36 360 0.0629801152444024 0.15434740885041437 0.2756533874237972 0.43115572806999075 0.7045366186401616 0.7777036720547228 0.7974142037111676 0.8388042244854033 0.8759112300491043 0.9282708703584384 0.9915825057222317 1.034620417145859 1.1003465066792038 1.6327884775745103
37 370 0.05368666047022866 0.14958848900839977 0.2781890419813249 0.4216524368610005 0.7045366186401616 0.7777036720547228 0.7974142037111676 0.8388042244854033 0.8759112300491043 0.9282708703584384 0.9915825057222317 1.034620417145859 1.1003465066792038 1.6327884775745103
38 380 0.04523656007750882 0.14563844923242342 0.28489053332891107 0.43162310716067864 0.7045366186401616 0.7777036720547228 0.7974142037111676 0.8388042244854033 0.8759112300491043 0.9282708703584384 0.9915825057222317 1.034620417145859 1.1003465066792038 1.6327884775745103
39 390 0.07568171869122806 0.15191945555471897 0.2872072281265673 0.39581128865183485 0.7045366186401616 0.7777036720547228 0.7974142037111676 0.8388042244854033 0.8759112300491043 0.9282708703584384 0.9915825057222317 1.034620417145859 1.1003465066792038 1.6327884775745103
40 400 0.05799627933555495 0.1559059762215506 0.3042357909166252 0.36369585894571066 0.7045366186401616 0.7777036720547228 0.7974142037111676 0.8388042244854033 0.8759112300491043 0.9282708703584384 0.9915825057222317 1.034620417145859 1.1003465066792038 1.6327884775745103
41 410 0.04629845517374141 0.13910761479976969 0.3064882077981442 0.3621422608340755 0.6946282136789302 0.7111190416310267 0.7356614605376434 0.7788374845771947 0.9149506951139532 0.9227549002250313 0.9593146207251657 1.02262302595119 1.0815126663050418 1.7434713416022611
42 420 0.029432094984102364 0.12865321265639776 0.3026885357554415 0.3497078407940772 0.6946282136789302 0.7111190416310267 0.7356614605376434 0.7788374845771947 0.9149506951139532 0.9227549002250313 0.9593146207251657 1.02262302595119 1.0815126663050418 1.7434713416022611
