% # columns="iter, evals, sigma, 0, fitness, xbest" seed=1055534, Wed Mar 11 16:01:22 2020, <python>{}</python>
1 10 0.19491395944585657 0 2.6382985740806224 -0.5723475091050705 -0.8090090235322065 -0.9642500584588539 -1.1136980794511293 -1.266007693752497 -0.6606185087496437 -0.8947921162543614 -0.9589330321619862 -1.027006062276917 -0.5999379640598675
2 20 0.20399341757199607 0 2.4877653263106083 -0.8310405368941843 -0.5205531291703771 -0.8464728085179614 -0.7671899275948537 -0.9248365321704749 -0.45790981996195773 -1.015487356351204 -0.6939262324102693 -1.2567328872838446 -1.1481456420498526
3 30 0.23448877934750514 0 2.227980570805689 -0.8850005495785702 -0.29554277804236895 -1.0521974306613413 -0.39915703658572677 -1.1751066502458705 -0.43167272702413273 -0.761745053241492 -0.5665294734381411 -1.1813742918787586 -0.9293070622597158
4 40 0.2610613408219732 0 1.7349744949974302 -0.8437754915903324 -0.5332371560686083 -0.6132120476711709 -0.6432370206161846 -0.7714905471548579 -0.12653109052350403 -0.4697004085391147 -0.6831750440020683 -0.8349413421719107 -0.9731959386862623
5 50 0.3082169397710951 0 1.1606175042377922 -0.5730144173177072 -0.14623786629871366 -0.38166564846335505 -0.5611971622697314 -0.43939975448067137 -0.24133832003783773 -1.1614738471448904 -0.046101558632157535 -0.7819216194176803 -0.2336036976072312
6 60 0.38030492641039354 0 0.7594382763960886 -0.5811034518026742 0.5363244646656785 -0.14293586070265474 -0.675977682809053 -0.49541171087247265 -0.13028282524002596 -0.3587213402555307 -0.05874113564733288 -0.6351382473793009 -0.5212963636666808
7 70 0.4351389841242323 0 0.45357244035320277 -0.32178265163898995 0.31688252354340685 -0.19676353082653486 -0.13526041436668101 -0.1342189720358813 0.2841536920702222 -0.10713753346505256 -0.09655695510974936 -1.083493961508304 -0.3219492301565267
8 80 0.4892641968073489 0 0.37187714494826923 -0.02025655233952217 0.04759912624925847 -0.14355889121555165 0.10848206027510604 -0.0025034628163368433 0.7050324930003673 -0.5881693124099218 0.18109009618555583 -0.9142597441570736 -0.4814555899586668
9 90 0.5167284003980899 0 0.26949349214165824 0.4304889406380118 0.7402695765387195 0.34371739887330494 0.48102230669078005 -0.15254517415659447 0.4966600923866531 -0.5637148642820623 0.6212470922733805 -0.8306965571273535 0.15224020312009845
10 100 0.5346466594860501 0 0.25372658516456154 -0.4465014339148732 0.40251139229927424 -0.8745855887349095 -0.1971256260393914 0.3398464637350028 0.3057122586079037 0.2374603770465819 0.7787649162867004 -0.5135917088455242 0.009104704152364251
11 110 0.5246658949672935 0 0.22024081123735648 0.04401677225813572 0.2338471754668895 0.3057706941126038 0.08337209992438828 0.39580582176913504 -0.30935940886002095 0.11307824865211565 0.9484856438066054 -0.6209458924683836 -0.7373855998211858
12 120 0.49420073516537166 0 0.13911924905946946 -0.6381753703715006 0.15515932354176515 0.4849516443443803 0.130811821754494 -0.21200355528112563 0.809585078388714 -0.10198678603406247 0.15711524501805207 -0.20623183642581477 -0.06614640606541612
13 130 0.4662587525634867 0 0.15379334024480165 -0.25768361900740533 0.45761799158099137 0.644986525207182 -0.142293632381917 0.24117646426828712 -0.24623063365515052 -0.27926529225869556 -0.4050011222961606 -0.19430978771369434 -0.26360817858059415
14 140 0.46139239591746867 0 0.13659415550975385 -0.41046039843214466 0.6216187444234519 0.4480615446276256 0.36277944196715994 0.37583166809173546 -0.3116462620377827 -0.08513324048391388 0.26355268402940824 0.10826368359808725 -0.4761205965725285
15 150 0.43913610396638986 0 0.13734646584636753 -0.38380766857665644 -0.44084523959626054 0.30662979586719474 0.21220037286362187 0.9532680510030955 0.16652655547333944 -0.006603784558270185 -0.17003944013490996 -0.044663008456493375 0.012829176534937925
16 160 0.415495207044172 0 0.0838686101107614 -0.2615831999262469 0.23271448615809637 0.8630949763164889 0.15305715764285366 0.2179470867914946 0.5095824258877639 0.23456301079559677 0.14241763984041964 -0.10169706150706725 0.31685057798498284
17 170 0.401989796349765 0 0.07821858350920402 -0.18131016000993558 -0.11494515188325999 0.4060007712637099 0.393742089246365 0.4449935694014754 0.21494505501366218 -0.11567106701038737 0.24151079434747127 0.24932431685841827 0.7717253935856614
18 180 0.3973179486613759 0 0.07876482754872993 -0.46183106991779765 0.084259404709641 -0.10945720218856597 0.1308884968999725 0.04892700995718885 0.5592329351128441 0.46126060631921795 0.3101399784548197 0.30168006147194915 0.061984614429954066
19 190 0.3701295774699584 0 0.03813675694865941 -0.11956764804148809 0.5764955855713843 0.039367692844976335 0.37214885941758025 0.28970386834625006 0.024656358360236386 0.47677921402332357 0.08424011089493966 0.3463779446455106 0.027411044784060826
20 200 0.34343563577073916 0 0.03669220658076784 0.06451577223657884 0.16671153497616015 0.01968576998816026 0.188544110303919 0.6111679577516714 0.11604317695507294 0.15732228664384323 0.5495203346694273 0.3668225779385462 0.31253420650756125
21 210 0.34205085228206206 0 0.042640429445141625 0.3321051411123904 0.309672244749493 0.07816659968830492 0.4633590479915103 0.7013574348828825 0.07760437138072834 0.4731384963206949 0.38959677677149035 -0.06358401679580569 0.33398741728477827
22 220 0.32608271633429314 0 0.02827939236100731 0.43436311177205805 0.32860339729117033 0.31678337825299446 0.7031585465366692 0.7825138816592923 0.4124217776731175 0.6481956257709613 0.7012125873221831 0.3269688814709897 0.18991157971645106
23 230 0.31025583455929956 0 0.02501764392863855 0.5317078609831882 0.21318077772114283 0.2536525766005653 0.01482267995385611 0.7385115607752168 0.30149478667740903 0.5918167701631118 0.3668002726759502 0.255539747019229 0.4254129285451541
24 240 0.2963938724369149 0 0.027828504241949638 0.5620237619597073 0.330746090135798 0.18004890259601253 0.1882903072809355 0.5670427077293366 0.5026223312379929 0.04266705322495579 0.12067389154486947 0.5642915987992311 0.5095802812804239
25 250 0.27217171255548656 0 0.021872718579012587 0.3827822771056456 -0.01640839014539891 0.12128206110202483 -0.12441671997771417 0.3064109090290714 0.0018645902225793431 0.2879373377093772 0.021350894361414116 0.19210018335730653 -0.09153068681902715
26 260 0.23967001922430503 0 0.0104394914728001 0.16636514932229118 -0.11315947464898898 0.12247212908620625 0.1931575509878577 0.3289948137968697 0.21398968930802142 0.5451643718990745 0.25516763844811896 0.2255742661991313 0.1575488329204596
27 270 0.22127548806249783 0 0.014302599862732298 0.3225449624807323 0.09780354948735454 0.39541152103210275 0.10075001986554052 0.30839983518028646 0.1606628539876629 0.4871997935987331 0.21969434000635696 0.4166335242041488 0.2060859437766609
28 280 0.19843404437015771 0 0.00848868483335093 0.4074009582275346 0.2108156058337472 0.4310726064121415 0.2126448406566845 0.45622451065952374 0.142551078524352 0.2858952279928202 0.28550440661338655 0.13886526040516836 0.16923684755255797
29 290 0.18559281685238577 0 0.0070639782620049996 0.42056477534610415 0.10066667068141724 0.17591470082547273 0.351255543925834 0.32582935893541176 0.23619002145717322 0.5510982732661707 0.2015623945727824 0.2686186317963445 0.3751070160676445
30 300 0.1671096987378393 0 0.0031843200797336824 0.30565444975099726 0.12601470242704846 0.28755824626102916 0.14760959228662052 0.34649501350523704 0.4746351920091253 0.3248202846326509 0.1576706742998071 0.23979284495903969 0.43235931562089536
31 310 0.14927353198071713 0 -0.00014513917303601032 0.5883846608593671 0.23932161239406233 0.4761942386570018 0.32248051724935667 0.4421853934750349 0.3817284836518929 0.32814514807053163 0.4199231576388748 0.40023376883377615 0.43689075135207994
32 320 0.13843100003796802 0 -6.793937727536868e-05 0.42139325642476166 0.2718826351231954 0.41324311194667473 0.19846107169893404 0.2736466209241315 0.4184861036254282 0.31868259675084853 0.40361414099980303 0.3724621354863461 0.15346411890576364
33 330 0.1300516450976658 0 -0.00011310222134453418 0.297014735019582 0.2208171151302608 0.2916278761112732 0.27848248920022967 0.24708401002187627 0.4391445776306453 0.40648764273125426 0.337989998564577 0.26551858607855816 0.19467275535010597
34 340 0.11940195061155 0 -0.0001576379489013419 0.5199642910704033 0.39176285808743694 0.2983600213446838 0.3571802130386622 0.33859863382226796 0.3482792767831646 0.2809800040656003 0.4567287465251096 0.21890099420988363 0.5005787343295771
35 350 0.12883952500932275 0 -9.467731401698322e-05 0.48241288790276016 0.5285736641214718 0.28269401830653595 0.3468664287121056 0.3811825162995695 0.13086811916753785 0.30959405937892015 0.4362858023559772 0.3429378703474579 0.3633348824444075
36 360 0.11971312446402754 0 -6.691960578868793e-05 0.3178558164061444 0.256318363807853 0.3713347253149656 0.16667164847749458 0.38771494725170497 0.2608990689600942 0.20470532190843896 0.45595947456528396 0.2677194584704584 0.20290280385565934
37 370 0.1146932511473001 0 -0.0002238695481642482 0.40980247245077095 0.38752562520460493 0.34698414056535637 0.4477658602705339 0.34066836214814944 0.31534337091377296 0.25506631941440766 0.516656358874679 0.23079753960704397 0.3735205651669204
38 380 0.11626919315237001 0 -0.00017465371114402646 0.46045376043012626 0.49448707852578233 0.2803537288572195 0.5271645613951325 0.3887374859653298 0.43243928496715944 0.3625371246863004 0.37129611995568335 0.24158814244396723 0.35085932106779166
39 390 0.1165721667092075 0 -0.00014211496797658402 0.4507972486288536 0.3842444246674788 0.45790734759364604 0.5075551585122702 0.32546247976580034 0.44630332563304564 0.37465538653779606 0.5183751985821523 0.20125355508481846 0.27128300624102397
40 400 0.11314926326143085 0 -0.00020206041589389932 0.5435745970260177 0.5069320631088328 0.302014821889508 0.5009857887527506 0.5147207016430685 0.500781994566759 0.4225587372062204 0.48564208366710343 0.35926532522095744 0.4534466553980347
41 410 0.10209926577206621 0 -0.00019438702291490695 0.5139240794609559 0.48589566099821563 0.299586374850879 0.3748063170754261 0.43694679162153954 0.4941365290878971 0.2736441918996013 0.3993864001581373 0.25453832883603733 0.4327467467019698
