% # columns="iter, evals, sigma, 0, fitness, xbest" seed=825898, Mon Mar  9 13:19:46 2020, <python>{}</python>
1 10 0.19157771885856142 0 2.8267695742252252 -0.8332818335320099 -1.3725402454693734 -0.8972881282282907 -0.7151254062089867 -1.0768102039265768 -0.9904158795981303 -0.7845302101952758 -0.7337744985225821 -0.8610121843303388 -1.0763214718477583
2 20 0.214138475114591 0 2.299684515631935 -0.5656884782181677 -1.2484650121108734 -1.1547823162494828 -0.44207106554245457 -1.1660571440493603 -0.7612374991681788 -0.6600166020136762 -0.21234122486688234 -0.5848021910058769 -1.0201967554462377
3 30 0.2538689224449563 0 2.1936983239439423 -0.7746064438301128 -1.2995091175203806 -1.2836308137898522 -0.3631217127532855 -0.7486265488602167 -0.5229832562001684 -0.6883020230527511 -0.4415058172734656 -0.9290171280892074 -0.5331407291850618
4 40 0.28941399269787665 0 1.49355172768315 -0.45195254532884865 -1.0870406579929435 -0.859806208462889 -0.37773508755523333 -0.5968476474978055 -0.6906712550092421 -0.7108635603451412 -0.15047087478533966 -0.2812905284683205 -0.5101911287161647
5 50 0.33929815073943104 0 1.2308236865087026 -0.3466191258491431 -0.8371630359695876 -0.5507144398693364 -0.29556150387408797 -0.4771504435146804 -0.4770758194782881 -0.4375950138682799 -0.5836777443677952 -0.6516824669091825 -0.43111875515589987
6 60 0.40240552679376557 0 0.9460146103350445 -0.07935090084441576 -0.8615557043976759 -0.8091783300148072 0.23689676099752882 -0.050142188863515624 -0.32442322601282175 -0.22087459540157073 0.3726142224329142 -0.7383867411831525 -0.9179713388120927
7 70 0.4710380734953736 0 0.8216945431681858 0.0055634792538483135 -0.5476588408206136 -0.7647204025758279 0.13635459692378635 0.1711206809762667 -0.3846431981898391 -0.8970928454277691 0.15867296250869747 0.12821141656231982 -0.9502984282496618
8 80 0.5444424123787833 0 0.23673044554935516 0.3553007174033409 0.04622577918739412 0.036671571522382984 -0.7160910108112137 -0.186374722630601 -0.40182588471898883 -0.1451011681638022 0.8759069686941985 -0.08830829351937941 -0.2563662846594635
9 90 0.6322064803433459 0 0.2172450635480429 0.43748423656759006 -0.29857797804932124 -0.05623626961464129 0.3331319812020116 -0.6002210542345273 -0.04802044507615169 -0.8043473133107399 0.6979083840296144 0.21488539962208944 0.10471081119864661
10 100 0.6412570835084792 0 0.18806051110011732 0.6849523496045933 -0.0216080969018368 0.22456905060615073 -0.721114877907354 0.07949784960976491 0.27960375592374553 -0.5047424550253907 0.44712214686331786 -0.23309564041712885 -0.28134041685868066
11 110 0.6989799271552494 0 0.2739915005431769 0.7626445643888824 0.22094559610211162 0.7417649062131644 0.7401103616963408 0.8659958094183525 0.7486391075116723 -0.1095165359081118 0.13083549324463173 0.24163467937222094 -0.6571446943076505
12 120 0.6712830772815986 0 0.10133149327106833 -0.14349896297140585 -0.1597902614850043 0.03996321395117297 0.3428825582061259 0.2632455516008025 0.09369956405159663 -0.3494960918545617 0.7952350612562794 -0.08547339842409252 0.29274146922850197
13 130 0.6424340476437755 0 0.1535408613947438 -0.1283041185889024 0.18672587105432611 -0.031077557209944484 1.0520436737529337 0.1552607605192654 0.54858283466543 0.5568532861134675 0.46488961117460353 0.19915110608298944 -0.19795651460136365
14 140 0.5793896714638808 0 0.15330681145948444 0.29556029400593486 0.6873280614565578 0.4035633809990215 -0.192170831804657 -0.4599436931724436 0.4262371927113371 -0.3498980031461013 0.5623045296425784 0.017554726352697836 -0.13767532072824137
15 150 0.5279275157404356 0 0.1588683370630906 0.5031258079386444 0.2662800790407853 -0.3126094645157649 0.5238728577152942 -0.7600098044903016 -0.07621648284959343 0.23683952827081645 -0.009146959152860568 -0.13626174330181007 0.4974509522300847
16 160 0.4907988443965645 0 0.13624362444472338 0.19405589506347293 -0.12117567119389294 -0.5011277774403621 0.610071576713441 0.20636145663224423 0.6007129197253608 -0.40589501452598287 -0.008674610879417732 0.36580065788536725 0.24961191739305832
17 170 0.4713967856847491 0 0.13972485838183804 -0.02618530954795717 -0.11433486327532433 -0.16304332850066727 0.3475288085532209 -0.6490703816794984 -0.4125287404398692 0.46562258917793914 0.2012628542383163 0.5980113439584354 0.2070747803384133
18 180 0.4662316514109852 0 0.09428167228937674 -0.10824743605570616 0.1834897701969891 0.3592170115934892 0.16019107146927802 0.02928244147356504 0.18801967435900196 0.44792910577312695 0.03913536734681346 0.977085568504586 0.37895673630800647
19 190 0.44798081837765147 0 0.1596497686444459 -0.3043155492412732 0.1531726237748697 0.49748239444843734 0.5581640092207769 -0.28220621240112803 -0.4129245608465746 0.20449527703830045 0.5278086831012799 0.6438726610639994 -0.11780234022783975
20 200 0.3964106787167977 0 0.11990408973749474 -0.1242959859582522 0.49857663912783684 -0.16972699259560337 0.4860901410364217 -0.28072030376456425 0.5080782646993145 0.3664783131058797 0.33158212397463915 0.30001624998414334 -0.3740150826633971
21 210 0.3596551852958517 0 0.10769167675404481 0.3622241108225749 0.1314996407593355 -0.007832808347520093 0.23618378652572844 -0.6343637148913163 0.0836734790065673 -0.20513767684020073 0.6487575057239425 -0.10589621280744543 0.04608422510348809
22 220 0.3674439685265095 0 0.0840223187421239 0.3256792188607283 0.18893960528820125 -0.14069944277799398 0.4322429459744015 -0.37313370296953235 -0.030108848123774373 -0.33572361898467623 -0.0683676377217044 -0.1989538860928959 0.45593339576247366
23 230 0.3353859252259582 0 0.0834200492938545 0.32437960025572266 0.3315981609236067 -0.14013490610299814 0.704657180369572 -0.0029206874468580835 0.4229621985307772 -0.17417893373614396 0.184955248000037 -0.11600216575160043 0.3404374201373408
24 240 0.30140882842599565 0 0.03406071065481441 0.058862184529125144 0.2750479296974585 0.012625981936394439 0.11423833384027221 -0.15427001250308933 0.28548829327010317 -0.22892730927107702 0.08441847841629202 -0.05618585430041682 0.3973562647144462
25 250 0.29552089553477506 0 0.05964730254382135 -0.027040932823463815 0.11949430195360117 0.2324648865299611 0.12205249941195215 -0.15099073540624114 0.4553142051361396 -0.49312770542610773 -0.1762766157847649 -0.10893476805223919 0.09722002004249919
26 260 0.29031269548151023 0 0.05766590026453153 -0.1450499017581332 0.11920105783884632 0.16558658442634178 0.10065142486808443 0.06502741459402633 0.638123615655902 -0.3532858965237474 0.04977582222529489 -0.047493836227931435 0.032671209843906035
27 270 0.290723142659333 0 0.03225601913634182 -0.09395258729113859 -0.3027406967484058 0.12685235052855653 0.04915707333175158 -0.05738966959019003 0.1962758790365015 0.2746378653268899 0.07128343019453212 0.1376676089538889 0.3736875556874979
28 280 0.2694684613971338 0 0.04170036072123598 -0.43123549229110136 0.07327874018339006 0.22099621951907167 0.17082411187960458 -0.04136791605916839 0.15881426360324952 -0.31337109146088654 0.11791032533885962 0.020219465944973106 -0.1461270802874831
29 290 0.23935252981031985 0 0.04705340670972306 0.16801971128026186 0.02138802579885707 0.043939530444712036 -0.1563586478775426 -0.09505926049347269 0.10856198876528908 -0.10207484527228601 -0.28280715512701576 -0.17640689382932273 0.5350483145730971
30 300 0.21824037376431335 0 0.02209779941352639 0.23597302518020433 0.053906238897396784 0.12212980096227626 0.11958092029341703 0.06252177087883343 0.39632424167470254 -0.050316593114911115 0.031816329963451837 0.40217664178463447 0.017740519828297246
31 310 0.2196499576895029 0 0.014645985995917286 0.3741605975786451 0.10258057256625637 0.2890241012344925 0.2466480950802325 0.040420490448663166 0.42644972099086637 0.13791482470427038 0.13528816741194782 0.5275607908938043 0.26162003702880154
32 320 0.19790330099709078 0 0.012410106028107272 0.10577900529980065 0.21249435630216523 0.07468802737738309 0.021980002108744512 -0.05880868547525874 0.3466645011128556 -0.009154782703483008 0.1390015415877564 0.0349180704980247 0.028900834620669155
33 330 0.1879698536573094 0 0.008442522533154312 0.07572562960099574 -0.14106283678686904 -0.06488853557945151 -0.04059927922312678 -0.12531740630732816 0.08238518360988653 0.00014636364412698444 0.17467939704118843 0.07532220006108412 0.08605302259694905
34 340 0.17108900507998517 0 0.007395589332404093 0.2481221730398003 0.005187828041997945 -0.05444387074418593 0.04981121495447989 -0.06031160145230823 0.1700643837754079 0.12087993230764628 -0.02318099278000177 0.10536599204099205 0.16035290603914495
35 350 0.1592579245560714 0 0.009075090573507107 0.286301407189242 0.05051152298246384 0.19414904810837977 -0.006696350348805724 -0.0025634328240584543 0.25979966466616133 0.27563654512767666 0.16992664231492588 0.1002863382957717 0.18517400589431318
36 360 0.1456167036405313 0 0.006545540795228727 0.049367240012169605 -0.04762239237282827 0.12524558734106583 0.19460265711776556 0.17870041096219524 0.21439700927120486 0.07977425357567577 0.13352922769970446 0.2514008214211347 0.23734547313045753
37 370 0.14116420799254845 0 -1.9908273715531573e-07 0.1826837102320072 0.014594691786089568 0.2091433171922036 0.0845402679646883 0.18506084837999676 0.26286978423072527 0.06821916039436621 0.10490559851671157 0.20049576356179769 0.10998236205264879
38 380 0.13891181084545418 0 0.004576577281170988 0.2944179005643759 0.17497704934145392 0.056751798074493875 0.11374267772458925 0.21301446005834254 0.19143361309776752 0.1536313182505465 0.043580095911709554 0.35167116708320806 0.14305335318989415
39 390 0.12723605640050673 0 0.006995458612087509 0.309953586011683 -0.021616847951190288 0.013799102446693051 0.0989609919357745 0.14068434882414033 0.23879008136176447 0.19444129060536422 0.24351267754958503 0.28845778224859314 0.2136768210865807
40 400 0.11866121227551174 0 0.003911780349464426 0.22380595719584087 0.06964664508577308 0.16669603412342 0.0348630819000758 0.19482208381882296 0.20092742050011067 0.20446815580604938 0.25518830123495767 0.24873581504790412 0.2177192931917013
41 410 0.10872460218316314 0 -1.4415020254286079e-05 0.3951515157896205 0.15759913461297254 0.08711752327074258 0.20869714892309177 0.18530013865178505 0.20926334953277337 0.1298832634399156 0.12724672987415223 0.19652105310461837 0.23428482897494032
42 420 0.1030295627522442 0 -4.9398441149019553e-05 0.25680220433240586 0.167047246654545 0.08792372564422549 0.157861629096721 0.18250143277832548 0.26533147192044404 0.19768205117095208 0.13151371744562132 0.24124101315711868 0.22260889031761613
43 430 0.10262290924880274 0 -9.61227593804561e-06 0.2110948231694036 0.21218611439261578 0.19976634862775275 0.19405041208687093 0.18388535691837274 0.2850102390314156 0.19367467090349905 0.11465873211792132 0.3369026687457692 0.054807905666425544
44 440 0.09240139557121763 0 -6.407062280559747e-07 0.3050757061247435 0.18277817310851038 0.14160614687603623 0.11520662942494735 0.21891635263308956 0.290039126252833 0.12475812967464199 0.15950527636426703 0.2066172556027548 0.12392020763634018
45 450 0.08392964928550563 0 -5.059535110156178e-05 0.27731866662973287 0.12030378058393194 0.1428612656422834 0.15726095008157193 0.15106245567367663 0.3180084411421801 0.22796517332648666 0.21720955082868698 0.14598876634876762 0.20234451429957334
46 460 0.08018754880457207 0 -5.361478651058183e-05 0.34106867199139396 0.1835998509371397 0.1635697636588542 0.1859791533198594 0.21047055899469735 0.29829629366329663 0.25882529286254635 0.23009398617482207 0.24882738876195576 0.1738938601152209
47 470 0.07605583240614439 0 -5.801234050926209e-05 0.15477028373571458 0.22549381158972756 0.26447001721882507 0.2420694999110548 0.1018368024789966 0.27730232284116607 0.20172884781396336 0.11829024958993481 0.2132348703322958 0.14945213525577883
48 480 0.07383252739485545 0 -9.282197291416403e-05 0.2668187632178856 0.24794037536629532 0.19252741784528407 0.15336667659122144 0.17081865637274032 0.18439797882590586 0.20244663830539975 0.20337529724682882 0.22355947625876485 0.18525483904332518
49 490 0.06818814021573892 0 -5.277016647270399e-05 0.3202266254728732 0.18882616247096243 0.14249037926678246 0.1746165810235049 0.1231291523450063 0.2126118098208949 0.23512892892157736 0.22801946290102623 0.17114864882176786 0.218654752610418
50 500 0.06223533931113836 0 -7.838051452090187e-05 0.25535374372007197 0.13981239538448093 0.1015863320614944 0.2189336281248818 0.1721362881763634 0.22522817661236416 0.2288119676064367 0.2105977873717749 0.1738288703832687 0.2580316750193946
51 510 0.05799021683404217 0 -9.340769231532247e-05 0.20557764468218695 0.21043237313509117 0.18963428916571687 0.22607871710984961 0.1382772230298459 0.20749633250814162 0.21463195315842737 0.15301179754684754 0.2381867032188558 0.24650068646158782
52 520 0.05291027553388528 0 -0.00010201235271141518 0.2643476598731852 0.19089095251018567 0.23852898840400655 0.20063815601137597 0.18717532227406816 0.22024327233230886 0.21857336276238318 0.19908638789467092 0.3196033931449012 0.217227493773892
53 530 0.05157910965094464 0 -9.10910387326787e-05 0.21704515480682537 0.205157211231789 0.14369047851597128 0.14711102006078888 0.19020557964180274 0.22606784104365635 0.1784070057036607 0.1572555761129239 0.21884629503001043 0.29316414941299035
54 540 0.053388820811918966 0 -6.982191611714389e-05 0.14617104464714317 0.14860025627715723 0.15225541891186564 0.13513467945593532 0.18180342257885482 0.20028487327134636 0.25440937381916784 0.21066581987948518 0.26336416897818565 0.28752078973291495
55 550 0.05229028086276344 0 -9.216794109645452e-05 0.1951943393607128 0.12734782371853698 0.19740516907660424 0.15232069522676028 0.23651652782223073 0.19858881615205576 0.19933397624038585 0.17081588131378833 0.2230631622079196 0.22519513282595893
56 560 0.052165016423618406 0 -7.444278872845867e-05 0.1777082086566207 0.14971371963224853 0.1311505851650558 0.11785241154985007 0.2609287904015781 0.2556371482173491 0.2102385803810266 0.19412956166807283 0.24008542057340182 0.1990513420556121
57 570 0.04654190284646619 0 -8.058060725705964e-05 0.20135096981265038 0.15764746875393748 0.15583285449401643 0.1091679355476272 0.21192171501143925 0.1762725114263501 0.24321025976495686 0.19987633488563994 0.26369866567111927 0.2131692296804643
58 580 0.04254452585319976 0 -8.960606992233104e-05 0.19848149906635096 0.12575607487605445 0.15107894284698578 0.15152734245988764 0.22424483937856396 0.23431392401577456 0.2221983497937107 0.19896776148245585 0.27143032762127917 0.21546303997340266
59 590 0.039258176825846265 0 -5.659282483726777e-05 0.19513433683301595 0.1526637897890134 0.14111357163016322 0.12871849962520812 0.21581753634893347 0.23084757808915987 0.1980639629991352 0.19728481924961414 0.20847919584498859 0.22120408669299307
60 600 0.0340581018229624 0 -0.00010300384518771746 0.2125950101663891 0.1337606570333755 0.1356620630275334 0.16189864543647223 0.20334909725461306 0.2222490468485748 0.22660641952490537 0.20785046282964476 0.2260310166162203 0.23348138873058188
61 610 0.031089773784008106 0 -0.00010867435628842667 0.15526751585891474 0.14714088265647549 0.18372985952124346 0.16728024129079092 0.2021659289397971 0.2256897800073883 0.2033211093604801 0.2109106005082856 0.25658957633113383 0.2338727096686094
62 620 0.028174461218389728 0 -0.00012012716922865408 0.19379392607620152 0.15473230255491865 0.16767252579412795 0.17450293913314724 0.2066764009813522 0.22005538316116494 0.20997133286243397 0.21050107067458912 0.24735679413277767 0.20963697334895404
63 630 0.027361230786953326 0 -0.00011692061046446263 0.2077378212210018 0.1643289803810707 0.14786764289820822 0.18747237539796588 0.19909867055037608 0.21777949350303097 0.22699466246084274 0.1869796139125764 0.2159843792846711 0.24429413826412893
64 640 0.02506203973936323 0 -0.00011001381007731891 0.2151629906278374 0.15353341489803315 0.14481041231077585 0.16970448629598353 0.19469291939089362 0.19391946672957436 0.22541405175106993 0.19945521268653316 0.2505710136365164 0.23535137580006063
65 650 0.02495537046077713 0 -0.00010983947051183994 0.230897743673015 0.17277678683457418 0.15049173303054142 0.15917710365737492 0.17051966044109662 0.18092538147437381 0.2371839819049807 0.20188368103788576 0.2418566860022909 0.2261700102884974
66 660 0.023743143140136414 0 -0.0001183164492404342 0.20822847882243503 0.15186269581263065 0.15802533419763345 0.18993003591532068 0.17975237258496762 0.19543848679821338 0.2164876409456624 0.20802284474247534 0.24550906912462941 0.2136306774356375
67 670 0.02237529587710533 0 -0.00012128956286746627 0.22240427828780446 0.18088746924184104 0.16045767216855428 0.1699393669078449 0.16943158694768287 0.194007661404791 0.21145122090932839 0.20308790818302244 0.2383414315041928 0.227044635565365
68 680 0.021295871714782963 0 -0.00012118751353996412 0.23199837268587625 0.19008424309602656 0.16202656064804388 0.19382968197681888 0.185163189157146 0.21515032347705657 0.19715870662588533 0.19242598099926855 0.22996860979272699 0.2190163805031734
69 690 0.02182109413441138 0 -0.0001263794541527112 0.21151490775000414 0.20283946916261034 0.1759952739235877 0.18221703826611943 0.1625320104558136 0.21687939732133052 0.18749406799332974 0.1966785342960968 0.24337112976608927 0.2088023743487319
70 700 0.019822496254504857 0 -0.0001261859407282197 0.2330216757107862 0.18131403463640364 0.1547240326970648 0.18606659277672943 0.18898922257199122 0.20757906155761002 0.20081634494775513 0.21316653392178725 0.22861867985261874 0.19593858024398
71 710 0.01845733480622189 0 -0.00012703919006243518 0.21534062125523665 0.18982199093134858 0.1549244684106657 0.19918252724263388 0.18089061511019136 0.21315788330347246 0.20124541733992568 0.18714167829274236 0.23453511645769137 0.21586686508698338
72 720 0.017995303324744007 0 -0.0001263152085175771 0.20294839553064417 0.19093347585653264 0.150210946164441 0.17352121574942922 0.19783245720338954 0.20995483617287383 0.22090598509496262 0.21023925276096583 0.22602281429758064 0.21100185662725993
73 730 0.01742999484155145 0 -0.00012970842981559877 0.20711232921544 0.19261023626268048 0.16028168806646542 0.17760048991174185 0.18650387091100556 0.20873623951476142 0.198189376486197 0.20417168524947957 0.22525732022216297 0.2246611936659607
74 740 0.016399154596969483 0 -0.00013009068544338388 0.20563361039262443 0.19308993502036875 0.1579724551440204 0.1845921831613562 0.19227424488959224 0.21058834036223964 0.20398808691851036 0.19598690624925488 0.22198290019244016 0.22637714346469232
75 750 0.015348942636371153 0 -0.00012949204062944072 0.20380752779189124 0.20953565440434996 0.17605210875607125 0.17775310636433234 0.18302451045860285 0.21551240280669567 0.20213593534927857 0.1967366063549002 0.2232688965137897 0.2206021472287614
76 760 0.014516539393250436 0 -0.0001328411991545467 0.19816213778716432 0.18509046643857308 0.18150230750939694 0.17552795910684826 0.1873788443128235 0.21288198864047128 0.20299903982932285 0.2108065101693486 0.2243611302162575 0.21595361697281112
77 770 0.01322406029465813 0 -0.00013156060122960982 0.2073475634472712 0.19617324392327523 0.1588611173666502 0.1819197685185201 0.19136850807248101 0.21720875316028412 0.1998955865570598 0.19852170063433838 0.21114514224459466 0.22167002453587656
78 780 0.012333615429061218 0 -0.00013460173528542029 0.2065423383257519 0.19770706554622042 0.1728913781484897 0.18259646904675103 0.1810191095867602 0.20956211846269696 0.20452991649913796 0.206385567888341 0.21454429636917624 0.21354576611792048
79 790 0.012636122217644914 0 -0.00013350493148730962 0.19550359286922753 0.21313329232029765 0.18319843526805077 0.19519384157372177 0.17420676770515625 0.2225276553267895 0.19016271983813798 0.2067823440139101 0.21222642051162738 0.20694157454233209
80 800 0.012286655818736041 0 -0.0001345320034981297 0.2028303135141855 0.21057203264588553 0.17960306644871846 0.18246841697065755 0.17496494244436536 0.21515542595804363 0.19389974384448647 0.20645630213780447 0.21424473174147035 0.20217328406946883
81 810 0.011322835090262598 0 -0.0001347864391131825 0.19048514148279377 0.20177330733962373 0.17910577694915186 0.19072831340729046 0.18095540265422685 0.21583693313420466 0.20059115102915534 0.20363451181984607 0.21978893763079255 0.21248836552366984
82 820 0.010708767666900534 0 -0.0001348821977808027 0.18831151878473204 0.19961187297125665 0.18409612199052783 0.195998696005822 0.18331794498036624 0.22320522062118212 0.19210356486781008 0.2009178117162854 0.22340931164995123 0.20182329563611237
83 830 0.010881528368412144 0 -0.00013636645804015332 0.20291712020938757 0.1970444237206926 0.18840783662002483 0.18818080131459836 0.18236948114423132 0.2066200911298259 0.19384322172376703 0.19699014696331624 0.22321235312105128 0.21169834975753238
84 840 0.011417181403583568 0 -0.00013679390756404558 0.19518697072905986 0.20195107841074675 0.1886497147220904 0.1966162592883449 0.18822964494109637 0.2154410027700383 0.19163784502087236 0.20032941188167402 0.21888004571472197 0.202202177779884
85 850 0.011018744212295414 0 -0.00013702431086090244 0.1906759705434455 0.20546206194007216 0.1898686558488086 0.19237103706100006 0.17986449210307456 0.21258736330862849 0.19516076133271035 0.2019828076357226 0.2167391544642673 0.2045568766554231
86 860 0.010748611471431213 0 -0.00013750490298868422 0.1925722857279871 0.20505452813857028 0.1891715184547667 0.1991475558635635 0.1820231041682383 0.21357003395633517 0.19718914216155428 0.20353728073799524 0.20840025206256876 0.2062601937854995
87 870 0.010797957813502101 0 -0.00013806272556925414 0.19195081998187222 0.20635964741879192 0.20228228456168132 0.19747343544312254 0.1838244094152788 0.21595060829223503 0.19356530165094724 0.19422920274961733 0.20507193988519565 0.20329377753692793
88 880 0.011045435636685795 0 -0.00013755544842003508 0.19372167859680056 0.19261514108180622 0.20145470687104616 0.20296382213644432 0.1864198570809405 0.20670888576809984 0.18702427285106468 0.1988780135659399 0.22080115826273883 0.20219475207295934
89 890 0.012306777607758461 0 -0.000138061368324477 0.1986782589162546 0.19156850854295776 0.18907284680310266 0.19640931123305083 0.19594964178799562 0.20312195010548004 0.18581195213931073 0.20204494194569403 0.20333805819187314 0.21182723405198944
90 900 0.012598590443531841 0 -0.000139042091493134 0.18914435347669087 0.19353071341053604 0.198592757239257 0.2030978195688269 0.1950472164182592 0.21124004550149786 0.18953535265964533 0.1996456294671756 0.204388380458744 0.19994125547072436
91 910 0.012486169442110956 0 -0.00013800385487643723 0.18789993252907536 0.20117038650058583 0.19013092151884012 0.19709135280941226 0.19964937355944493 0.21059987431771537 0.18779682206389128 0.1985633623020638 0.19462377234959663 0.21272767253081987
92 920 0.01232314376976662 0 -0.0001375588170367648 0.2001383990951698 0.20719306133862397 0.19162303925635596 0.19034131262584666 0.19751727662275392 0.20496643102873877 0.17803368406690812 0.1948866831543995 0.2069417437090912 0.2129075360617258
93 930 0.011370048316669459 0 -0.0001384003624142924 0.19108954535471406 0.20694100658334758 0.19252322641599973 0.19129428117269434 0.19253648425553738 0.2058833181380447 0.18943810841071537 0.20581637885673712 0.19875799188162885 0.21445929842858613
94 940 0.010982456258824139 0 -0.00013873606636492157 0.19462114881127063 0.20140400311034998 0.19833222713283274 0.19475906908982532 0.19557128565303103 0.19936506041963667 0.18811860229675487 0.2045247750013175 0.2035592652442258 0.2151092465881813
95 950 0.01066581560725809 0 -0.00013904740733764668 0.20014011157232184 0.20357828909916656 0.19675857067364966 0.20416566733472433 0.1900059228640096 0.20308135517895945 0.1871867996566497 0.1979742833479805 0.20083796249298386 0.21011293789625102
96 960 0.01033674869513092 0 -0.00013877993573782098 0.1926662609366686 0.20460203205764785 0.19255918814238115 0.19984671331848788 0.19233329735773338 0.20266577587244333 0.18951410358088616 0.20082645618655812 0.20493978955858433 0.21360904502473022
97 970 0.009692317778238186 0 -0.00013889529746401397 0.19636492997156077 0.19626154427759507 0.19026041236821786 0.19236659269847936 0.1950321031927406 0.2019855102695146 0.19076382575687822 0.20889073378311612 0.20134222707480848 0.21198763879337837
98 980 0.008765119604733302 0 -0.00013908112907652683 0.19254009122375906 0.1978530078761454 0.18904283500957386 0.20042752170156616 0.19573131321589546 0.20034332242786004 0.19491397598095295 0.19824424137657606 0.20056510460839536 0.21441984692059987
99 990 0.00840020764088788 0 -0.00013933170304246666 0.19433798377434153 0.1997777984972903 0.18993429725339378 0.19462574741417324 0.20091645487688198 0.20395336214373366 0.1886317332956499 0.20433264706774432 0.2030909139325308 0.20545207081336408
100 1000 0.008186305396685288 0 -0.00013968309403413861 0.19751131660810745 0.19406426235885219 0.20145656054751646 0.20382124376871702 0.197107044905101 0.20064470162148465 0.1910335942895677 0.20111066624777277 0.20009144090915712 0.20735031783612276
101 1010 0.007360846095216822 0 -0.00013954319291915336 0.1923670105744938 0.20151567769762427 0.19628206272916468 0.19912966307248306 0.19874034661320855 0.2043287611970625 0.18836099147691307 0.19904715286339378 0.19810425194587694 0.20869800413610978
102 1020 0.00688286765616659 0 -0.00013975247412874756 0.19729469199165497 0.19304381510479468 0.19396079421361573 0.19598069956985942 0.196921427054549 0.20562540553916114 0.19489074742801032 0.20008307362639738 0.20047381122888266 0.20686107811162063
103 1030 0.006294370329412398 0 -0.00013982681134393907 0.19544446088268827 0.19632146148615923 0.19249378231549572 0.19694740836975327 0.19645871943374135 0.2029146784218629 0.19374415813872625 0.20271960326356553 0.20375765466252005 0.20546833080215407
104 1040 0.005669664578618458 0 -0.00014001768616784605 0.19768444929518722 0.19824276529807225 0.19511806215601885 0.19869516045290683 0.2002428196181364 0.20309295888414716 0.1904013976866971 0.20047893038680437 0.20076264937700725 0.20454794741490348
105 1050 0.00596916092997068 0 -0.00014010803501058876 0.20229773621285602 0.19639142933970427 0.19967135393790225 0.20121751219166178 0.19570020784604175 0.20022606191577708 0.1919351791550305 0.20180653901530093 0.19945525823099441 0.2025116707256282
106 1060 0.0056790739984850114 0 -0.0001400754810575866 0.1954550308469039 0.1990632562460708 0.19532083615968582 0.19897253310417423 0.19572582849579126 0.19826125742788858 0.1968461555833298 0.20384233923613054 0.1981326892887513 0.20294827479948432
107 1070 0.005266153468816383 0 -0.00014018028200346293 0.19499200948017387 0.19720092981996362 0.199653471074589 0.20081344638852347 0.19693893328742107 0.20208536373298794 0.1949533892374554 0.2025304296304527 0.19619950764487026 0.20307181849856346
108 1080 0.0055354917664200975 0 -0.00014030633339720053 0.19702722080343066 0.19802439817569725 0.19823329564369438 0.20026773255086722 0.1990819814215547 0.20015857544448487 0.19490717017183212 0.20256195689873668 0.1969061681347509 0.20076978550584795
109 1090 0.005357294529681031 0 -0.00014023922669810848 0.1952140329721066 0.19767463759786505 0.19912271968507447 0.19845021251907363 0.19549165984422393 0.20216089650352692 0.1958861989914042 0.20095788712663912 0.2009103285638322 0.2009732585321968
110 1100 0.004891044656912562 0 -0.0001403413351660909 0.19591652592088643 0.1979751486801633 0.19689576850627918 0.19845940227823508 0.19752795079132335 0.2000978551388661 0.19911358956665723 0.200514418544213 0.19937669791720858 0.20095150168992243
111 1110 0.004547870357157568 0 -0.00014025443033088326 0.19807294861526098 0.19364271844132064 0.1965911742720234 0.19986882370606698 0.20112223549265257 0.2015396344655292 0.19739372891897922 0.1992683512950751 0.1989962924226016 0.2030019604833611
112 1120 0.004235300071833307 0 -0.00014032227340083676 0.19843896975735528 0.19618520772041978 0.19713991632530348 0.1986498208695772 0.1961618594359813 0.20154462890033736 0.19931841780580217 0.200434509497701 0.201433852775478 0.20119834298121575
113 1130 0.003887956996915733 0 -0.0001403221734351064 0.19778539252613375 0.19734128312885726 0.19934072257740904 0.20184486322213543 0.19596889512191706 0.20126880644804554 0.19627664715750714 0.19978073693420306 0.20108836564659813 0.19973775783421388
114 1140 0.0034673128725135854 0 -0.00014032598406527212 0.19841960928984234 0.19588459795267008 0.19960875489110044 0.1978426818040606 0.19610635215854216 0.19804886875772298 0.19919112675074135 0.20074119323520967 0.20122328100473147 0.202528534904919
115 1150 0.003474467915291667 0 -0.00014036607496336408 0.19796733096832522 0.1953376019428589 0.20102422991498906 0.19799642092228692 0.20003367575210862 0.19919346168081808 0.19724547039738705 0.20053788185343976 0.20036915531866945 0.19904566712255306
116 1160 0.003232690464312356 0 -0.00014036586372223557 0.19778034401640926 0.19519699443914912 0.1978186256571429 0.20063499056190331 0.19850007122697205 0.19920126542502806 0.1982770100181201 0.2005272345711179 0.20088714192499876 0.19952424813828198
117 1170 0.0030952194324626774 0 -0.0001403977283735952 0.19911569730619832 0.1979332915102577 0.2001975834563123 0.1993349225305226 0.19729039058433412 0.19740614092596132 0.19800056208629196 0.20125358235339472 0.2006666099425325 0.19828172694458787
118 1180 0.002867902979074233 0 -0.0001403779548566483 0.19877172961603315 0.196447302807099 0.19835818542119302 0.19943000583071532 0.1994820262089985 0.19825339194661717 0.19698585157275145 0.2003060557176035 0.19909758575504746 0.19991343675550133
119 1190 0.002918430911696126 0 -0.00014039853982683603 0.19932513669762694 0.19865223180671113 0.19737635560980377 0.19884873426729657 0.19971949294095667 0.19701961403843532 0.19854409813551277 0.20126033634843774 0.1980767769327949 0.20085272198817886
120 1200 0.003002234037071696 0 -0.00014040475845277672 0.19791190891370197 0.200154917222323 0.19841337392183422 0.2008580266823962 0.19788016160213195 0.19872843936720233 0.19794862623988244 0.20104013558494155 0.19910492228223728 0.1978971890452066
121 1210 0.0028452671881757873 0 -0.0001404100656869011 0.1992291944200969 0.200507489686512 0.19726426552947388 0.1990045351281841 0.1980908879411074 0.1981704058257462 0.19714858777093955 0.2001569342184496 0.19894017514776835 0.20003798342503165
122 1220 0.002586748158884869 0 -0.00014038937300005469 0.19821144385426534 0.2007527395449065 0.19873904855432922 0.19967905836692335 0.19815966999379092 0.19927982133983294 0.19617239944986742 0.1997371489011001 0.19865784475889867 0.19811178231741128
123 1230 0.0024487040078730988 0 -0.00014042219696888268 0.1999645873712065 0.19829176438035417 0.20021063313397144 0.19961500323998313 0.19919267574519778 0.198616414902418 0.19717686827828482 0.1995687916842242 0.19879851578351587 0.19878755076580204
124 1240 0.002351989008448718 0 -0.00014043135175522577 0.19923351427281843 0.1991170936081912 0.19991471323817211 0.1989205403202231 0.19854850796916876 0.1990272175530098 0.1973318976790824 0.19894231027635642 0.2001297890363314 0.19876248295511703
125 1250 0.002287655160740276 0 -0.00014043751260346386 0.2001335604552482 0.19955505056058268 0.19861789432202873 0.19936246411592246 0.1986406989322024 0.19788603104806413 0.19848241699262884 0.1994110419180956 0.1989302365840238 0.19867151993395632
126 1260 0.0022824638360211752 0 -0.00014043163068848692 0.199373883311141 0.20078192916809443 0.1984372642926491 0.19780789959651426 0.19879804512435623 0.1987368553702232 0.19930871726993438 0.19920648472484667 0.19831389085828283 0.1989212151973341
127 1270 0.0022515813284385336 0 -0.00014042252994443788 0.19945407846425345 0.20023961834758686 0.19873634616000677 0.19671810438967066 0.19892444796154646 0.1983746639431211 0.19934148892936002 0.19801665742502153 0.1996920408255272 0.19933132886190424
128 1280 0.0021120681817151142 0 -0.00014043009373219083 0.1989349059324018 0.1996926323242922 0.19797267376200342 0.19756674365366636 0.19874387666959561 0.19996960594137375 0.1988986971583043 0.19997167562559348 0.1995958805409806 0.19820383072634382
129 1290 0.0018911727166781782 0 -0.0001404426374161551 0.19928673173993233 0.1987196130995067 0.19905759078683533 0.19921280826382495 0.19880100816613602 0.19902048682574328 0.19836698600633745 0.19937378348437157 0.19784214815713314 0.1990518783761595
130 1300 0.0017016126348870062 0 -0.00014044071517768124 0.1987425378096189 0.1989143009132356 0.19852940778944714 0.1987347966878181 0.19931290286413592 0.1993881199204728 0.19853781891699696 0.19996268455911356 0.19943638814833828 0.19816288476661928
131 1310 0.0014947457957342747 0 -0.0001404444286537714 0.19911743340193364 0.1994456348504433 0.1984953739435151 0.19828598054619703 0.19855424006718328 0.1993598903879899 0.19874500586627694 0.19944077096661986 0.19936934037860896 0.19848298207685247
132 1320 0.0012754647334328774 0 -0.0001404436452428014 0.1988318074708325 0.19904047688288984 0.1985529433985052 0.19862467311176768 0.1985800308082772 0.19857038764655632 0.19923348637051017 0.20000951389306706 0.19916914373961972 0.1984062360941384
133 1330 0.0011361966485487311 0 -0.00014044283283574187 0.19880217796234922 0.19970290955619233 0.1990803187931027 0.19896284311654389 0.1983200484373844 0.19835097089391482 0.19858555855268545 0.19906698806404863 0.19852735977037353 0.19925097301728723
134 1340 0.0010613373443131352 0 -0.00014044488898367602 0.1986687752527098 0.19962060819435687 0.19858323967953492 0.1986454604883343 0.19826382488684088 0.19901169898341786 0.19911020030069054 0.1993535272665533 0.19853211265046275 0.19918082377576934
135 1350 0.0010383797690826783 0 -0.00014044589593510416 0.19907113010646946 0.19939501688376174 0.1990072433898651 0.1983752188618963 0.19817515006386818 0.1988061770125186 0.19912529692401928 0.19871545960184217 0.199171017551879 0.199309479737607
136 1360 0.0009638525063848562 0 -0.00014044581749830798 0.19883860113270863 0.1994660280153512 0.19933985025627612 0.19886441310709232 0.19841078618229768 0.19836220707792543 0.1985129725152897 0.1992404957379469 0.1989814513211486 0.198969852046878
137 1370 0.0008482698816787491 0 -0.00014044750307479597 0.19903367160473984 0.19896628447403494 0.1990580868536776 0.1988611505687282 0.1981903566993889 0.19898133104615806 0.1990886993268715 0.19941613755078555 0.1989416862882956 0.19871191963172277
138 1380 0.0008322083659390611 0 -0.00014044684943234948 0.19895688640606007 0.1987356909258387 0.1991917431505563 0.19883996271727225 0.19821013546410288 0.1993042957200742 0.19879470300226434 0.19934479134426722 0.19902271167030766 0.19865458883387357
139 1390 0.0008382464076117866 0 -0.00014044646609441956 0.19914243984504137 0.19862311287525092 0.19873936910571027 0.19870223464285114 0.19834156003295425 0.19911884497278678 0.19942077431350438 0.19951670142106817 0.19891857012391703 0.198841892172117
140 1400 0.0007993784263811294 0 -0.00014044421727231221 0.19903017500100081 0.19898054771994841 0.19873019277089057 0.19857299713753093 0.19842026119074146 0.199679324280467 0.19910847265812132 0.19913992824569549 0.19827176944702335 0.19882349953785386
141 1410 0.0007616865633403838 0 -0.00014044681350883995 0.19966615716438088 0.19848912397007215 0.1989922503930808 0.1987087613539327 0.1987841741025823 0.19854410837825687 0.19914509409831135 0.19923597237731633 0.19877757414369443 0.19892200462414797
142 1420 0.0007455887991826829 0 -0.00014044742740358866 0.19884758935308638 0.19853959222764192 0.198768048223972 0.198884871121048 0.19841111072010056 0.19902632224722253 0.19937909872838677 0.1991037203418019 0.19891231806548082 0.19904685675477357
143 1430 0.0007390673539136527 0 -0.00014044676227761594 0.19910064691414667 0.1984209182138109 0.19898867390656333 0.19875158861685516 0.19861869382300087 0.19943787117728368 0.19937254585270003 0.19919348726260086 0.1986746590137384 0.1985859570327255
144 1440 0.0007111877725935315 0 -0.0001404479062504794 0.19896923334426192 0.19886298092509816 0.19895841375839404 0.19899997683855405 0.19848830943522455 0.19889865735706386 0.19893520590520175 0.1988664411401421 0.1987401808146034 0.19902841111869568
145 1450 0.0006875573526418661 0 -0.00014044846251105517 0.19912898506446636 0.19899765866380914 0.19888840238985836 0.19866402827030116 0.19880791549778226 0.1985266830851838 0.19902605367769374 0.19883641390984022 0.19883622967294223 0.19939582134847397
146 1460 0.0006835086829399222 0 -0.00014044833297291925 0.19944930022658433 0.19861263400544865 0.19881266383285356 0.19882247126604072 0.1986749381796943 0.19887048551670722 0.19885630088179418 0.19875808998503894 0.19919643989842936 0.1990752348959642
147 1470 0.0006510346227463616 0 -0.00013808685405257732 0.19929974731168978 0.19901714528305706 0.19895303386522875 0.19903057516386213 0.19880197086697146 0.19861345876414913 0.19876134607300222 0.19899414872297957 0.1991268879486504 0.1989976833156592
148 1480 0.0006149699047814961 0 -0.00011955693092964887 0.19890286198143356 0.19891256694321027 0.19926639495926385 0.19909142590445564 0.19865087750013288 0.19886525456524806 0.19850554611554458 0.19902037961161842 0.19874720824440534 0.1990617174834123
149 1490 0.0006332699896754015 0 -8.192205872112417e-05 0.19879684786179577 0.19887610977138157 0.19921259776484657 0.1991955432128458 0.1988774592313084 0.19888533446401915 0.19836659004213422 0.19917680570417826 0.19862511659266802 0.19896411834286856
150 1500 0.0006321702297547708 0 -0.0001404477773480989 0.19890926694525823 0.19903953981100644 0.19911755264534767 0.1992380229079051 0.19897321465231005 0.19865530588979263 0.1985358286240189 0.1989955413973985 0.19840342632997365 0.19915241056935487
151 1510 0.0005997425774252646 0 -7.148988868395216e-05 0.19905334642415107 0.19868153419923004 0.19884830863891853 0.19951550225530645 0.19870716224316923 0.19891957453002937 0.1987801885854819 0.19912881233984855 0.19847736285492737 0.19878094669086832
152 1520 0.0005889806404237591 0 -5.390060339998334e-05 0.19868423822458492 0.19898972247593796 0.19909254145543964 0.19929094777444353 0.19908434781213968 0.19872240068773775 0.19884891177634814 0.19862607861112527 0.19854549306631508 0.1991645579929905
153 1530 0.0005543335819665467 0 -0.0001404479620011073 0.19879457304756598 0.19889307222782926 0.19890726846738604 0.19938628395340063 0.19925079456804173 0.19844304211657773 0.19884078548263218 0.19917231318569606 0.19860875937885894 0.19892787865584916
154 1540 0.0005537954319113429 0 -5.251740698083314e-05 0.19874763525341899 0.1989122389175424 0.1992645602300171 0.19938876261597016 0.198704295881314 0.1985940808812539 0.19899915376700275 0.1995003172682263 0.19837527729443916 0.1989520038828537
155 1550 0.0005026596036246885 0 -0.00014044853741020176 0.1989305360481309 0.19866999873928523 0.19900416323866638 0.19916323280523998 0.19915212667909069 0.1987345568736063 0.19892102956236252 0.1990504245620229 0.19843142010577472 0.19900409811471878
156 1560 0.00047908639254553274 0 -6.116636770360783e-05 0.1987300536576853 0.19902404040124308 0.1989238871527999 0.19926219865263384 0.19865567482465615 0.1990297420441736 0.19910393120340394 0.19904287034699997 0.19859909832903794 0.19896887195860613
157 1570 0.0004427460441163124 0 -0.00014044923578291393 0.19893570589589266 0.1989583967553444 0.19891048646493098 0.19928073263654494 0.19892751929220961 0.1985767229304537 0.19902447489505684 0.19896675096721186 0.19870694053827986 0.19894503763721316
158 1580 0.00041993147474193415 0 -0.0001404492343834336 0.19880449916079632 0.19888237456342303 0.19889828317930774 0.19910377077057131 0.19904897489285187 0.1987891611108368 0.1991496257516068 0.19894098852666048 0.19853627627812734 0.1990820759121543
159 1590 0.00042652874518191153 0 -0.00014044942823621402 0.19875744178504773 0.1987810530003175 0.19901331558367644 0.19892149452071434 0.19889715171390565 0.19885742490247182 0.19917543061867957 0.1990897880670167 0.19869585466148026 0.19890806071857683
160 1600 0.00043280481851095 0 -0.0001404497851896986 0.1991001078214266 0.1988282351371455 0.19901409319809701 0.1987683510500227 0.19896229393386733 0.19883136191194387 0.19888596833027514 0.1987985098322845 0.1989344443367469 0.1990397355383252
161 1610 0.0004300577698694788 0 -5.097027896361672e-05 0.1989837311695455 0.19890953956850507 0.19900457559098858 0.19900831532093155 0.1990144740450873 0.1987721645494819 0.19888595152512845 0.19883722594995604 0.19891923556230404 0.19880586778265763
162 1620 0.00041173161159029743 0 -0.00014044981268035572 0.19901680272331304 0.1991051366162689 0.19887070739797125 0.19886119017881124 0.19881993876235088 0.1988435558187639 0.19898507812709199 0.19877448465423875 0.1990444997968542 0.19886420349764586
163 1630 0.0003773378458577503 0 -0.0001404498274465784 0.19899824573174402 0.19902428270260178 0.19894000335189072 0.19880388778656816 0.19880171931443863 0.19905278302486595 0.1989708655936823 0.19893889972383894 0.19877958434532833 0.19883498750275352
164 1640 0.00035571454104194945 0 -0.00014044987761068373 0.1988860072712685 0.19894901644903754 0.19904842844055468 0.1988023084052804 0.19907308154191142 0.19900097079504267 0.19880269750318058 0.19893587975445257 0.19896180759035495 0.19881122097894083
165 1650 0.0003239105838964987 0 -0.00014045004393616577 0.19889721368185032 0.19901573275620132 0.19884194478365297 0.19894926362329168 0.1990329073084387 0.19890215685515164 0.1989569896914134 0.19889974230221008 0.1988899004046249 0.19888903057984186
166 1660 0.0002840162328861228 0 -7.32243085638108e-05 0.19890624195667597 0.1990732779370579 0.19892315818538633 0.19893208425322473 0.19901789313906887 0.19881185142742655 0.1987037928205947 0.19897666083411364 0.19887502718763983 0.1989282947554805
167 1670 0.0002751045192939445 0 -5.5471736232502986e-05 0.19908607439004958 0.198858556228413 0.19884833836502755 0.19904652256220698 0.19897462461028256 0.1989048355622496 0.1989102564493565 0.19887808627285314 0.19874524600605645 0.19883914530122407
168 1680 0.00028260594044505837 0 -7.19104292193144e-05 0.19900869112119113 0.19884067014469414 0.19886643094500017 0.19905362300456006 0.1989109047161285 0.19895788408245094 0.1988838251357516 0.19886927789107312 0.19876798828629572 0.19888283567343634
169 1690 0.00032895139021667225 0 -0.00013527453876216968 0.19898345565554473 0.19895542271442374 0.1989141242752459 0.19899960187920773 0.19875836001503178 0.1986350581825337 0.19902438772328776 0.19884436698168398 0.19870264135047852 0.1990470189375032
170 1700 0.00038828494744196654 0 -6.288670102694367e-05 0.19899446458683417 0.19877787851075165 0.19882955869871133 0.19901608236820365 0.19892621039484196 0.19859023596910644 0.19889692258709882 0.19893364202364663 0.19876151289289493 0.19910044550598358
171 1710 0.0004851213676003014 0 -5.200348047273697e-05 0.19903896048303601 0.1987397661843871 0.19887349797463205 0.19903456287923021 0.19886929821161278 0.1986755193154545 0.19907839970817945 0.19873367124285374 0.19847847202473554 0.19894404487272066
172 1720 0.0005106602336422479 0 -0.00014044859011136556 0.19906398320216093 0.1988927606074525 0.19859527213009923 0.19876840099103013 0.19884781334793888 0.19877560333349747 0.19921987982203088 0.19884501748926214 0.1990475641203259 0.19884866239456397
173 1730 0.0004952457226920869 0 -0.00014044848664111114 0.19917053263868623 0.19880743538433573 0.19888701621150745 0.19858975636741055 0.19910725190646156 0.1985690220981222 0.19882474284710752 0.19893463395862732 0.19898661377405683 0.19906627710935476
174 1740 0.000435955066968243 0 -0.0001404492288288117 0.19900866100034825 0.19907790958396676 0.198854024804926 0.19873044803830708 0.19875429432118547 0.19880678856066913 0.19905330246602612 0.19890352723130514 0.1989230932756416 0.19883877586335072
175 1750 0.0004050966578793983 0 -0.00014044941558800353 0.19923140565265107 0.19877340732918547 0.1989707309277512 0.19883289872747498 0.19894569629973796 0.19874616374795223 0.19899506947635093 0.19876987005928595 0.1990175119122323 0.19881522025198708
176 1760 0.00038871450281613104 0 -0.00014044971335479828 0.1990521244547786 0.19906848687908898 0.19890689574693843 0.19886152619137354 0.1989322141993542 0.19894199043155847 0.19874066820551248 0.19888890518000396 0.19892632856147258 0.19876674748618536
177 1770 0.000356304873864984 0 -0.0001404495437034895 0.19896219302898943 0.1989852500180218 0.19889269974396476 0.19901200617026174 0.19884116988631784 0.19872535589749984 0.19906602836779252 0.19891878477748656 0.1988585275157744 0.19876176363192152
178 1780 0.0003354739466049757 0 -0.00014044948472008477 0.19899790806498352 0.19902849953632237 0.1987967220194851 0.19905696286739383 0.19896642413121657 0.19872201483479135 0.19891724749181425 0.19891799163752624 0.19875425277545514 0.19886014555835627
179 1790 0.00033444584814638776 0 -0.00014044998002964943 0.19891594886029065 0.19905450455776985 0.19894267161772541 0.19890263596188165 0.19899605772121942 0.19889654827695674 0.19882189996094785 0.19895429340714718 0.19891320284083905 0.19878897195627676
180 1800 0.00035052121808762843 0 -0.00014044991165255478 0.19874160720692746 0.1990241676274028 0.19889551716044215 0.19904709508261886 0.19902353986018212 0.19892848640507943 0.19887779391133878 0.1988640240229884 0.19890776923106926 0.19887971432027446
181 1810 0.00034192507129745327 0 -0.00014044993776166805 0.1987833937896097 0.19888223573871233 0.19899073065078557 0.1989790819280194 0.19901012612235214 0.19883774385835368 0.1988676571063088 0.1990276322637754 0.19895369209477215 0.19884299773468375
182 1820 0.00031158226931716674 0 -0.00014045002272356733 0.1989744040262914 0.19898506746739797 0.19889121216169295 0.1989294392155594 0.198853374233899 0.1988375379032234 0.19886503656207205 0.19896325358818345 0.19901418832096568 0.19886250567962918
183 1830 0.00028151372088313276 0 -0.00014045000436147011 0.19877842138711216 0.1989937571572174 0.19891263374283422 0.1989486031764234 0.19893053559905371 0.19892959933078683 0.19880818418961466 0.19893144668193352 0.19897308767696115 0.19899390004634013
184 1840 0.0002636681233583235 0 -0.00014045006433608016 0.19882958505275306 0.1989811905232593 0.19900213510703735 0.19891875040514792 0.19886897237007295 0.19894514081099315 0.19887166295434697 0.1989851731210932 0.19890807215923956 0.19890313739466453
185 1850 0.00025060142935758164 0 -0.00014045003400069747 0.19884666787561378 0.19897423749947832 0.1990023972204731 0.19888426325795283 0.19885258254283053 0.19893582235826032 0.19885777255443765 0.19891276497050564 0.19895600586561776 0.19893316670347644
