% # columns="iteration, evaluation, min max(neg(.)) min(pos(.)) max correlation, correlation matrix principle axes lengths  (sorted square roots of eigenvalues of correlation matrix)", seed=778019, Mon Mar  9 17:26:09 2020
1 10 -0.1120893361776649 -0.027640254140719966 0.012348880420811914 0.04279879287867549 0.8918744105476395 0.9642187172039284 0.9790885691685686 0.9868475140172736 0.9907908703859568 1.0039183549866808 1.0138557165070148 1.0272704732097897 1.0507921028836422 1.0795782343955975
2 20 -0.1120893361776649 -0.027640254140719966 0.012348880420811914 0.04279879287867549 0.8918744105476395 0.9642187172039284 0.9790885691685686 0.9868475140172736 0.9907908703859568 1.0039183549866808 1.0138557165070148 1.0272704732097897 1.0507921028836422 1.0795782343955975
3 30 -0.1120893361776649 -0.027640254140719966 0.012348880420811914 0.04279879287867549 0.8918744105476395 0.9642187172039284 0.9790885691685686 0.9868475140172736 0.9907908703859568 1.0039183549866808 1.0138557165070148 1.0272704732097897 1.0507921028836422 1.0795782343955975
4 40 -0.1120893361776649 -0.027640254140719966 0.012348880420811914 0.04279879287867549 0.8918744105476395 0.9642187172039284 0.9790885691685686 0.9868475140172736 0.9907908703859568 1.0039183549866808 1.0138557165070148 1.0272704732097897 1.0507921028836422 1.0795782343955975
5 50 -0.1120893361776649 -0.027640254140719966 0.012348880420811914 0.04279879287867549 0.8918744105476395 0.9642187172039284 0.9790885691685686 0.9868475140172736 0.9907908703859568 1.0039183549866808 1.0138557165070148 1.0272704732097897 1.0507921028836422 1.0795782343955975
6 60 -0.1120893361776649 -0.027640254140719966 0.012348880420811914 0.04279879287867549 0.8918744105476395 0.9642187172039284 0.9790885691685686 0.9868475140172736 0.9907908703859568 1.0039183549866808 1.0138557165070148 1.0272704732097897 1.0507921028836422 1.0795782343955975
7 70 -0.1120893361776649 -0.027640254140719966 0.012348880420811914 0.04279879287867549 0.8918744105476395 0.9642187172039284 0.9790885691685686 0.9868475140172736 0.9907908703859568 1.0039183549866808 1.0138557165070148 1.0272704732097897 1.0507921028836422 1.0795782343955975
8 80 -0.1120893361776649 -0.027640254140719966 0.012348880420811914 0.04279879287867549 0.8918744105476395 0.9642187172039284 0.9790885691685686 0.9868475140172736 0.9907908703859568 1.0039183549866808 1.0138557165070148 1.0272704732097897 1.0507921028836422 1.0795782343955975
9 90 -0.1120893361776649 -0.027640254140719966 0.012348880420811914 0.04279879287867549 0.8918744105476395 0.9642187172039284 0.9790885691685686 0.9868475140172736 0.9907908703859568 1.0039183549866808 1.0138557165070148 1.0272704732097897 1.0507921028836422 1.0795782343955975
10 100 -0.1120893361776649 -0.027640254140719966 0.012348880420811914 0.04279879287867549 0.8918744105476395 0.9642187172039284 0.9790885691685686 0.9868475140172736 0.9907908703859568 1.0039183549866808 1.0138557165070148 1.0272704732097897 1.0507921028836422 1.0795782343955975
11 110 -0.25448456175415246 -0.12176762831325866 0.00846114381817596 0.11733493168974886 0.59453686393754 0.8657825109772075 0.8903022696097722 0.9332776043829483 0.9822787546871768 1.0015072894900783 1.0666176888698862 1.119782180383678 1.1622306565291542 1.234118071939442
12 120 -0.25448456175415246 -0.12176762831325866 0.00846114381817596 0.11733493168974886 0.59453686393754 0.8657825109772075 0.8903022696097722 0.9332776043829483 0.9822787546871768 1.0015072894900783 1.0666176888698862 1.119782180383678 1.1622306565291542 1.234118071939442
13 130 -0.25448456175415246 -0.12176762831325866 0.00846114381817596 0.11733493168974886 0.59453686393754 0.8657825109772075 0.8903022696097722 0.9332776043829483 0.9822787546871768 1.0015072894900783 1.0666176888698862 1.119782180383678 1.1622306565291542 1.234118071939442
14 140 -0.25448456175415246 -0.12176762831325866 0.00846114381817596 0.11733493168974886 0.59453686393754 0.8657825109772075 0.8903022696097722 0.9332776043829483 0.9822787546871768 1.0015072894900783 1.0666176888698862 1.119782180383678 1.1622306565291542 1.234118071939442
15 150 -0.25448456175415246 -0.12176762831325866 0.00846114381817596 0.11733493168974886 0.59453686393754 0.8657825109772075 0.8903022696097722 0.9332776043829483 0.9822787546871768 1.0015072894900783 1.0666176888698862 1.119782180383678 1.1622306565291542 1.234118071939442
16 160 -0.25448456175415246 -0.12176762831325866 0.00846114381817596 0.11733493168974886 0.59453686393754 0.8657825109772075 0.8903022696097722 0.9332776043829483 0.9822787546871768 1.0015072894900783 1.0666176888698862 1.119782180383678 1.1622306565291542 1.234118071939442
17 170 -0.25448456175415246 -0.12176762831325866 0.00846114381817596 0.11733493168974886 0.59453686393754 0.8657825109772075 0.8903022696097722 0.9332776043829483 0.9822787546871768 1.0015072894900783 1.0666176888698862 1.119782180383678 1.1622306565291542 1.234118071939442
18 180 -0.25448456175415246 -0.12176762831325866 0.00846114381817596 0.11733493168974886 0.59453686393754 0.8657825109772075 0.8903022696097722 0.9332776043829483 0.9822787546871768 1.0015072894900783 1.0666176888698862 1.119782180383678 1.1622306565291542 1.234118071939442
19 190 -0.25448456175415246 -0.12176762831325866 0.00846114381817596 0.11733493168974886 0.59453686393754 0.8657825109772075 0.8903022696097722 0.9332776043829483 0.9822787546871768 1.0015072894900783 1.0666176888698862 1.119782180383678 1.1622306565291542 1.234118071939442
20 200 -0.25448456175415246 -0.12176762831325866 0.00846114381817596 0.11733493168974886 0.59453686393754 0.8657825109772075 0.8903022696097722 0.9332776043829483 0.9822787546871768 1.0015072894900783 1.0666176888698862 1.119782180383678 1.1622306565291542 1.234118071939442
21 210 -0.22299825583068 -0.13788198244343575 3.848345118790547e-05 0.13623396770344343 0.6265520997789359 0.8196038777322183 0.8584312720523745 0.942167044622043 0.9904371623271001 1.0176005027302002 1.0709194239445006 1.1022085528642551 1.168662700922508 1.2518457533850094
22 220 -0.22299825583068 -0.13788198244343575 3.848345118790547e-05 0.13623396770344343 0.6265520997789359 0.8196038777322183 0.8584312720523745 0.942167044622043 0.9904371623271001 1.0176005027302002 1.0709194239445006 1.1022085528642551 1.168662700922508 1.2518457533850094
23 230 -0.22299825583068 -0.13788198244343575 3.848345118790547e-05 0.13623396770344343 0.6265520997789359 0.8196038777322183 0.8584312720523745 0.942167044622043 0.9904371623271001 1.0176005027302002 1.0709194239445006 1.1022085528642551 1.168662700922508 1.2518457533850094
24 240 -0.22299825583068 -0.13788198244343575 3.848345118790547e-05 0.13623396770344343 0.6265520997789359 0.8196038777322183 0.8584312720523745 0.942167044622043 0.9904371623271001 1.0176005027302002 1.0709194239445006 1.1022085528642551 1.168662700922508 1.2518457533850094
25 250 -0.22299825583068 -0.13788198244343575 3.848345118790547e-05 0.13623396770344343 0.6265520997789359 0.8196038777322183 0.8584312720523745 0.942167044622043 0.9904371623271001 1.0176005027302002 1.0709194239445006 1.1022085528642551 1.168662700922508 1.2518457533850094
26 260 -0.22299825583068 -0.13788198244343575 3.848345118790547e-05 0.13623396770344343 0.6265520997789359 0.8196038777322183 0.8584312720523745 0.942167044622043 0.9904371623271001 1.0176005027302002 1.0709194239445006 1.1022085528642551 1.168662700922508 1.2518457533850094
27 270 -0.22299825583068 -0.13788198244343575 3.848345118790547e-05 0.13623396770344343 0.6265520997789359 0.8196038777322183 0.8584312720523745 0.942167044622043 0.9904371623271001 1.0176005027302002 1.0709194239445006 1.1022085528642551 1.168662700922508 1.2518457533850094
28 280 -0.22299825583068 -0.13788198244343575 3.848345118790547e-05 0.13623396770344343 0.6265520997789359 0.8196038777322183 0.8584312720523745 0.942167044622043 0.9904371623271001 1.0176005027302002 1.0709194239445006 1.1022085528642551 1.168662700922508 1.2518457533850094
29 290 -0.22299825583068 -0.13788198244343575 3.848345118790547e-05 0.13623396770344343 0.6265520997789359 0.8196038777322183 0.8584312720523745 0.942167044622043 0.9904371623271001 1.0176005027302002 1.0709194239445006 1.1022085528642551 1.168662700922508 1.2518457533850094
30 300 -0.22299825583068 -0.13788198244343575 3.848345118790547e-05 0.13623396770344343 0.6265520997789359 0.8196038777322183 0.8584312720523745 0.942167044622043 0.9904371623271001 1.0176005027302002 1.0709194239445006 1.1022085528642551 1.168662700922508 1.2518457533850094
31 310 -0.28409869833600365 -0.11215357269360972 0.04522933209088237 0.24548451014647146 0.6485371171535621 0.7665155715562528 0.8381323250022887 0.8643537975846206 0.9773531584892022 1.0067621021272015 1.0622413407692106 1.1180143244673832 1.1790042264874172 1.3435503027822284
32 320 -0.28409869833600365 -0.11215357269360972 0.04522933209088237 0.24548451014647146 0.6485371171535621 0.7665155715562528 0.8381323250022887 0.8643537975846206 0.9773531584892022 1.0067621021272015 1.0622413407692106 1.1180143244673832 1.1790042264874172 1.3435503027822284
33 330 -0.28409869833600365 -0.11215357269360972 0.04522933209088237 0.24548451014647146 0.6485371171535621 0.7665155715562528 0.8381323250022887 0.8643537975846206 0.9773531584892022 1.0067621021272015 1.0622413407692106 1.1180143244673832 1.1790042264874172 1.3435503027822284
34 340 -0.28409869833600365 -0.11215357269360972 0.04522933209088237 0.24548451014647146 0.6485371171535621 0.7665155715562528 0.8381323250022887 0.8643537975846206 0.9773531584892022 1.0067621021272015 1.0622413407692106 1.1180143244673832 1.1790042264874172 1.3435503027822284
35 350 -0.28409869833600365 -0.11215357269360972 0.04522933209088237 0.24548451014647146 0.6485371171535621 0.7665155715562528 0.8381323250022887 0.8643537975846206 0.9773531584892022 1.0067621021272015 1.0622413407692106 1.1180143244673832 1.1790042264874172 1.3435503027822284
36 360 -0.28409869833600365 -0.11215357269360972 0.04522933209088237 0.24548451014647146 0.6485371171535621 0.7665155715562528 0.8381323250022887 0.8643537975846206 0.9773531584892022 1.0067621021272015 1.0622413407692106 1.1180143244673832 1.1790042264874172 1.3435503027822284
37 370 -0.28409869833600365 -0.11215357269360972 0.04522933209088237 0.24548451014647146 0.6485371171535621 0.7665155715562528 0.8381323250022887 0.8643537975846206 0.9773531584892022 1.0067621021272015 1.0622413407692106 1.1180143244673832 1.1790042264874172 1.3435503027822284
38 380 -0.28409869833600365 -0.11215357269360972 0.04522933209088237 0.24548451014647146 0.6485371171535621 0.7665155715562528 0.8381323250022887 0.8643537975846206 0.9773531584892022 1.0067621021272015 1.0622413407692106 1.1180143244673832 1.1790042264874172 1.3435503027822284
39 390 -0.28409869833600365 -0.11215357269360972 0.04522933209088237 0.24548451014647146 0.6485371171535621 0.7665155715562528 0.8381323250022887 0.8643537975846206 0.9773531584892022 1.0067621021272015 1.0622413407692106 1.1180143244673832 1.1790042264874172 1.3435503027822284
40 400 -0.28409869833600365 -0.11215357269360972 0.04522933209088237 0.24548451014647146 0.6485371171535621 0.7665155715562528 0.8381323250022887 0.8643537975846206 0.9773531584892022 1.0067621021272015 1.0622413407692106 1.1180143244673832 1.1790042264874172 1.3435503027822284
41 410 -0.30426473713462265 -0.08944594635618379 0.07524761563690635 0.30799233410751475 0.6998096607222871 0.7423098615926635 0.8016800400996955 0.8804959545341408 0.9415563408422033 0.9792543446722437 1.0592126387794152 1.0922547661920736 1.2364335521949321 1.3609155975094287
42 420 -0.30426473713462265 -0.08944594635618379 0.07524761563690635 0.30799233410751475 0.6998096607222871 0.7423098615926635 0.8016800400996955 0.8804959545341408 0.9415563408422033 0.9792543446722437 1.0592126387794152 1.0922547661920736 1.2364335521949321 1.3609155975094287
43 430 -0.30426473713462265 -0.08944594635618379 0.07524761563690635 0.30799233410751475 0.6998096607222871 0.7423098615926635 0.8016800400996955 0.8804959545341408 0.9415563408422033 0.9792543446722437 1.0592126387794152 1.0922547661920736 1.2364335521949321 1.3609155975094287
44 440 -0.30426473713462265 -0.08944594635618379 0.07524761563690635 0.30799233410751475 0.6998096607222871 0.7423098615926635 0.8016800400996955 0.8804959545341408 0.9415563408422033 0.9792543446722437 1.0592126387794152 1.0922547661920736 1.2364335521949321 1.3609155975094287
45 450 -0.30426473713462265 -0.08944594635618379 0.07524761563690635 0.30799233410751475 0.6998096607222871 0.7423098615926635 0.8016800400996955 0.8804959545341408 0.9415563408422033 0.9792543446722437 1.0592126387794152 1.0922547661920736 1.2364335521949321 1.3609155975094287
46 460 -0.30426473713462265 -0.08944594635618379 0.07524761563690635 0.30799233410751475 0.6998096607222871 0.7423098615926635 0.8016800400996955 0.8804959545341408 0.9415563408422033 0.9792543446722437 1.0592126387794152 1.0922547661920736 1.2364335521949321 1.3609155975094287
47 470 -0.30426473713462265 -0.08944594635618379 0.07524761563690635 0.30799233410751475 0.6998096607222871 0.7423098615926635 0.8016800400996955 0.8804959545341408 0.9415563408422033 0.9792543446722437 1.0592126387794152 1.0922547661920736 1.2364335521949321 1.3609155975094287
48 480 -0.30426473713462265 -0.08944594635618379 0.07524761563690635 0.30799233410751475 0.6998096607222871 0.7423098615926635 0.8016800400996955 0.8804959545341408 0.9415563408422033 0.9792543446722437 1.0592126387794152 1.0922547661920736 1.2364335521949321 1.3609155975094287
49 490 -0.30426473713462265 -0.08944594635618379 0.07524761563690635 0.30799233410751475 0.6998096607222871 0.7423098615926635 0.8016800400996955 0.8804959545341408 0.9415563408422033 0.9792543446722437 1.0592126387794152 1.0922547661920736 1.2364335521949321 1.3609155975094287
50 500 -0.30426473713462265 -0.08944594635618379 0.07524761563690635 0.30799233410751475 0.6998096607222871 0.7423098615926635 0.8016800400996955 0.8804959545341408 0.9415563408422033 0.9792543446722437 1.0592126387794152 1.0922547661920736 1.2364335521949321 1.3609155975094287
51 510 -0.3310183141708728 -0.04990292122629337 0.13126285361320775 0.36837028101140873 0.687008150838752 0.6981713541459481 0.7619786640162288 0.8564560210923714 0.9277878319823104 0.9666879841877932 1.0257434811900172 1.1070407189209122 1.2779834866329023 1.4213520344528197
52 520 -0.3310183141708728 -0.04990292122629337 0.13126285361320775 0.36837028101140873 0.687008150838752 0.6981713541459481 0.7619786640162288 0.8564560210923714 0.9277878319823104 0.9666879841877932 1.0257434811900172 1.1070407189209122 1.2779834866329023 1.4213520344528197
53 530 -0.3310183141708728 -0.04990292122629337 0.13126285361320775 0.36837028101140873 0.687008150838752 0.6981713541459481 0.7619786640162288 0.8564560210923714 0.9277878319823104 0.9666879841877932 1.0257434811900172 1.1070407189209122 1.2779834866329023 1.4213520344528197
54 540 -0.3310183141708728 -0.04990292122629337 0.13126285361320775 0.36837028101140873 0.687008150838752 0.6981713541459481 0.7619786640162288 0.8564560210923714 0.9277878319823104 0.9666879841877932 1.0257434811900172 1.1070407189209122 1.2779834866329023 1.4213520344528197
55 550 -0.3310183141708728 -0.04990292122629337 0.13126285361320775 0.36837028101140873 0.687008150838752 0.6981713541459481 0.7619786640162288 0.8564560210923714 0.9277878319823104 0.9666879841877932 1.0257434811900172 1.1070407189209122 1.2779834866329023 1.4213520344528197
56 560 -0.3310183141708728 -0.04990292122629337 0.13126285361320775 0.36837028101140873 0.687008150838752 0.6981713541459481 0.7619786640162288 0.8564560210923714 0.9277878319823104 0.9666879841877932 1.0257434811900172 1.1070407189209122 1.2779834866329023 1.4213520344528197
57 570 -0.3310183141708728 -0.04990292122629337 0.13126285361320775 0.36837028101140873 0.687008150838752 0.6981713541459481 0.7619786640162288 0.8564560210923714 0.9277878319823104 0.9666879841877932 1.0257434811900172 1.1070407189209122 1.2779834866329023 1.4213520344528197
58 580 -0.3310183141708728 -0.04990292122629337 0.13126285361320775 0.36837028101140873 0.687008150838752 0.6981713541459481 0.7619786640162288 0.8564560210923714 0.9277878319823104 0.9666879841877932 1.0257434811900172 1.1070407189209122 1.2779834866329023 1.4213520344528197
59 590 -0.3310183141708728 -0.04990292122629337 0.13126285361320775 0.36837028101140873 0.687008150838752 0.6981713541459481 0.7619786640162288 0.8564560210923714 0.9277878319823104 0.9666879841877932 1.0257434811900172 1.1070407189209122 1.2779834866329023 1.4213520344528197
60 600 -0.3310183141708728 -0.04990292122629337 0.13126285361320775 0.36837028101140873 0.687008150838752 0.6981713541459481 0.7619786640162288 0.8564560210923714 0.9277878319823104 0.9666879841877932 1.0257434811900172 1.1070407189209122 1.2779834866329023 1.4213520344528197
61 610 -0.31067399104898896 -0.03507264022070403 0.1416590304468695 0.34827907959320786 0.6702000490607957 0.707705326172129 0.7924610844879229 0.8428480902682851 0.8587062492819243 0.9867530658277301 1.0239590343379803 1.1789783453009397 1.2499505768395107 1.4141007987909653
62 620 -0.31067399104898896 -0.03507264022070403 0.1416590304468695 0.34827907959320786 0.6702000490607957 0.707705326172129 0.7924610844879229 0.8428480902682851 0.8587062492819243 0.9867530658277301 1.0239590343379803 1.1789783453009397 1.2499505768395107 1.4141007987909653
63 630 -0.31067399104898896 -0.03507264022070403 0.1416590304468695 0.34827907959320786 0.6702000490607957 0.707705326172129 0.7924610844879229 0.8428480902682851 0.8587062492819243 0.9867530658277301 1.0239590343379803 1.1789783453009397 1.2499505768395107 1.4141007987909653
64 640 -0.31067399104898896 -0.03507264022070403 0.1416590304468695 0.34827907959320786 0.6702000490607957 0.707705326172129 0.7924610844879229 0.8428480902682851 0.8587062492819243 0.9867530658277301 1.0239590343379803 1.1789783453009397 1.2499505768395107 1.4141007987909653
65 650 -0.31067399104898896 -0.03507264022070403 0.1416590304468695 0.34827907959320786 0.6702000490607957 0.707705326172129 0.7924610844879229 0.8428480902682851 0.8587062492819243 0.9867530658277301 1.0239590343379803 1.1789783453009397 1.2499505768395107 1.4141007987909653
66 660 -0.31067399104898896 -0.03507264022070403 0.1416590304468695 0.34827907959320786 0.6702000490607957 0.707705326172129 0.7924610844879229 0.8428480902682851 0.8587062492819243 0.9867530658277301 1.0239590343379803 1.1789783453009397 1.2499505768395107 1.4141007987909653
67 670 -0.31067399104898896 -0.03507264022070403 0.1416590304468695 0.34827907959320786 0.6702000490607957 0.707705326172129 0.7924610844879229 0.8428480902682851 0.8587062492819243 0.9867530658277301 1.0239590343379803 1.1789783453009397 1.2499505768395107 1.4141007987909653
68 680 -0.31067399104898896 -0.03507264022070403 0.1416590304468695 0.34827907959320786 0.6702000490607957 0.707705326172129 0.7924610844879229 0.8428480902682851 0.8587062492819243 0.9867530658277301 1.0239590343379803 1.1789783453009397 1.2499505768395107 1.4141007987909653
69 690 -0.31067399104898896 -0.03507264022070403 0.1416590304468695 0.34827907959320786 0.6702000490607957 0.707705326172129 0.7924610844879229 0.8428480902682851 0.8587062492819243 0.9867530658277301 1.0239590343379803 1.1789783453009397 1.2499505768395107 1.4141007987909653
70 700 -0.31067399104898896 -0.03507264022070403 0.1416590304468695 0.34827907959320786 0.6702000490607957 0.707705326172129 0.7924610844879229 0.8428480902682851 0.8587062492819243 0.9867530658277301 1.0239590343379803 1.1789783453009397 1.2499505768395107 1.4141007987909653
71 710 -0.2646748757964064 -0.03562284465820412 0.1933076383763455 0.33425384381271117 0.6615278123101254 0.7098982973757875 0.7814374580146067 0.8816368052905382 0.8964965495937421 0.968459171182964 0.9810599915306127 1.1634202811147278 1.2874016092502425 1.3983739889667528
72 720 -0.2646748757964064 -0.03562284465820412 0.1933076383763455 0.33425384381271117 0.6615278123101254 0.7098982973757875 0.7814374580146067 0.8816368052905382 0.8964965495937421 0.968459171182964 0.9810599915306127 1.1634202811147278 1.2874016092502425 1.3983739889667528
73 730 -0.2646748757964064 -0.03562284465820412 0.1933076383763455 0.33425384381271117 0.6615278123101254 0.7098982973757875 0.7814374580146067 0.8816368052905382 0.8964965495937421 0.968459171182964 0.9810599915306127 1.1634202811147278 1.2874016092502425 1.3983739889667528
74 740 -0.2646748757964064 -0.03562284465820412 0.1933076383763455 0.33425384381271117 0.6615278123101254 0.7098982973757875 0.7814374580146067 0.8816368052905382 0.8964965495937421 0.968459171182964 0.9810599915306127 1.1634202811147278 1.2874016092502425 1.3983739889667528
75 750 -0.2646748757964064 -0.03562284465820412 0.1933076383763455 0.33425384381271117 0.6615278123101254 0.7098982973757875 0.7814374580146067 0.8816368052905382 0.8964965495937421 0.968459171182964 0.9810599915306127 1.1634202811147278 1.2874016092502425 1.3983739889667528
76 760 -0.2646748757964064 -0.03562284465820412 0.1933076383763455 0.33425384381271117 0.6615278123101254 0.7098982973757875 0.7814374580146067 0.8816368052905382 0.8964965495937421 0.968459171182964 0.9810599915306127 1.1634202811147278 1.2874016092502425 1.3983739889667528
77 770 -0.2646748757964064 -0.03562284465820412 0.1933076383763455 0.33425384381271117 0.6615278123101254 0.7098982973757875 0.7814374580146067 0.8816368052905382 0.8964965495937421 0.968459171182964 0.9810599915306127 1.1634202811147278 1.2874016092502425 1.3983739889667528
78 780 -0.2646748757964064 -0.03562284465820412 0.1933076383763455 0.33425384381271117 0.6615278123101254 0.7098982973757875 0.7814374580146067 0.8816368052905382 0.8964965495937421 0.968459171182964 0.9810599915306127 1.1634202811147278 1.2874016092502425 1.3983739889667528
79 790 -0.2646748757964064 -0.03562284465820412 0.1933076383763455 0.33425384381271117 0.6615278123101254 0.7098982973757875 0.7814374580146067 0.8816368052905382 0.8964965495937421 0.968459171182964 0.9810599915306127 1.1634202811147278 1.2874016092502425 1.3983739889667528
80 800 -0.2646748757964064 -0.03562284465820412 0.1933076383763455 0.33425384381271117 0.6615278123101254 0.7098982973757875 0.7814374580146067 0.8816368052905382 0.8964965495937421 0.968459171182964 0.9810599915306127 1.1634202811147278 1.2874016092502425 1.3983739889667528
81 810 -0.2258666785983703 0.012146653373666647 0.1986214227739006 0.44148385100295984 0.6631944273633155 0.7376655579572445 0.7673790918194368 0.8788204554219214 0.8903434990607648 0.9151515412471386 0.9857791535392317 1.1016535370869212 1.2696425032993661 1.4923872089402757
82 820 -0.2258666785983703 0.012146653373666647 0.1986214227739006 0.44148385100295984 0.6631944273633155 0.7376655579572445 0.7673790918194368 0.8788204554219214 0.8903434990607648 0.9151515412471386 0.9857791535392317 1.1016535370869212 1.2696425032993661 1.4923872089402757
83 830 -0.2258666785983703 0.012146653373666647 0.1986214227739006 0.44148385100295984 0.6631944273633155 0.7376655579572445 0.7673790918194368 0.8788204554219214 0.8903434990607648 0.9151515412471386 0.9857791535392317 1.1016535370869212 1.2696425032993661 1.4923872089402757
84 840 -0.2258666785983703 0.012146653373666647 0.1986214227739006 0.44148385100295984 0.6631944273633155 0.7376655579572445 0.7673790918194368 0.8788204554219214 0.8903434990607648 0.9151515412471386 0.9857791535392317 1.1016535370869212 1.2696425032993661 1.4923872089402757
85 850 -0.2258666785983703 0.012146653373666647 0.1986214227739006 0.44148385100295984 0.6631944273633155 0.7376655579572445 0.7673790918194368 0.8788204554219214 0.8903434990607648 0.9151515412471386 0.9857791535392317 1.1016535370869212 1.2696425032993661 1.4923872089402757
86 860 -0.2258666785983703 0.012146653373666647 0.1986214227739006 0.44148385100295984 0.6631944273633155 0.7376655579572445 0.7673790918194368 0.8788204554219214 0.8903434990607648 0.9151515412471386 0.9857791535392317 1.1016535370869212 1.2696425032993661 1.4923872089402757
87 870 -0.2258666785983703 0.012146653373666647 0.1986214227739006 0.44148385100295984 0.6631944273633155 0.7376655579572445 0.7673790918194368 0.8788204554219214 0.8903434990607648 0.9151515412471386 0.9857791535392317 1.1016535370869212 1.2696425032993661 1.4923872089402757
88 880 -0.2258666785983703 0.012146653373666647 0.1986214227739006 0.44148385100295984 0.6631944273633155 0.7376655579572445 0.7673790918194368 0.8788204554219214 0.8903434990607648 0.9151515412471386 0.9857791535392317 1.1016535370869212 1.2696425032993661 1.4923872089402757
89 890 -0.2258666785983703 0.012146653373666647 0.1986214227739006 0.44148385100295984 0.6631944273633155 0.7376655579572445 0.7673790918194368 0.8788204554219214 0.8903434990607648 0.9151515412471386 0.9857791535392317 1.1016535370869212 1.2696425032993661 1.4923872089402757
90 900 -0.2258666785983703 0.012146653373666647 0.1986214227739006 0.44148385100295984 0.6631944273633155 0.7376655579572445 0.7673790918194368 0.8788204554219214 0.8903434990607648 0.9151515412471386 0.9857791535392317 1.1016535370869212 1.2696425032993661 1.4923872089402757
91 910 -0.0778785025142515 0.04930497884205882 0.23217729345564353 0.3798326827964458 0.699319236453989 0.7340445535106719 0.792791615566813 0.8391779761358571 0.9074168816811418 0.9536362085864657 1.0264457166782166 1.0794676044144302 1.120070836246121 1.5598608161239096
92 920 -0.0778785025142515 0.04930497884205882 0.23217729345564353 0.3798326827964458 0.699319236453989 0.7340445535106719 0.792791615566813 0.8391779761358571 0.9074168816811418 0.9536362085864657 1.0264457166782166 1.0794676044144302 1.120070836246121 1.5598608161239096
93 930 -0.0778785025142515 0.04930497884205882 0.23217729345564353 0.3798326827964458 0.699319236453989 0.7340445535106719 0.792791615566813 0.8391779761358571 0.9074168816811418 0.9536362085864657 1.0264457166782166 1.0794676044144302 1.120070836246121 1.5598608161239096
94 940 -0.0778785025142515 0.04930497884205882 0.23217729345564353 0.3798326827964458 0.699319236453989 0.7340445535106719 0.792791615566813 0.8391779761358571 0.9074168816811418 0.9536362085864657 1.0264457166782166 1.0794676044144302 1.120070836246121 1.5598608161239096
95 950 -0.0778785025142515 0.04930497884205882 0.23217729345564353 0.3798326827964458 0.699319236453989 0.7340445535106719 0.792791615566813 0.8391779761358571 0.9074168816811418 0.9536362085864657 1.0264457166782166 1.0794676044144302 1.120070836246121 1.5598608161239096
96 960 -0.0778785025142515 0.04930497884205882 0.23217729345564353 0.3798326827964458 0.699319236453989 0.7340445535106719 0.792791615566813 0.8391779761358571 0.9074168816811418 0.9536362085864657 1.0264457166782166 1.0794676044144302 1.120070836246121 1.5598608161239096
97 970 -0.0778785025142515 0.04930497884205882 0.23217729345564353 0.3798326827964458 0.699319236453989 0.7340445535106719 0.792791615566813 0.8391779761358571 0.9074168816811418 0.9536362085864657 1.0264457166782166 1.0794676044144302 1.120070836246121 1.5598608161239096
98 980 -0.0778785025142515 0.04930497884205882 0.23217729345564353 0.3798326827964458 0.699319236453989 0.7340445535106719 0.792791615566813 0.8391779761358571 0.9074168816811418 0.9536362085864657 1.0264457166782166 1.0794676044144302 1.120070836246121 1.5598608161239096
99 990 -0.0778785025142515 0.04930497884205882 0.23217729345564353 0.3798326827964458 0.699319236453989 0.7340445535106719 0.792791615566813 0.8391779761358571 0.9074168816811418 0.9536362085864657 1.0264457166782166 1.0794676044144302 1.120070836246121 1.5598608161239096
100 1000 -0.0778785025142515 0.04930497884205882 0.23217729345564353 0.3798326827964458 0.699319236453989 0.7340445535106719 0.792791615566813 0.8391779761358571 0.9074168816811418 0.9536362085864657 1.0264457166782166 1.0794676044144302 1.120070836246121 1.5598608161239096
101 1010 -0.08619164877814027 0.056955180304572195 0.2076062041902163 0.3054608521495907 0.7090278100535484 0.7639702328024488 0.8169970130062141 0.8615776979768699 0.9109141057232569 0.9725094545238575 0.9896864306644941 1.0661837626267712 1.1437078404636882 1.5178916235482138
102 1020 -0.08619164877814027 0.056955180304572195 0.2076062041902163 0.3054608521495907 0.7090278100535484 0.7639702328024488 0.8169970130062141 0.8615776979768699 0.9109141057232569 0.9725094545238575 0.9896864306644941 1.0661837626267712 1.1437078404636882 1.5178916235482138
103 1030 -0.08619164877814027 0.056955180304572195 0.2076062041902163 0.3054608521495907 0.7090278100535484 0.7639702328024488 0.8169970130062141 0.8615776979768699 0.9109141057232569 0.9725094545238575 0.9896864306644941 1.0661837626267712 1.1437078404636882 1.5178916235482138
104 1040 -0.08619164877814027 0.056955180304572195 0.2076062041902163 0.3054608521495907 0.7090278100535484 0.7639702328024488 0.8169970130062141 0.8615776979768699 0.9109141057232569 0.9725094545238575 0.9896864306644941 1.0661837626267712 1.1437078404636882 1.5178916235482138
