% # columns="iteration, evaluation, sigma, max axis length,  min axis length, all principle axes lengths  (sorted square roots of eigenvalues of C)", seed=778019, Mon Mar  9 17:26:09 2020
1 10 0.2016116756091375 1.0000450010125153 1.0 1.0 1.0000050000125 1.00001000005 1.0000150001125006 1.0000200002000015 1.0000250003125026 1.0000300004500045 1.0000350006125072 1.0000400008000108 1.0000450010125153
2 20 0.20818113317963613 1.1638391922716411 0.9276815404115273 0.9276815404115273 0.9421759578522717 0.9606331250005569 0.9893395595032197 0.9999736443573309 1.0000481721954981 1.0011200291665967 1.0050244364686112 1.0209585659093041 1.1638391922716411
3 30 0.2074014816800012 1.2426911721811797 0.8688173785377564 0.8688173785377564 0.9375972397586354 0.9440553321121524 0.9546491454450252 0.9817216549474024 0.9895485833332003 1.0019717201669969 1.0082725544723383 1.031994120081563 1.2426911721811797
4 40 0.2098529607980515 1.2843622937631267 0.8720346032067247 0.8720346032067247 0.8900240667656381 0.9253101069595612 0.943492758326363 0.961165172165128 0.986521220729452 0.9896547526193573 1.0188417281063222 1.0376012987240801 1.2843622937631267
5 50 0.22120861601792605 1.3190174183930103 0.8338215251638296 0.8338215251638296 0.8840073039277518 0.9187664994474666 0.9278650635880378 0.9405133197458116 0.9765062485610286 1.002193286163712 1.0317559200643602 1.0426552530436985 1.3190174183930103
6 60 0.25448691041905713 1.3994340947562713 0.8311274060917176 0.8311274060917176 0.8649089986941001 0.888248764185637 0.9214470941041802 0.9349766803736639 0.9528841840400588 1.0031746141753846 1.02289575305151 1.0489559589531234 1.3994340947562713
7 70 0.2906931618154767 1.446082386929032 0.7995359076644837 0.7995359076644837 0.8497496965961194 0.8899225694124501 0.9186896072039131 0.9327964047076029 0.9640453443304652 1.0103731630600719 1.020295053507268 1.043696471718805 1.446082386929032
8 80 0.32378248802026616 1.4871301402861599 0.769810113389404 0.769810113389404 0.8353098815534094 0.8694050061132852 0.9266977149568135 0.9368655979780578 0.9537784903164508 1.0015323986701241 1.0239481149051604 1.0981343145164009 1.4871301402861599
9 90 0.35971665923874213 1.5378838729374509 0.7709274793727445 0.7709274793727445 0.8203570159609922 0.8648658245921208 0.9164870836574227 0.9269368639705919 0.949605764206418 0.9795686560407952 1.0095291169009877 1.1121044636426272 1.5378838729374509
10 100 0.3708635013382779 1.5469133900882626 0.761111237634604 0.761111237634604 0.8221066027277824 0.8532307824899004 0.9122097482486816 0.9325555240073381 0.9511352058769802 0.9828808888234248 1.0462194680428267 1.0910906153980373 1.5469133900882626
11 110 0.3653149007930457 1.5710746419055102 0.7615406576724768 0.7615406576724768 0.766914980882252 0.8511437665959376 0.8923962730024403 0.9124847334071552 0.94727281698176 0.9832738820819282 1.0445053943135847 1.0973509657541363 1.5710746419055102
12 120 0.3476159333545016 1.5816125854895837 0.7330014190064943 0.7330014190064943 0.7720551322808646 0.8487579095893797 0.8817266197182497 0.8978329559653068 0.924442402685597 0.983205118196957 1.0317510247399237 1.0973482343517458 1.5816125854895837
13 130 0.3208684784681948 1.5563790017310286 0.7082731159077742 0.7082731159077742 0.7689881949009076 0.835977213005397 0.8819079166716525 0.8918323718477166 0.9401616570907909 0.9719259954901796 1.0325743144889366 1.0673301112860243 1.5563790017310286
14 140 0.2970104251332678 1.4793956284672076 0.7140699445414009 0.7140699445414009 0.7532018618284633 0.8271171596433867 0.8746768086625826 0.8823297719637077 0.9201429348985704 0.9747069878611895 1.0357720310941059 1.0638097870777536 1.4793956284672076
15 150 0.28870135913798695 1.444712573584556 0.6960919699478413 0.6960919699478413 0.7448206650080217 0.8410954784111654 0.8692653284852285 0.8735029155438314 0.9046123780152567 0.9458974480736675 1.0326986932544073 1.0624736176348792 1.444712573584556
16 160 0.2648356592332036 1.443917875785315 0.7028103004472102 0.7028103004472102 0.7436850661643187 0.8368881733171827 0.8452303095377721 0.8809289336825761 0.8898045365393583 0.9158733179005027 1.0451041884418213 1.0609849634744597 1.443917875785315
17 170 0.2409124428855786 1.4417560778479017 0.7026347650870362 0.7026347650870362 0.7409451920183728 0.8195280875612713 0.83227104004162 0.8595641494142666 0.8855543972580859 0.9020414405436631 1.036572669187966 1.0651906995524654 1.4417560778479017
18 180 0.21494300756205248 1.432568736215898 0.6849974272973345 0.6849974272973345 0.7468403558080666 0.8073181837167073 0.8307193788062698 0.8455210836303975 0.8762707689880516 0.9028646355321905 1.034673746075141 1.0697966697205283 1.432568736215898
19 190 0.20551695295656638 1.4123726171474924 0.6834189264387908 0.6834189264387908 0.7456583540938944 0.7774255226554546 0.8042978195001987 0.8409660217701881 0.8692274155145329 0.9019492230123326 1.0342062196414796 1.03568444934349 1.4123726171474924
20 200 0.18909288856984202 1.3857190494366147 0.6682933445586186 0.6682933445586186 0.7230679858309845 0.7799375895997436 0.7919464698050409 0.8589836884237136 0.8724010549867645 0.8900028679638182 0.9978100355684232 1.0432822957654657 1.3857190494366147
21 210 0.16849636443414645 1.3533213570007423 0.666851607938409 0.666851607938409 0.7248140812343754 0.7713384541546949 0.7786251760444461 0.8414530223332907 0.8788889990457475 0.8843577233449922 0.9847517173569867 1.0387275934658058 1.3533213570007423
22 220 0.15513259594116152 1.3392872424517361 0.6486616106305378 0.6486616106305378 0.7118538785869876 0.7622184613417229 0.7732832458235838 0.8136351916905203 0.8711482930233226 0.8848205344766165 0.9726448667681189 1.0374578069839548 1.3392872424517361
23 230 0.15064569639826306 1.3175980799927427 0.6450838913384738 0.6450838913384738 0.7037649965088696 0.7569936559678487 0.7770889529864411 0.7954683596074361 0.8617055482370508 0.8802658896560815 0.9353862722880494 1.0482761297035108 1.3175980799927427
24 240 0.13861622892423578 1.3206440033080755 0.6287932073407531 0.6287932073407531 0.6933225596350328 0.7431459926831473 0.7780552961647434 0.8022232195551073 0.8435463206618098 0.860790081822733 0.9380503870766548 1.0602947651180448 1.3206440033080755
25 250 0.12579037513163474 1.328832933866093 0.6106992566144107 0.6106992566144107 0.692548808694937 0.7442624478453294 0.7582908605981529 0.7992488488790199 0.8461781921314859 0.8621921362572317 0.9415072731868195 1.058870835700711 1.328832933866093
26 260 0.11810471985627179 1.31622312881906 0.6089843841041725 0.6089843841041725 0.6742388794031136 0.7221756385074173 0.7572217328376709 0.7733108821257344 0.8477928883195579 0.8773829848683875 0.9487453785402266 1.0788001206061602 1.31622312881906
27 270 0.11200784246962282 1.2498252409830122 0.6042794998445744 0.6042794998445744 0.6662806100948612 0.7135272688247822 0.7626385520085405 0.7716128483750557 0.8710909896361657 0.8942448941351945 0.9406819329831067 1.072765326906301 1.2498252409830122
28 280 0.10288746421932882 1.2039012696102203 0.5995482833530152 0.5995482833530152 0.6710431582777735 0.701103184836557 0.7486239568420313 0.7778951745392825 0.8604650037633181 0.9026260030030986 0.9139703618142822 1.0680827601664076 1.2039012696102203
29 290 0.10316647315130016 1.2019228999800793 0.6023123817387992 0.6023123817387992 0.6560655343837699 0.6906642066449378 0.7429096530916304 0.7728279212196815 0.8568014424892292 0.8907169971364595 0.9077834734228271 1.0535082494460257 1.2019228999800793
30 300 0.1037756055329634 1.204225754267133 0.5916645914461726 0.5916645914461726 0.6580151928936407 0.6868183824087924 0.7326669212371046 0.7696713201251421 0.8442358642924204 0.8978194561972863 0.9482279948549024 1.0391696746779466 1.204225754267133
31 310 0.10134767523315857 1.196747420500597 0.5710413745167655 0.5710413745167655 0.6530074856599857 0.6931596872064586 0.738996312662584 0.7697044905162319 0.8385554369204151 0.9130705469853805 0.9424624675064022 1.0103193858140178 1.196747420500597
32 320 0.09786725799682622 1.205829975508452 0.5579373798413759 0.5579373798413759 0.6451493717674532 0.6875222152604953 0.7350611422796899 0.7485144856190706 0.8283388906253729 0.8975612215329106 0.9428581902033948 1.0080259638757432 1.205829975508452
33 330 0.09509392280751684 1.1701086862042445 0.5558794463185934 0.5558794463185934 0.6392823568116989 0.670930531339003 0.7224088728707314 0.7299653352181967 0.8305559877051362 0.8936061138987746 0.9472020476815025 1.0134909888562824 1.1701086862042445
34 340 0.08931975588288223 1.1771118309880735 0.5494947457536973 0.5494947457536973 0.6280744655052909 0.6492458177823875 0.6978375326935293 0.7335609311376831 0.8189619732130843 0.8816131450484394 0.9578530726845054 1.0280662569603154 1.1771118309880735
35 350 0.08276951563094057 1.1726403674354495 0.5373674070575684 0.5373674070575684 0.6255463445258334 0.6520996118868042 0.683281394163053 0.7291735298718287 0.8066846537530539 0.8823181529536558 0.9505953688377415 1.0057367719338282 1.1726403674354495
36 360 0.08396157727790511 1.1584649124673976 0.5451214535093445 0.5451214535093445 0.6227287330868017 0.6445745482257917 0.6851809739692322 0.7122636388993474 0.7887955114648653 0.8765650053555936 0.9380076059080942 1.013877656700789 1.1584649124673976
37 370 0.08458951959369383 1.1420798542368436 0.5157768751700501 0.5157768751700501 0.6262391613706839 0.6471690341293506 0.6864088795484904 0.7083514365049357 0.8369990207199077 0.874012996352978 0.9253736480609301 1.02267125081879 1.1420798542368436
38 380 0.08755555783599414 1.1215115754809823 0.5094476440493894 0.5094476440493894 0.6041606130481147 0.6412429668772942 0.6865826217139218 0.706024945926086 0.8312278706768997 0.9010287330471575 0.9279850519015089 1.014638309664792 1.1215115754809823
39 390 0.08349276670380112 1.0805770383236495 0.5063689360196699 0.5063689360196699 0.6028359143169704 0.6439760440920429 0.6789186153963693 0.7174792560410216 0.8214078360384012 0.9036078547274556 0.9157605408181366 1.0434986179805732 1.0805770383236495
40 400 0.08349163036267682 1.0808665588614357 0.5053900787816725 0.5053900787816725 0.6096612320323319 0.628739021616049 0.6679802930321144 0.7116623768663278 0.8089621879909697 0.8790375418047532 0.9093273420274012 1.023036385693047 1.0808665588614357
41 410 0.07969949658119335 1.0574615881901883 0.5059463576958969 0.5059463576958969 0.5983667211304937 0.6380915003318787 0.6647037522598874 0.7149707642859032 0.8005480325528056 0.8914717040871215 0.8991409531999953 1.000959547037727 1.0574615881901883
42 420 0.07375890196637498 1.053672117680028 0.5180663547544158 0.5180663547544158 0.5806145870497748 0.6319376316275944 0.6679798578120852 0.7144280048058408 0.7823156335192286 0.8804149087322677 0.8854401082738675 0.994535996397949 1.053672117680028
43 430 0.06715800985393643 1.0299162008092466 0.5082111590105929 0.5082111590105929 0.5705861882982375 0.6252434987696984 0.6438959537833867 0.7271431184863855 0.7816917896073297 0.8751293383832884 0.8963585270679381 0.9987602923235012 1.0299162008092466
44 440 0.05919197528742683 1.021786721477463 0.5034973247199215 0.5034973247199215 0.5718348544465323 0.6147076746006335 0.6295972475228909 0.6976924079567864 0.7809033532649065 0.863820348109046 0.880815457184383 1.0037557991469086 1.021786721477463
45 450 0.055630065429595865 1.0252514866631333 0.4886454583272757 0.4886454583272757 0.5653790700934799 0.5995314046652068 0.6193182460807654 0.6871319593755123 0.7827800662806556 0.8569806552463913 0.8673057383766665 0.9958574141502037 1.0252514866631333
46 460 0.052719269544727755 1.0272409893851273 0.4797187611119308 0.4797187611119308 0.5584406781781974 0.5930769309289781 0.6266174030350273 0.6732413913347668 0.7790242643970682 0.846063395903543 0.8696603111227702 0.9960044131361393 1.0272409893851273
47 470 0.05106098895377822 1.011016266140505 0.47144254144535824 0.47144254144535824 0.5589134046950647 0.5891903295918056 0.6158657087135891 0.658609955531022 0.7745575133999637 0.8310550212759338 0.8938938329737692 0.9999025099427582 1.011016266140505
48 480 0.04830036357414709 1.02400180666892 0.46200039175746976 0.46200039175746976 0.5482843838674322 0.5838559969682363 0.6134114854456224 0.6613116895376839 0.7638072363126026 0.8200934719347397 0.8806968858478019 0.997656229589614 1.02400180666892
49 490 0.04671336165147284 1.027216520461795 0.4548162749164904 0.4548162749164904 0.5395980465264896 0.5888405253051862 0.6160320504542488 0.6608420471847395 0.760532597741229 0.8198226341571642 0.8632230744698682 0.9869741924986222 1.027216520461795
50 500 0.04660972649830537 1.0239324110504526 0.443318677582104 0.443318677582104 0.527216526994413 0.5847532206335322 0.6187395907608199 0.6602599478755222 0.7652075924579498 0.8262897003034148 0.8830592377134122 0.9374971783255287 1.0239324110504526
51 510 0.04340339707163474 1.0051117551077062 0.4399944644314198 0.4399944644314198 0.520979178832727 0.583709968919873 0.6179716465440832 0.6751236912401475 0.770229846921986 0.8156720075243206 0.8954207953716431 0.93391180595104 1.0051117551077062
52 520 0.042902133446078926 0.9775954455704444 0.4416467756396041 0.4416467756396041 0.5240405190737945 0.571433906978317 0.6126834392487798 0.6657710780321968 0.7709458986950826 0.8019525564935782 0.8728226600519721 0.9386867192559494 0.9775954455704444
53 530 0.03943116990182077 0.9881994862450943 0.4416462274715471 0.4416462274715471 0.5160997053868112 0.558013135368922 0.6032712518554254 0.6620025357556861 0.7657599855642011 0.7960332899100598 0.8974606089157177 0.9228045122166261 0.9881994862450943
54 540 0.03952851570802437 0.9742650825057165 0.43756161617292566 0.43756161617292566 0.5108548809783889 0.5699422751594845 0.6040870030273273 0.6515750645775442 0.7543300725405954 0.7896086022031618 0.8792001077681006 0.9127890015712676 0.9742650825057165
55 550 0.03710538803102798 0.9697931242773757 0.43677562621269417 0.43677562621269417 0.5145931362775098 0.5679047744851305 0.6053951368203073 0.6428889098081989 0.7269845624235687 0.8184877586657483 0.8902122730542243 0.9046761325706522 0.9697931242773757
56 560 0.038111114051650255 0.9290432864788215 0.43045778318289274 0.43045778318289274 0.5176099076446933 0.5495196519228883 0.6107222251186952 0.6299485218470815 0.7313402379523312 0.8226601774885482 0.8870249547827989 0.8950678783246689 0.9290432864788215
57 570 0.033205640469750525 0.9176819219098249 0.4446822072763582 0.4446822072763582 0.5123150205007286 0.5368995511929602 0.6101943505369656 0.6401401373502169 0.7593409970361994 0.8011186946591252 0.8784600983563081 0.8930432562363876 0.9176819219098249
58 580 0.03068820943043493 0.8897556532229346 0.43691470026119594 0.43691470026119594 0.5074149699778207 0.5374781047394114 0.5996683573395223 0.6472305516083858 0.7638428976342311 0.7916482893723111 0.854641634720307 0.8877049586014192 0.8897556532229346
59 590 0.028424989003154977 0.8870364046544372 0.436548205810318 0.436548205810318 0.5113164986227665 0.5254194082397784 0.589945772902362 0.6351386831059848 0.75295931324901 0.7822983446883532 0.8492217581217387 0.8810706972387293 0.8870364046544372
60 600 0.026332575425678115 0.8939288282549528 0.43097884521479457 0.43097884521479457 0.5010910803335539 0.5112893108192815 0.5788395131606558 0.627233439070334 0.7549559252535821 0.7808526738744493 0.8428756349954595 0.8796508878694794 0.8939288282549528
61 610 0.023798925837860207 0.8982996781283143 0.4154024993725616 0.4154024993725616 0.49860245644113466 0.5112849430789734 0.5856175242108929 0.6234476301390655 0.738831168231436 0.7548280558797364 0.8436087195451734 0.8700030455169021 0.8982996781283143
62 620 0.022257863917719195 0.8864821161228528 0.41469400042885246 0.41469400042885246 0.4781230289192429 0.5061906101232663 0.577246130842638 0.6388030100088974 0.725386541238609 0.7545549719683246 0.8298217512366118 0.8584088767515368 0.8864821161228528
63 630 0.02099480367937144 0.8876724040361259 0.42255502561130565 0.42255502561130565 0.46611308069795393 0.5081328723349701 0.575213557797753 0.6348656164454491 0.6963313815848483 0.7359964636891858 0.8350975998947248 0.8575585156134182 0.8876724040361259
64 640 0.019654512208331722 0.877100464843406 0.42926914084011203 0.42926914084011203 0.4671019156605559 0.5101827492448923 0.5817924683889873 0.6301231418947707 0.6905223801559581 0.7076834404886129 0.8157260680243876 0.8384081931022372 0.877100464843406
65 650 0.018176803915942785 0.8734423898983394 0.4305721471561822 0.4305721471561822 0.46915637589679626 0.49027692274102036 0.5854548300408722 0.6236542693016442 0.6936219740701862 0.6975134847379133 0.7888069935861434 0.8137503069055189 0.8734423898983394
66 660 0.017343699377791757 0.866697200101748 0.42821580337429554 0.42821580337429554 0.4612960908133104 0.4830643273301505 0.57276406420363 0.6246076066486775 0.6761427620598055 0.6995821893971056 0.7745945728789249 0.797298008870939 0.866697200101748
67 670 0.016450612209084985 0.8615782827639632 0.42758555819301586 0.42758555819301586 0.44362398574354966 0.48962412138999684 0.5555356470617772 0.6280250945964438 0.6554827856481896 0.6959351313366766 0.7752789713436606 0.8052425125934815 0.8615782827639632
68 680 0.015144585915708414 0.851965412772982 0.4233488595620974 0.4233488595620974 0.44122325505976584 0.4721121570626108 0.5544631620236936 0.6205046507111536 0.6636738599191812 0.6721047109588297 0.7758409277388747 0.8225195452284972 0.851965412772982
69 690 0.013591400329740603 0.8459111220281023 0.4199009314435451 0.4199009314435451 0.4364849756698335 0.4702723959325809 0.5536917363167813 0.6005397068422247 0.6390208848113866 0.6623915282208168 0.781857227085083 0.8200072654859845 0.8459111220281023
70 700 0.01306673665852531 0.8602759981871563 0.399794764296542 0.399794764296542 0.4223394155229449 0.4708214160397859 0.5591782938876276 0.5923149539832846 0.6415601865633433 0.6599615437248614 0.7550659655215757 0.8138141458762953 0.8602759981871563
71 710 0.01253811396003267 0.8381028990400803 0.3983694562114526 0.3983694562114526 0.42276269606286565 0.4693643664296186 0.559449433155227 0.5904707091699569 0.6252506777117397 0.6629694556040299 0.7451988021000511 0.8167236626641123 0.8381028990400803
72 720 0.012448525156630981 0.8306536006857875 0.3929897188166053 0.3929897188166053 0.4246822250587901 0.4636172146164586 0.552641470859938 0.5711886781521752 0.6277157904415659 0.6450362303130193 0.7323263870151655 0.8204560006611862 0.8306536006857875
73 730 0.012976533490922162 0.8363323921916904 0.38576705630897484 0.38576705630897484 0.4475182267101721 0.46171405216432176 0.5443389117135407 0.5704305620240453 0.6246059132936364 0.6431141690141058 0.7176661115062597 0.7847880857528206 0.8363323921916904
74 740 0.01282046795252301 0.8232423183669186 0.37655978032902326 0.37655978032902326 0.4476179094824688 0.4608094956762405 0.5447376723834567 0.5817343282305601 0.5973276893893366 0.6441014729534835 0.7134624298969713 0.8019592252228123 0.8232423183669186
75 750 0.01283234528755994 0.826407618393884 0.36530844114189065 0.36530844114189065 0.4351660472350878 0.46508067376483564 0.5306787711768608 0.5740409433873064 0.5940365789888356 0.6425857764302658 0.7244219537664794 0.7988308229135829 0.826407618393884
76 760 0.011574527421622918 0.8210678555161472 0.3558278744654067 0.3558278744654067 0.4313212466769095 0.4703772635940666 0.530478983226569 0.5701357760795834 0.5885233977173128 0.6347896027599815 0.7139063973594247 0.8005947012645561 0.8210678555161472
77 770 0.010524742438844726 0.8190311734116618 0.3441220156785818 0.3441220156785818 0.42260121114431065 0.47107374939078284 0.5274297063433121 0.5650496524727808 0.579971918917268 0.6244738368952573 0.6985671746768689 0.8003027093537299 0.8190311734116618
78 780 0.00948663581027664 0.803342006009114 0.34823378095186475 0.34823378095186475 0.4178342458433693 0.46025489496001915 0.5245631247706074 0.5618277111451887 0.5791061792812349 0.6180187360765561 0.6887165810501602 0.7767988195938209 0.803342006009114
79 790 0.008292325041290651 0.7962853585062306 0.34513384183340384 0.34513384183340384 0.41640709732080405 0.4452578379625557 0.5219367123569407 0.5457016979263863 0.5839572938379284 0.6162418212921119 0.6716878745679573 0.7616570666719334 0.7962853585062306
80 800 0.007174267580654006 0.7812603886397457 0.3399657858183815 0.3399657858183815 0.4121764958372529 0.4451893105760868 0.5240223194761129 0.5278934906719671 0.5833303197051182 0.6053854772056487 0.6657655809277889 0.743097283155201 0.7812603886397457
81 810 0.0066392813412561 0.7666444687680128 0.33364313330192313 0.33364313330192313 0.3956350287212689 0.442665681114986 0.5210286128421237 0.5257545855672214 0.5666276366007161 0.5884532543770414 0.6708077352017306 0.7420465892976025 0.7666444687680128
82 820 0.006221633925539734 0.7529927206104612 0.33260309730706383 0.33260309730706383 0.39631336468864975 0.44585749243102674 0.5104584572374578 0.5255575307707085 0.5592009608753428 0.5769420666352588 0.6645940446131681 0.7318512246057984 0.7529927206104612
83 830 0.006098857682038528 0.7427073832646466 0.33172883221191285 0.33172883221191285 0.3898323076188327 0.4469684978669746 0.5076160658784633 0.5220095343314604 0.551961796728762 0.5719445418611011 0.634014234851441 0.7271633537847151 0.7427073832646466
84 840 0.006084410579175101 0.7304289133158467 0.333799194251208 0.333799194251208 0.3984179439573804 0.4450058726991773 0.48826784771128257 0.5182118507358499 0.5532541118267249 0.5891917577277355 0.6220819289927711 0.705933853321516 0.7304289133158467
85 850 0.006492367292511683 0.7310189676019576 0.3244518444605176 0.3244518444605176 0.39785498126976815 0.44665878104111767 0.48815729038805916 0.5151887691299405 0.5381308431222688 0.5997065177617217 0.6129010525244376 0.695755803446492 0.7310189676019576
86 860 0.006201542130183874 0.7213377955394966 0.31519804040093735 0.31519804040093735 0.44425566403815087 0.4470834770605157 0.4883908256392339 0.5120282090538082 0.5391131893115211 0.58477575953872 0.6057038449496263 0.6725372946650645 0.7213377955394966
87 870 0.005862099050593135 0.7060777068667933 0.30873676074822076 0.30873676074822076 0.4443994380622664 0.45762127456554774 0.4777841433677512 0.511017120923027 0.5381328713311657 0.5706548647403618 0.606184225123593 0.6493357864358628 0.7060777068667933
88 880 0.005511625460476447 0.7000716240521263 0.3000860754817257 0.3000860754817257 0.44246208888823385 0.4546231392372009 0.47175108450480674 0.5121287901997131 0.5385724429180728 0.557994027941102 0.6050243597066794 0.640012976978299 0.7000716240521263
89 890 0.00540483204710027 0.7018252239046507 0.29530450132158054 0.29530450132158054 0.4384240611022402 0.45107979799356923 0.4736430500420714 0.5152203307604767 0.5246234480140074 0.5573991275626619 0.5902258576340514 0.6448422601230825 0.7018252239046507
90 900 0.00502354391451483 0.6999812180083254 0.29407279380039875 0.29407279380039875 0.43819142041022624 0.44838059260889174 0.47333109095694886 0.5019134927732026 0.5192380341573803 0.5552235296746972 0.5821614699445318 0.6428323677468818 0.6999812180083254
91 910 0.004467558438193367 0.7066014675446112 0.2939163416548396 0.2939163416548396 0.4290639081267608 0.44567524165136413 0.4620408498557183 0.48299921185562783 0.514669812238717 0.5564833093976409 0.5731870065743773 0.6448574309168212 0.7066014675446112
92 920 0.004273755689795462 0.6946090102388293 0.2850597039526892 0.2850597039526892 0.42543146555854183 0.43863135991008845 0.4571611334515222 0.4759134341097279 0.506156292753198 0.5668173337245952 0.5760339116484592 0.625645582511953 0.6946090102388293
93 930 0.003961040831734825 0.69148486046085 0.28310642743383113 0.28310642743383113 0.4218394101836597 0.43825139807660285 0.4624096839017274 0.47700286053040525 0.5040355237008232 0.5585260175471266 0.5709208302142597 0.6044165838639619 0.69148486046085
94 940 0.0036488125363628478 0.6861985174184029 0.28261468351843144 0.28261468351843144 0.4151753922707478 0.4265457103313167 0.4580161821828477 0.47658757914274785 0.5028172286193727 0.5535679030495649 0.5640416307484498 0.5966670344781543 0.6861985174184029
95 950 0.0036035588733085103 0.6726168197489667 0.27719516626236934 0.27719516626236934 0.4126590239385824 0.4190386584044644 0.460385967683861 0.471557624711164 0.5053620844695748 0.5456450075170266 0.5644432606684572 0.5913586103078723 0.6726168197489667
96 960 0.003578216234247391 0.6686534847882385 0.2870909511383688 0.2870909511383688 0.40714693466594315 0.41586691337307913 0.44915717973938984 0.4610057748434963 0.49497637148858803 0.5411274457761424 0.5590558479710959 0.5936886314879317 0.6686534847882385
97 970 0.003724808862584255 0.6537164835920484 0.29497911620844813 0.29497911620844813 0.3936668590701414 0.4141328025294798 0.45627078406222454 0.4628012104424198 0.482414231657378 0.534373010796978 0.5493986890419732 0.5855620336974909 0.6537164835920484
98 980 0.0032962100250077332 0.6601158017205216 0.2888067928053486 0.2888067928053486 0.39287166195287615 0.4114288783979696 0.4442184330564417 0.45872998239153856 0.4897751019846301 0.5343743646998086 0.5499990643503782 0.5843360441010849 0.6601158017205216
99 990 0.0030280804033502463 0.6470914889263114 0.2883370576253591 0.2883370576253591 0.3940518951346631 0.4027554026509883 0.4429869466314527 0.4525445384413879 0.4811216508331622 0.5258738692875476 0.5338621764984439 0.5836378767387114 0.6470914889263114
100 1000 0.002787451412832273 0.6206972705268929 0.277448145683347 0.277448145683347 0.3934237344589323 0.4084416079864313 0.4381725208504337 0.4569098541893387 0.47816893569682367 0.5167406487723775 0.5335293137091808 0.5744193214026144 0.6206972705268929
101 1010 0.002517534804898424 0.6148080085348135 0.2728650827494183 0.2728650827494183 0.38452047741842554 0.4094905028313744 0.43721564691363657 0.45286984551597964 0.4790478674516588 0.5128394941347627 0.5362891127921646 0.5593075631128627 0.6148080085348135
102 1020 0.002197444823808647 0.6172414758960728 0.26738646486018125 0.26738646486018125 0.3798744421524016 0.4097799270591132 0.423442098248105 0.44050302241824096 0.4738265521548315 0.5149108783744737 0.5313571645829094 0.5673290357952734 0.6172414758960728
103 1030 0.0021273026585649224 0.5947181285523235 0.26340759887163073 0.26340759887163073 0.37619535573542184 0.39842157675670753 0.42171816144987667 0.44508180099867545 0.4641140316371618 0.5081892823699136 0.52819530030255 0.5643220924811805 0.5947181285523235
104 1040 0.002078088754416132 0.5861275717854452 0.2685064164533944 0.2685064164533944 0.37690567474909703 0.39381856305598933 0.41610561343193003 0.4461607999629561 0.4536447409992532 0.5062811077866517 0.5232455126438021 0.5572423287437617 0.5861275717854452
