% # columns="iteration, evaluation, sigma, axis ratio, bestever, best, median, worst objective function value, further objective values of best", seed=977930, Wed Mar 11 16:01:23 2020, <python>{}</python>
1 10 0.19018761233951328 1.0000450010125153 2.7074770392532925 2.7074770392532925e+00 3.270613505368415 3.631180067930232   
2 20 0.1917862167515291 1.1534040640616772 2.7074770392532925 2.8071140291507164e+00 3.0121178328173785 3.251167488805459   
3 30 0.20363254530726363 1.3028507098642206 2.311124865827609 2.3111248658276091e+00 2.871746917041245 2.9963259838475165   
4 40 0.2146272711080634 1.424344847530684 2.1034835738951343 2.1034835738951343e+00 2.5041359847088493 2.9278768761908536   
5 50 0.24413184158389326 1.5141166662542276 1.8063401961925922 1.8063401961925922e+00 2.1592572024376766 2.5984446852968945   
6 60 0.26925038979870003 1.6775074883078174 1.706808203635718 1.7068082036357179e+00 1.9569884615995286 2.6167779020065502   
7 70 0.29170306122705697 1.8121029518609901 1.499511069276557 1.4995110692765570e+00 1.933102807240664 2.8003073840765578   
8 80 0.3024238864631166 1.8920445460584658 1.2952798607205003 1.2952798607205003e+00 1.8162736804021136 2.1105424388627894   
9 90 0.32404055772243423 2.0162937053321857 1.0307192230033015 1.0307192230033015e+00 1.4689109316843443 1.9954695024568225   
10 100 0.3443177253550967 2.0739572317675723 0.7131106673096649 7.1311066730966488e-01 1.3275149035213802 1.6410619288611181   
11 110 0.39543100065333153 2.171378427000564 0.4822820248539426 4.8228202485394261e-01 1.0353426844295106 1.467783030990401   
12 120 0.43644980566764674 2.3154588287017455 0.32868899938384677 3.2868899938384677e-01 0.8098441443139254 1.1745210604481766   
13 130 0.45296512569261516 2.4899308358690244 0.31523027117718594 3.1523027117718594e-01 0.6044335742109188 0.8451975914583552   
14 140 0.4333271449244756 2.5702136050596547 0.2596563480100899 2.5965634801008991e-01 0.5121182821443997 1.0822349193326724   
15 150 0.42356424115845853 2.5515211478944058 0.2596563480100899 2.7301885086523575e-01 0.4924413219298525 1.0577572385614273   
16 160 0.4167073329785686 2.6393582584685373 0.14068433099740602 1.4068433099740602e-01 0.31096474031388405 0.8867180675254237   
17 170 0.39840350610610437 2.651132427120359 0.12931521435029858 1.2931521435029858e-01 0.3948979852959998 0.826200373320793   
18 180 0.3868742665798229 2.6818674799777344 0.033553550517863094 3.3553550517863094e-02 0.18568565364845677 0.425859623972767   
19 190 0.37546691235823654 2.616138750402084 0.033553550517863094 5.2406814356520545e-02 0.19507634456120324 0.3948390996547333   
20 200 0.34566937270996945 2.4742060073674996 0.033553550517863094 4.4015922725002841e-02 0.27007568462971565 0.41583505879664556   
21 210 0.34300389358807476 2.4597843106511936 0.033553550517863094 5.7638631132551438e-02 0.15842969452596595 0.3505003342302873   
22 220 0.3600828531004855 2.412952275042983 0.023498335203464366 2.3498335203464366e-02 0.11328129354357 0.4701433812752106   
23 230 0.36620027959874646 2.370382994952028 0.023498335203464366 3.5655631023542689e-02 0.09685222412827012 0.1572923340817864   
24 240 0.324894782523357 2.4022681821425245 0.023498335203464366 3.0601650244862014e-02 0.11453667967244989 0.41259255085154123   
25 250 0.31802666941401647 2.4753185922873504 0.017628764718318646 1.7628764718318646e-02 0.10156684966835978 0.19902270231465924   
26 260 0.2881226546449861 2.6182083750125504 -0.00018724373851561164 -1.8724373851561164e-04 0.0746748355301901 0.2184708531974017   
27 270 0.2704786846195717 2.684674914141263 -0.00020769915404090817 -2.0769915404090817e-04 0.04891395118691859 0.15077638559312556   
28 280 0.25255490897293587 2.7410507981164596 -0.00020769915404090817 -1.2911691076562451e-04 0.03515875919448871 0.07989370480561822   
29 290 0.23940022321778154 2.8124184736752547 -0.00020769915404090817 1.5898746272537862e-02 0.037519091591145665 0.08495754217514237   
30 300 0.219636021452377 2.8087591693247096 -0.00020769915404090817 1.8033881132873807e-02 0.029390992114596184 0.06364611136315622   
31 310 0.20534391432858465 2.797282138394466 -0.00020769915404090817 1.3712228669189563e-02 0.027846367687275237 0.0656562748056158   
32 320 0.1900084091147794 2.8288609815379977 -0.00020769915404090817 1.3472951996292837e-03 0.024870718580169704 0.06697413744664363   
33 330 0.17951862602864116 2.7222630827498993 -0.00020769915404090817 1.7695080619787218e-03 0.032376310037452366 0.0728439425974963   
34 340 0.175308189270951 2.7115574409925607 -0.00020769915404090817 2.9835018422983417e-03 0.01970842428041052 0.027476266045406317   
35 350 0.1706251691402352 2.837339285730133 -0.00038573312127572154 -3.8573312127572154e-04 -3.043341825097298e-05 0.044598690034767415   
36 360 0.16555195816684243 2.934753032827573 -0.00038573312127572154 -7.4980046887812267e-05 0.02114935392268813 0.04622718479250544   
37 370 0.15897566991804749 2.8973543290355166 -0.00038573312127572154 -8.5658990754118719e-05 0.0134411551301587 0.03792829378134308   
38 380 0.1423031939086304 3.0020372639426114 -0.00038573312127572154 2.1302640791956984e-03 0.014741899110698703 0.023716454766830875   
39 390 0.12954993979459747 2.9987043022047617 -0.00038573312127572154 -8.4140975754831024e-05 0.006069614901850484 0.03362906711361595   
40 400 0.11811104694258373 3.058109230428148 -0.00038573312127572154 -9.1301200675491211e-05 0.00213393601158147 0.020155097285614265   
41 410 0.11083541812823113 3.1910855957321616 -0.00038573312127572154 -2.8370642241422523e-04 0.0018156280330639684 0.027283769825479812   
42 420 0.10386544767563578 3.179371142541217 -0.00038573312127572154 -1.3949597614342754e-04 0.004385392823834489 0.02590628660234534   
