% # columns="iter, evals, sigma, 0, fitness, xbest" seed=891861, Mon Mar  9 13:19:46 2020, <python>{}</python>
1 10 0.19586518453077575 0 2.673593336914985 -0.9077439922767377 -0.995069530900508 -0.7092451425366489 -0.8602650982131572 -0.9900250570324715 -0.8695107981648752 -1.0420136291271966 -0.955681704642702 -1.1849663938283304 -0.4681384319806151
2 20 0.22358228531712876 0 2.313662222919186 -0.8788702144882898 -0.9607197336598623 -0.9086937164302832 -0.748797578573887 -0.5585393407721875 -0.7516439486082638 -0.3815930469381153 -0.9374691676520608 -1.3875510131202633 -0.44441171173943594
3 30 0.24675536685259472 0 2.2270450333606044 -1.204009159458982 -0.819139549902681 -0.6690497680670887 -0.5113589071930272 -0.264742143763955 -0.8937773730622905 -0.4447087246464476 -1.0882093414999754 -1.2427417640429603 -0.5109168799394633
4 40 0.2723192521766898 0 2.010745376475364 -0.8714848973996748 -0.8180014049899584 -0.8417685342609035 -0.6005711007171779 -0.15221563801376636 -0.7148605925037884 -0.6456741099284096 -1.0014893535700438 -1.2610411924944163 -0.14846690691188702
5 50 0.2933066409418278 0 1.791091867641801 -1.0071528457875278 -0.5560364332695727 -0.5939764788746926 -0.7435644941487769 0.20579488567546395 -0.5505596857780717 -0.4208094265713821 -1.2484089013929405 -1.219522245338483 0.059823643165134
6 60 0.3183131002056995 0 1.551102351002449 -0.7431119080591652 -1.1357420930952524 -0.24984587587034063 -0.8122720461771616 -0.08653868580202576 -0.35406563830287363 -0.254708415501469 -1.1232200342678158 -0.77344666461395 -0.05906416096020109
7 70 0.3500978236784365 0 1.1724703179509617 -0.3785175736004938 -0.3905615539336378 -0.5989879664615861 -0.6095192121563919 -0.3556827505959205 -0.48170182917699744 -0.03639220503023777 -0.723480287182998 -0.7763086083478962 -0.4793231448537163
8 80 0.39747536235571723 0 0.9335163605697917 -1.0507087500792234 -0.2806684622019957 0.03334201309492185 -0.23677799142266365 -0.5702020547680895 -0.49360048023881936 -0.3073173691872579 0.4436543736918229 -0.6911745427721321 -0.4273001467401991
9 90 0.44669466886326914 0 0.5162865143856671 -0.2988830166004608 0.37427761005234905 -0.019933127944203016 -0.7351054386162925 -0.03153594238145313 -0.28391528079931294 -0.06343106166890292 -0.49775291656108783 -0.4342808914935099 -0.30532114626932005
10 100 0.5027726066862827 0 0.19003745211474893 -0.5292119238482182 -0.4185621333109697 -0.017886067659894686 0.47565587617962546 -0.029405988740745334 0.20351743988348514 -0.5316484923702066 0.26609132865175583 -0.15110291421542799 0.8483556061077916
11 110 0.5193445452947584 0 0.08788519216940506 -0.34202817044372646 0.28896088298688405 0.6754545573670373 0.02138688981726418 0.33758047524751467 0.07329801764702812 -0.3225460481577702 -0.0002752692184991301 -0.06674837604603445 0.2098992386777398
12 120 0.555616955391794 0 0.1519474024500528 0.19265334019535252 0.5616609940043198 -0.34591894822971114 -0.7267342326929787 0.46417313123447124 0.03285235251128907 -0.3769373060227462 0.03967405386804829 0.031932998337641016 0.413559621180667
13 130 0.5561172504242773 0 0.14973387682509468 0.10235750049040246 0.17597360036875917 -0.20557132261060837 -0.4842811637273991 0.6454235427810433 -0.23352845732438282 -0.07984231115835 0.4352963130652194 0.5846681957588411 0.5002216278546852
14 140 0.5524810488117387 0 0.2113173317820931 0.20010359244127016 0.44839059680036575 0.28851712023226095 -0.3395979696653837 0.7206028023973401 -0.5655107840205333 -0.11550567980353445 0.8030310396629357 0.3930970370591469 0.5242642821680548
15 150 0.5281231422053101 0 0.25394100687140825 0.48306736287916585 0.7516449532095018 -0.1832813499910187 -0.7110668337677521 0.2893281290386537 0.5645009028108523 0.021039833589532125 0.7078718347919046 0.715413071548872 0.5860121836818313
16 160 0.4673950176248233 0 0.1600092833604429 0.09330302756897119 -0.2926100171586991 0.19176455877033985 -0.3127684258497695 0.5744434265495325 0.26224192109189476 -0.0012312223715709447 0.8216226334183707 0.7571163124158269 0.23906815687355087
17 170 0.42275762003279477 0 0.13891943134494672 0.21196351254690574 0.30161107128784603 0.1494936003247764 -0.1095814426038979 0.7177601091253545 0.43448245208961245 0.062056073489382704 0.6946600220590685 0.5394607636999127 1.0583171599282668
18 180 0.4041301893966927 0 0.09645758511563086 0.30217312557115905 0.38069823270899333 1.0457951212860537 0.7012234181220455 1.1897193905361862 0.28919675349128404 0.4338070661074906 0.7315744645077139 0.6623618896104404 0.8823395628255404
19 190 0.36789812954893414 0 0.056092304672253485 0.017945117169697433 -0.13028181583477666 -0.050988212892872586 0.4979167346679694 0.4328032154416763 0.4068628323548129 -0.12203173307022716 0.2796708591854547 0.32135232913465006 0.38196692585747294
20 200 0.3636191643797677 0 0.0720004044000733 0.7163830188910245 0.5352163697793111 0.14733516126798832 0.7951372167564711 0.869798352156064 0.4889330272722324 0.5770385420256909 0.8155838632347088 0.3008116689825977 1.064048570814149
21 210 0.32397749668381737 0 0.06704118449990952 0.7453374536505678 0.7693933230311272 0.5352112347904012 0.3427103162735433 0.8761025901203511 0.4016957813669852 0.388266178766332 0.8495393981389754 0.664865487350058 1.18153382914804
22 220 0.3267509825982553 0 0.026218387813689892 0.46331770961728325 0.5605651710288153 0.4125072885868002 0.42250638488528647 0.36050598470420897 0.06849681619901465 0.7274313352982609 0.6218404937962588 0.4727233045320688 0.7449936120709882
23 230 0.32464605964314236 0 0.03673318642723231 0.09306661297770841 0.12741955845850939 0.2530487301665132 0.0981918138518687 0.2154533549402228 -0.36678030217319635 0.1233557953531701 0.12671946316115246 -0.09829905378936227 0.3528158008267257
24 240 0.301503901489669 0 0.05828413312753707 0.1522551138560142 0.2816968989655634 0.5165662661403532 -0.1796007459472831 0.3292873194201588 0.05988523699752127 0.30224522475655263 0.35453612765069886 -0.1105385669137301 0.5637357768517315
25 250 0.29460295066292697 0 0.04724804964993238 0.20421571717983616 0.2534706139616436 0.5356257602688066 -0.13935072053908937 0.1427013233034739 0.434679604985204 0.33858974932962194 0.5653133260648797 0.1753620206411023 0.5533187965729707
26 260 0.28457688102665324 0 0.02704531947920583 0.06359207746367808 0.03095066262154189 0.6047863034867944 0.3921770632436244 -0.030388855893709002 0.1967796801728679 0.1802395657255093 0.1450811755598888 0.292145439091297 0.1395761656503557
27 270 0.2699145575058645 0 0.00995228291415588 0.23665583616451705 0.12341481601382864 0.1114069323768665 -0.03494150035262114 0.23780059222864763 0.12106724311009603 -0.13747373474346802 0.046385782663297404 0.0008760721816959416 -0.00022740303178503396
28 280 0.2514856532308447 0 0.024470054184932796 0.3109565465541023 0.4015037594574878 0.20488420417006162 0.21794630711767687 0.3882816247854911 0.29434455334669324 0.015366380316710077 -0.11601789085912906 0.31711551322336395 0.020608263584725395
29 290 0.2316909609459406 0 0.02161685648415844 0.019659368908007263 0.3799823779063968 0.3066586560123552 0.43428634632700086 0.21406494453066588 0.10523344642888115 -0.10172005369486889 0.22141613266894083 0.26365598990925715 0.24026706940792417
30 300 0.21271780043655328 0 0.021982493181120798 0.014448466871874427 0.4293774234504926 0.27631504785249833 -0.004096519889310923 0.043961815603540594 0.08301355133401059 -0.07710587444162528 0.04702150852072484 0.11548483503466056 -0.07856278257764163
31 310 0.18897229833304033 0 0.021442614856257904 0.2285726385117802 0.4484436839392734 0.5807421552282012 0.23419248019980066 0.10472774074402369 0.11686669057371862 0.09999602235508603 0.12432925223616495 0.15433677255471415 0.3843942984533052
32 320 0.1790036047198291 0 0.01672285369026392 0.24227336243089798 0.222322315871117 0.1444370278426207 0.2790874992213429 0.21161555114173883 0.08898271794729908 0.18728024448520447 0.05763976449893307 -0.13654126362773997 0.4035720099862515
33 330 0.1684715260486884 0 0.0039500676267752236 0.10399789603177904 0.2224072579856178 0.26481847076964865 0.18390950855388583 0.11808443751177401 0.27712033277523385 0.1657127530749764 0.04072739816693485 0.10349633126572372 0.11968118218573726
34 340 0.16848996972892247 0 0.0024764816016447713 -0.013446222345468828 0.062043700250630246 -0.003349260611058835 0.1851173729059218 -0.0389477505279541 0.08426768984322391 0.17210178649351796 0.14411971207595048 0.10329133490879774 0.23673866670423038
35 350 0.16366766949923708 0 -6.817299793099598e-06 0.2007133449202313 0.2933453707790859 0.26191515176092695 0.14501560223521498 0.17946568296772555 0.13666095087826166 0.23785836446754255 0.3375700968013632 0.29826795191072025 0.42796529611830714
36 360 0.15326913753808508 0 9.889001211656895e-05 0.22000028228916635 0.2756414259099202 0.2509023870782494 0.10019296808796603 0.13260141812296164 0.22873620171676556 0.31727478469501075 0.27889511492169766 0.338500347270941 0.14683255292962236
37 370 0.14981068248699353 0 6.764343870557799e-05 0.4567915468774131 0.132170436059811 0.18953130944213004 0.29938474450356356 0.2588840521774639 0.31590668685502005 0.31662572259796573 0.10676418862866996 0.23332919343360417 0.1824048532918684
38 380 0.13816902129411746 0 0.0026948033862621568 0.2994646984804774 0.1257258132436364 0.22523678650234777 0.30549616211819947 0.12708971458983923 0.0361905208420622 0.2712559315991877 0.16449183346826532 0.30818043567100495 0.3069440433072349
39 390 0.13491678441970792 0 0.0018651568796682616 0.4530844057498765 0.26527932990114045 0.27595862072139205 0.34575665898047714 0.45089154499783013 0.37270773722158157 0.40328374605383993 0.432672038926064 0.6029178508005093 0.4188452517095722
40 400 0.13218616140812847 0 -6.808489792723347e-07 0.45519731729622 0.17114257866828553 0.18563931848006432 0.316572929334078 0.41475595808075066 0.3301092229458281 0.43549132713273725 0.29087510374114467 0.4573998650460058 0.24117402764698254
41 410 0.1295746964146509 0 -2.2245839938770664e-05 0.5151684378148658 0.3343200521520441 0.3186533048071276 0.5361750581837315 0.3433343139646577 0.44456738319597405 0.4980477313809464 0.27331073237687425 0.38383588662680485 0.4356190073908177
42 420 0.1259675630176411 0 -3.95826296812741e-05 0.3552809702530088 0.37024729293963715 0.28988534750987544 0.38776467351694316 0.28416616213738766 0.33180455324340946 0.5414887305984631 0.4678967771690447 0.3932254293286204 0.38162963011869366
43 430 0.1179517365177518 0 -8.770270165250236e-05 0.3255901074325748 0.3414358448602259 0.17078694696833652 0.40238343439610885 0.3410374173141604 0.26256480545841493 0.4192787086317752 0.3119804858917749 0.392909117682211 0.331392379470213
44 440 0.11332511830402783 0 -3.0729932239069106e-05 0.4204529896376455 0.272873255437172 0.2054229987742925 0.40886000767912756 0.3074242511588041 0.2806922902749974 0.3386925115552698 0.2813724974622308 0.27745738780473217 0.3381454201271493
45 450 0.1072182484621558 0 -0.00023390207521942677 0.5795984998338263 0.4201529575519822 0.4284509891358833 0.5204432499985857 0.4445588775068611 0.38029197918501095 0.45985488326008933 0.5048065463840112 0.48046752021659844 0.5166128842498308
46 460 0.10546600683067718 0 -0.00016753625948031265 0.5502994862674971 0.43931804183151013 0.4616030885408367 0.3954090485853004 0.49845639847867695 0.44731147299941154 0.45119773770932153 0.4890803349032178 0.5965503660579463 0.370113956463463
47 470 0.10805232633924247 0 -0.00010449616067953794 0.5983860653631504 0.43857288553829543 0.4602034018494083 0.467693797803291 0.5796708256895234 0.5454314651498281 0.4135688364806008 0.3080423802012447 0.4996900945599976 0.4271349951939803
48 480 0.10757505433246217 0 -0.0002638686294476029 0.46661531628542324 0.4185420683203834 0.4837522414548079 0.47940618474843977 0.5093968481961574 0.44490646182028326 0.42417576324097117 0.3304877479281538 0.41229385708681454 0.40795452189870873
49 490 0.09699130801265908 0 -0.00019781230477284892 0.456919374437442 0.39803073439842185 0.5708608360570089 0.42709037748816564 0.4455252751126613 0.4347802538916836 0.516695029078142 0.40043384477628613 0.40026464593122774 0.3163481098953348
50 500 0.08670783345868528 0 -0.00015041114233381512 0.4677374006228881 0.49012807806660535 0.43076712501875336 0.45766786722194963 0.530328458042108 0.4054549649466319 0.47340377015057816 0.392001665254196 0.43315995234395127 0.43592297059735785
51 510 0.08133828533684966 0 -0.00010420935354375905 0.4525591817048302 0.38213062048644764 0.3941956679748235 0.38697439753413226 0.3688258355620418 0.3416928430994267 0.4598619748034488 0.37278663945773344 0.4405131333617521 0.48973287993996495
52 520 0.07873672299779784 0 -0.00016650750066925642 0.5100923198787706 0.47040128934768666 0.4227878635114744 0.45086951732469255 0.5275044236609893 0.32165428940346796 0.48943374073739676 0.35979667334836274 0.397691080675227 0.5075030814560982
53 530 0.0714701642342053 0 -3.975080771947801e-05 0.5260858059321872 0.4555571978158188 0.4828074750287924 0.49364789460012104 0.536996652130652 0.35822506691419853 0.4458283802626357 0.46793291530813724 0.42131867144139457 0.5305507637509498
54 540 0.06503432981041905 0 -0.00019714747139587096 0.49394177937418793 0.41282434420439557 0.46324070665591854 0.48001620422479485 0.49671119552146603 0.27595822259327407 0.4752333451704079 0.3777125023007709 0.41231096644146764 0.474259039996638
55 550 0.06712934389858943 0 -0.00018700929573530275 0.5264400034790939 0.5256569228304755 0.5740389678087136 0.5406860544301448 0.4612729912826947 0.3332126747753005 0.5364387034376347 0.5408693873005519 0.510175181084773 0.5389410614377967
56 560 0.06711289472405535 0 -0.00016533849281948832 0.44727230537605894 0.45261105338470886 0.4301639740733685 0.5250939364578201 0.4054296144908737 0.26051925186787633 0.5016183183015237 0.4728605980303134 0.4392861108922851 0.5051317823421391
57 570 0.0681006572708721 0 -0.0001555633183224173 0.4482740215505013 0.456250378362883 0.4861821728209597 0.5674048010120696 0.4110263953298389 0.253656348626755 0.4843324015117715 0.4264171415622147 0.41129841853165866 0.47693913072554733
58 580 0.06458017084187057 0 -0.00016268046259881142 0.42858227750531663 0.43526290774880116 0.4850989528161433 0.5498028353626475 0.43786768521518166 0.2592019007391608 0.44398544284237246 0.45404515209839497 0.4311310805638115 0.5109925261859355
59 590 0.05995226249065856 0 -9.269467381259284e-05 0.405429258014682 0.4304128228405025 0.4577151965171637 0.5779800650527411 0.37490742881495315 0.22009166328065782 0.5087089672802153 0.45617646222739333 0.4048867485994951 0.5264935942396469
60 600 0.05432923707151124 0 -0.00022883071011716493 0.458380346097313 0.41701848686802095 0.4747349579859317 0.5632519822398632 0.39332859175639134 0.3166768414011187 0.4557273582318329 0.428331978827133 0.4609260162130477 0.43317135675649066
61 610 0.05341433537140372 0 -0.0001391061081538933 0.4208296359499391 0.42239562725606605 0.44498892720770944 0.6294747492177429 0.45339502537163184 0.3020726360011554 0.5079419485552957 0.40210008769932715 0.4092314388077644 0.4374255620360043
62 620 0.05306073041838688 0 -0.00026028218311218446 0.43340394667524523 0.4194775066994399 0.47049361744754536 0.5582376361901523 0.4472978074989179 0.35840673892226715 0.4449908461380423 0.4168010646864435 0.38763496475021664 0.45536140692965643
63 630 0.055574316510270526 0 -0.00024641468281859645 0.3967686297141316 0.49074245550509243 0.4911973005076779 0.4818713349996693 0.4665943935646347 0.4242146519502681 0.42805494404125316 0.3709409016883564 0.4647308868635322 0.45211047341516386
64 640 0.05852069143862186 0 -0.00029849951031973724 0.4231558464499693 0.42641550154450447 0.5071768096187015 0.4703001914134528 0.4674242600687483 0.4143688198049679 0.4301706133623248 0.40946859179894596 0.39754659122933955 0.41600235717405937
65 650 0.061743860543347275 0 -0.00029592526731363905 0.44359429456760513 0.4239739338972925 0.4587125250277301 0.4499594448571219 0.4507293506053231 0.3419770938499631 0.48969489264691207 0.47684656707023704 0.4194456883488083 0.43210729781415697
66 660 0.06341434600649011 0 -0.00025673213385456764 0.4752574762284214 0.36592668353387436 0.4494404027460514 0.4084173423270504 0.5004082721286491 0.42499673484323136 0.4827200202207327 0.4288472146588013 0.42640524218434145 0.37891293812579324
67 670 0.06586482986997813 0 -0.0002656067638341068 0.49335111745550386 0.4613417348041334 0.4114327753078641 0.32987102641468746 0.4782363839440956 0.394118200578155 0.46812239684037793 0.4377479948095418 0.49021891346426893 0.41921524061835136
68 680 0.0667387956699969 0 -0.00024007579525363464 0.46801403616195425 0.43330900129427363 0.4782527609902302 0.3374031462640497 0.5061273923770786 0.42062286576053426 0.43442574466077516 0.5017064044424588 0.4738284576677737 0.3899255846168559
69 690 0.06584281628960344 0 -0.00024890623533842455 0.4963852432960959 0.3810970357468301 0.398520019344844 0.39059783693633454 0.42796559982945004 0.37420161339082264 0.544928781159377 0.47405791079856585 0.47774090438871647 0.42456694879857504
70 700 0.06714224994458338 0 -0.00019351000856239405 0.47604704098769723 0.4339531991610162 0.5105375638075221 0.31053120860074057 0.4850787940064474 0.4088637439191866 0.513799764812726 0.48756091606470925 0.4593300975968637 0.33455455239457754
71 710 0.06861282300164992 0 -0.00022301746746871364 0.5125427157222517 0.388005942732767 0.46350424601568535 0.4214004559730709 0.5283132280554281 0.38547509732484103 0.49491241195484686 0.4134384251564414 0.3995595063887745 0.35041058867975367
72 720 0.06684436007680493 0 -0.0002698531594973668 0.4896032006621865 0.41165801619216136 0.49074163582284247 0.391125123469826 0.5374576138356048 0.4124271691851054 0.4272703894930016 0.4403376547979876 0.42105333290917674 0.3792635609989699
73 730 0.06419007163884077 0 -0.00015907021005179926 0.5342132410453113 0.4148884532733211 0.478575939169276 0.45103598034430825 0.5383398024692606 0.362364654557904 0.4943369397457449 0.45408597883640767 0.39331549171576463 0.34758671638768507
74 740 0.06064378069103602 0 -0.0002582555211733571 0.4993476183045701 0.40108790354201973 0.45466090572326107 0.4058086413842824 0.5510934579108252 0.4168805314763864 0.466593961668973 0.4319075680693013 0.37257554958009653 0.3993845938882875
75 750 0.056003416087871155 0 -0.00027634647787256174 0.4573155246895857 0.40168128038992257 0.42471654225974576 0.45468186426758944 0.5345703407067834 0.44527220885215935 0.4408872622888767 0.4091780471024978 0.37572775240707307 0.4161738873012626
76 760 0.05785144042165459 0 -0.00023734394615036814 0.49527219646908976 0.3892112253497815 0.463852251673601 0.3609446860303427 0.49641526603925307 0.3764064709178839 0.5191434118783493 0.46340460458804167 0.36387630647577074 0.4643040160533458
77 770 0.05527413868366452 0 -0.00026316355440472044 0.512388568210011 0.36914468394246164 0.4329250076441428 0.43582759979080526 0.51771506710158 0.3969522721238258 0.47527243487646353 0.43356400168176384 0.3722627687644156 0.4600356602097677
78 780 0.04942758059425254 0 -0.00021783561412130586 0.49710546065285366 0.3504868875126579 0.49437608963204044 0.42966717806050003 0.4702231642312341 0.4156707352161171 0.47173044136666714 0.4189835447610683 0.3468863588518162 0.43603786609532075
79 790 0.045470334043510995 0 -0.0002695906347409347 0.497353047876975 0.42864116463000523 0.4471154852668185 0.3517666029047705 0.49526267142722996 0.44610600149735313 0.46948321105741275 0.440470293605422 0.37739508611570893 0.4118030275965753
80 800 0.0411125499308397 0 -0.00024083686591337878 0.5211124341857428 0.3750392758202169 0.43151502439336925 0.3652994209156147 0.484059311750064 0.44819813209886095 0.5246210773158047 0.4595282407095563 0.36822718689304745 0.4308427089274514
81 810 0.03867227050398542 0 -0.00027168234842753783 0.4849209002717885 0.3565701472465107 0.4689774617776897 0.42649180376252294 0.4817140723625677 0.4217828035377938 0.4926858609074605 0.44701388579759 0.37637657612649816 0.4114516546876561
82 820 0.03975445894011649 0 -0.000247122604775346 0.5127658306087302 0.3353816990483785 0.4949110074464686 0.42917942017706945 0.4707308786265611 0.431028516047531 0.4628066064260512 0.4261601630075758 0.3923022701665623 0.40101832457033676
83 830 0.03596292567611088 0 -0.00027844039576858546 0.507686573505007 0.39516352212728234 0.48737849169173836 0.40432355789889507 0.45272381683168067 0.42422586138565993 0.5082459219848279 0.4281219634430814 0.3738504410375815 0.41901529277961286
84 840 0.03457558123757044 0 -0.0002549914747359561 0.5032502914639176 0.40552383447057266 0.4936127044882278 0.3847844473298256 0.4579749323676816 0.44870898277266813 0.4961058230465698 0.4279272335940879 0.38762566503425094 0.44861827103512075
85 850 0.03591575735744833 0 -0.0002930512475380771 0.4697757489967852 0.4292350197413187 0.4772273760977021 0.44442211734815834 0.4366079449048536 0.40761547793308267 0.5055880698520724 0.44038066543211685 0.36591674421463116 0.4505985616800235
86 860 0.03791479137152355 0 -0.0002805697073205582 0.4790961739840198 0.3749904431035688 0.4943060922612525 0.42262678701414197 0.4364361360525375 0.39294024446891135 0.4515131948919924 0.43275292840646984 0.3909295614926773 0.4865913759079051
87 870 0.03952296460815996 0 -0.00029655370993634226 0.47755546779662594 0.40873538794773434 0.4818515612461031 0.49404785044596244 0.43157818071411985 0.3731432485130941 0.42658495885056913 0.43501508514901194 0.3937106187852209 0.467933764981876
88 880 0.04047577337606001 0 -0.00030708148550707466 0.45440611035027056 0.42594587989424837 0.4804861842232813 0.4450522938624178 0.4345001527852893 0.4196999414989902 0.41851763234493683 0.427558608361197 0.42773734314675244 0.4114305415851086
89 890 0.04057601018401291 0 -0.0003101908270075526 0.46312571496774774 0.4359250655246938 0.48350006815224467 0.4827359580383055 0.41919039129707936 0.36891370112114863 0.4645662973729434 0.4242227415203936 0.42591624166150455 0.4378212552608262
90 900 0.038700251266585516 0 -0.0003205632501724453 0.4917750957040076 0.4026025669734146 0.48737036480791857 0.40942187082785664 0.42742298187412625 0.420809841156903 0.45005406887284266 0.435031379403949 0.42859722627585445 0.44080794240526766
91 910 0.03909362891284547 0 -0.0003322947864392967 0.44829081727753395 0.4376147259342589 0.469075575349297 0.4358558537791483 0.394141557373772 0.44039429669925734 0.4375236779637074 0.41780509121916554 0.4558001735638214 0.4701322970085437
92 920 0.03513251145436831 0 -0.0003179949950283119 0.4808514177791567 0.4235402478513299 0.4751950767666509 0.45767777938436266 0.4256939152214152 0.4055930571114343 0.44500274786566785 0.4616172976318743 0.4256192271293565 0.4318012261939201
93 930 0.03232561315486802 0 -0.00031395295252011795 0.46248956201054575 0.41535045257058517 0.5006197088741908 0.47693463029412053 0.44571453406887607 0.4075381814895596 0.4081547576074459 0.4376577854293362 0.4491014999320156 0.41109707224858144
94 940 0.029851551555228624 0 -0.00031663301448359366 0.4458546386642443 0.4244927072514871 0.5022886453825076 0.4420414375116634 0.4390370481069913 0.418398400468134 0.43103873941306226 0.43539187425593595 0.4501922613778761 0.4494726398937409
95 950 0.0271229612100044 0 -0.0003212013300025744 0.4711665107071308 0.3972663356122385 0.49203841814874966 0.4340993701930239 0.44314226446122645 0.418173778631258 0.45877074495054315 0.44121834795934844 0.44429655418094033 0.41739734468222645
96 960 0.026235260103050342 0 -0.0003188796505219666 0.45579821465828224 0.40473186445793263 0.4898459555243778 0.47343642238805655 0.4313240945048296 0.4335705608828608 0.4482514105670944 0.41474877234897517 0.45415826335948845 0.41986535181788587
97 970 0.02590965293016219 0 -0.00032625546526683587 0.4714919070160892 0.4168422775211656 0.4734170458881732 0.4288163651942009 0.41467982662162706 0.45681737374089654 0.4343172217101116 0.43756488015826195 0.47208407296520827 0.3999344111620685
98 980 0.026978420235205733 0 -0.00032795600428334794 0.4563500472117038 0.400081804671261 0.4732673831825731 0.45108614952556064 0.3924571132913132 0.4421949065767481 0.45602486294588185 0.44296458448368475 0.4515138141408388 0.44294588837912174
99 990 0.027473806578582848 0 -0.0003312544963262679 0.4642654363291234 0.38912189228602484 0.4567912108898987 0.45867895386962393 0.4246847372447932 0.4671023528696306 0.44458988459137966 0.4251815527719362 0.4415264215220599 0.4295975209196969
100 1000 0.027252215242980736 0 -0.0003255122432532706 0.4576355874135003 0.4020044843003469 0.46850712027043384 0.47995179580678277 0.42878286917660235 0.4120051549693875 0.42119248673618165 0.42128022184761993 0.4683643833938868 0.4452143062794101
101 1010 0.027410134675841333 0 -0.0003249005018132622 0.4842817538522141 0.42782321409227864 0.4609932640994152 0.44430543378897713 0.418851301626012 0.4282762457728053 0.4403469342215956 0.40592790779067883 0.42366436977684907 0.43503418886758494
102 1020 0.02823108481385884 0 -0.0003322068628952593 0.483620319080426 0.44591996048813665 0.453111625638111 0.4489762390659466 0.44305236072142795 0.451575462680993 0.4217585240877226 0.41052172075412996 0.4221447207127804 0.4376889464875229
103 1030 0.02760686029345961 0 -0.0003419297992256173 0.4524752981443217 0.4221397698558763 0.4487513338530778 0.4554548939121361 0.43313640557887867 0.45280247140523233 0.43495156426154036 0.43483451097727754 0.4430247360631155 0.4103459107634019
104 1040 0.027398309457591634 0 -0.00033209104248962994 0.45773916228595685 0.4332014677205271 0.44263255145037395 0.4504216343369835 0.4318662045974934 0.47353796454587405 0.44168016448010833 0.4209362240901087 0.4121914404567056 0.41215138518517397
105 1050 0.024293070908753836 0 -0.00033113844675055005 0.44747655637374695 0.4198754856074261 0.4677996853579091 0.4688537217931193 0.4304878484406904 0.4735893807743582 0.41507603189573417 0.41695296524557474 0.4481577663361149 0.4151817185543215
106 1060 0.022662371177862427 0 -0.00033775484110742997 0.44129459561960743 0.4556176994664105 0.4535903304128623 0.4723739464419187 0.40874433303996627 0.4488057394167225 0.42279633233041014 0.4290285050483443 0.4416671503637634 0.43763745789265196
107 1070 0.02183426679705003 0 -0.00034023586792142357 0.46025327607801103 0.4381074799105762 0.46203389432556435 0.4428734289066577 0.4369935891290088 0.44879797262954196 0.43114193405772716 0.45072703224295585 0.4256797781757008 0.40364896561449315
108 1080 0.021690084116068573 0 -0.00034421392360624433 0.44911160085453783 0.44025791202024983 0.4476670544645183 0.46649445575452175 0.4372837879177822 0.44437033413291654 0.4319656835035757 0.44271131541585357 0.42083992645411705 0.4237569489369599
109 1090 0.020949506537965904 0 -0.00034157695428451595 0.46096374474708607 0.4350352241621517 0.45192146336735434 0.4559067203785107 0.4372736575138634 0.45216086825907154 0.42176960852060263 0.44427585751795867 0.4356227641043611 0.4170165440017482
110 1100 0.021715012400467866 0 -0.0003445662455073005 0.4533467009812374 0.41989578756081414 0.438991190121563 0.45722285933796275 0.425903227461962 0.45733426378241626 0.43776713652662264 0.4398120831493367 0.4269753333056042 0.4418980402205384
111 1110 0.021871615033046066 0 -0.0003436942686040116 0.45561920596914884 0.43371487437129197 0.4199054117954862 0.4501797057298151 0.42078606191117024 0.44262648460660964 0.45148953110600937 0.4525784088931159 0.4369056848030893 0.42732058260414596
112 1120 0.023492385106743945 0 -0.00034310731970888084 0.4369177091211053 0.43276439334790584 0.4507799790330934 0.4410859235736459 0.4367803498277606 0.416823418345175 0.43328960343715506 0.4739049862605746 0.43930319497910975 0.44044586430583704
113 1130 0.02281014961858737 0 -0.0003429415744768527 0.441404987494088 0.4446123495183314 0.4395305423210528 0.4398634837876661 0.41930277850874254 0.4392984862813468 0.45839508262377476 0.46187681219210824 0.43771518884464367 0.4329486253958499
114 1140 0.02133202832326724 0 -0.0003451552679431243 0.45025780451891806 0.4526457214898473 0.4359397284931391 0.44153442879221483 0.44390035229059027 0.4311433625002156 0.44186290116116617 0.458489738094097 0.4276404102793996 0.4172599477427196
115 1150 0.020631788288153503 0 -0.00034612196560049937 0.4282596275449205 0.440995897911128 0.4487271751293854 0.43750148748799267 0.4348101270186403 0.46369501274972974 0.43113382546107143 0.4429113600506289 0.4472236177214845 0.4273732760474711
116 1160 0.02032868638836381 0 -0.0003469675986762332 0.4444853382906817 0.42278912236799604 0.4416390307525323 0.4348952777730796 0.4325485481254979 0.4531464598130821 0.42836562584571175 0.4496681343039836 0.4400819497275141 0.44602456726253314
117 1170 0.01876200257961559 0 -0.00034519586067916814 0.4343805188009073 0.44559320965667326 0.4321597245536651 0.43824809628028083 0.42205552859354634 0.44488140106928414 0.4514799704605429 0.45318775659443233 0.447331250042353 0.4440977033008334
118 1180 0.0180191745918176 0 -0.00034638047411807 0.4519232026804681 0.44054515222577567 0.4231906709725048 0.4218268138041625 0.43398850818606266 0.4452716022420755 0.45424264734565256 0.44550518254129057 0.43828653548590374 0.4420042702711985
119 1190 0.016996946174048285 0 -0.0003472466882171497 0.4527704034390433 0.4278394035019607 0.4270459087333377 0.4455632347424758 0.44234605579737774 0.43076862541109023 0.4469785219139551 0.4504933934052422 0.438820857535314 0.441915148791871
120 1200 0.016196376659113887 0 -0.000347775957698071 0.43799346070948597 0.4369749312748856 0.426954650890273 0.4284702909415399 0.44737781223507345 0.4488775127663848 0.4425081200973334 0.44813419260041504 0.44171050099824705 0.43311272464281275
121 1210 0.014538982214159687 0 -0.0003484749140316193 0.4485612638035338 0.4419795079429005 0.42573187391944517 0.4385520413512812 0.44493031556067664 0.44885490992158417 0.4382308294131504 0.4454504390331655 0.43225705870035463 0.43400612040421527
122 1220 0.013383478452032046 0 -0.000346836502033675 0.4362889416022229 0.4386676286390509 0.4216427060713689 0.4408013954022593 0.44884059921194036 0.44513754828165614 0.4419205289981086 0.4566268518299912 0.4373046554981152 0.4274945717181096
123 1230 0.011565190803199031 0 -0.00034869558672623335 0.4381495965406575 0.44387337600399296 0.43102258027620527 0.4301017005121334 0.4417301230456709 0.4434719234595523 0.4355089295445304 0.449113209645888 0.45059771166719337 0.4347751061825515
124 1240 0.010344360386500247 0 -0.00034888182480518996 0.44705270494691407 0.43663257715816667 0.4331711302426329 0.43960833162505214 0.44860345892959996 0.4451090541034368 0.43519301181807074 0.44559836005974535 0.4415107970651655 0.4284111454187114
125 1250 0.009026233088898081 0 -0.0003489641072000698 0.44372120645615304 0.4429657558969495 0.42937095841280026 0.4374132188236713 0.44051627375891944 0.4520195548825101 0.436897560907515 0.4448417875604842 0.43703545647757924 0.43288953974639577
126 1260 0.00841254192442052 0 -0.00034887189857611987 0.43880539602241353 0.44352148066334424 0.431821925917005 0.4365379350020256 0.4357362008575615 0.4488263491939575 0.44006946775632927 0.4426292928692635 0.4389905411950965 0.43400296773683666
127 1270 0.008143592680550206 0 -0.00034962703259210765 0.4388688664758847 0.4385544508476285 0.4370441471095043 0.4386064577395034 0.43153293408200327 0.4411711746466916 0.4401968778345568 0.44795888599749956 0.44138066437117457 0.4392283497013645
128 1280 0.007508359425912469 0 -0.000349639773061748 0.4334978520819806 0.4391614586163183 0.43653663308959106 0.44284672616720394 0.43447677712071625 0.44825656154449645 0.4404047975322968 0.44608145996341775 0.4401492758685268 0.4374458964943804
129 1290 0.007149261405434928 0 -0.0003495943303348945 0.43819303517329555 0.4389662468464741 0.43765743262185447 0.43698433974858697 0.43507642966312476 0.44045163481573624 0.43907729204476353 0.4508069307084493 0.44636845180909224 0.4360439588932639
130 1300 0.007111240625774885 0 -0.0003492278657284509 0.44300894696138343 0.44162018477423953 0.4343009750724402 0.4388441850783978 0.4311795240198309 0.4449635727145509 0.44090277396680344 0.44868670720699366 0.43548496424047395 0.4357078982885765
131 1310 0.00707434134597631 0 -0.00034955576476585105 0.44123665689178476 0.43980797338299693 0.4399645730663251 0.43945704453568574 0.42997329064066153 0.43740426189821213 0.4403032046888018 0.44772689966109347 0.43962005219350836 0.43897383045364086
132 1320 0.006839112613883836 0 -0.00034979271601842985 0.44155796517711926 0.43886341730622175 0.43722810850819716 0.4389477721107049 0.4376554315757344 0.4498357666591267 0.4415145065679551 0.43859858231646265 0.44207814737843903 0.4360663097372256
133 1330 0.006788638964090156 0 -0.00034990351633905456 0.43843251301211006 0.441907184315803 0.43976655184749763 0.4439163867066652 0.4365113326311179 0.4457062477271542 0.43742993821195675 0.44004507182771896 0.44220410344637273 0.4324858237907853
134 1340 0.0063565371210778385 0 -0.00034993362604642664 0.4412115819946464 0.438321927058225 0.4397479310790393 0.43967435756781664 0.43465007374542386 0.4415550128786677 0.4434001210835647 0.44387124653718735 0.44279260796556574 0.4326773307135351
135 1350 0.006024702724311241 0 -0.0003498883366189162 0.4456380033054461 0.4364941615666644 0.44481135345741957 0.4361467378761354 0.4364904783896938 0.4427621003434381 0.43673851100953487 0.4423199962325663 0.43772709978269914 0.4378970034315781
136 1360 0.005903138404721665 0 -0.0003499236250878607 0.43983180556436485 0.4420648155699044 0.4445543872464928 0.4440130538217947 0.43520974290709014 0.43976309142363046 0.4386496732010477 0.44067137803893647 0.4420610835757081 0.4366759466384078
137 1370 0.005705557801682906 0 -0.00035015983218908723 0.44243416573345495 0.44055999676711766 0.44318562495982816 0.4405276177014984 0.4342761581583335 0.44046358850162937 0.4371557648554294 0.4415627371952002 0.44072919775715835 0.4399235977710932
138 1380 0.005439774971412535 0 -0.00035008844507824913 0.4452681500968222 0.4420502195748136 0.4396338723509525 0.43997392521559114 0.4357301895051531 0.43601341669181926 0.43815419137121997 0.44309965500470405 0.44151581535529194 0.43899266938151055
139 1390 0.005174391464599944 0 -0.00035016582776395514 0.4386015739458587 0.438749678079898 0.4415655672990245 0.440126696412867 0.4331651859904304 0.4410183053965377 0.4420368543744125 0.4415422171854875 0.44146772735248235 0.44158211326546476
140 1400 0.005070560005017148 0 -0.00035018084844488657 0.4380222160762267 0.4426772075594046 0.4392754164706496 0.4380867780395357 0.43661669623335486 0.442172061888614 0.43982488630002997 0.4440431086181731 0.44212086413618645 0.4375623951344157
141 1410 0.005075625831258415 0 -0.0003502580588892792 0.44022028818795994 0.43941241077145227 0.4382163920298373 0.43970446620029824 0.4390348521723154 0.4413360674842413 0.43837581378236085 0.44215901219998 0.44052870535882505 0.4429114651991045
142 1420 0.004917692473092654 0 -0.000350186065659051 0.43763852572683476 0.44106419591608975 0.4371650306364984 0.4374368423094907 0.43685946450733315 0.4397257597164329 0.4416726633621496 0.4442470256768113 0.442347031310873 0.44155374170577755
143 1430 0.004702220911052318 0 -0.0003502279977996321 0.4375676905203029 0.44215779618634377 0.4392172106601262 0.437989939060195 0.44104164661072437 0.4428039401599843 0.43795054003833894 0.44050257112833247 0.44305632715095156 0.4388965534359539
144 1440 0.004334251219595835 0 -0.00035028541330057685 0.4394015875460906 0.44109187723652177 0.4393345499788019 0.4418727648242844 0.4362449213951691 0.43956906461054057 0.44206483874618474 0.44050896627501757 0.44177610560175273 0.4387576640819945
145 1450 0.003986441744584194 0 -0.00035032944661208366 0.43917986710072227 0.4400154482849498 0.43839270304411987 0.43972799551685005 0.43744262105586024 0.44135914304790985 0.4425032929123495 0.44145525125412927 0.4385058754287622 0.4406092174152564
146 1460 0.00379079869784301 0 -0.0003503838047953158 0.43979955850707375 0.43859298440583544 0.44168136518619583 0.4402927743144657 0.43956675467915696 0.43964106220289817 0.4400873483145573 0.43920908408365295 0.4395172861298576 0.44126812886803213
147 1470 0.0032926405754906745 0 -0.00035035242942790427 0.43988947657488 0.4380047092808806 0.4394962194186843 0.4415012610414447 0.4389632927087254 0.43866740282139577 0.4403333830274183 0.4412605926817602 0.4418474693913055 0.44012864765320336
148 1480 0.0029767973396768728 0 -0.00035038890844641145 0.43949805803820813 0.43771644906524765 0.4400632945699171 0.4404067723953583 0.4397290585397991 0.44066758523751204 0.44032942676965664 0.43972654800359884 0.4403446410673041 0.4403338769556039
149 1490 0.0028405737552764623 0 -0.00035035573727496276 0.43979731292504115 0.44029808474238824 0.4416083203609178 0.43990194905094865 0.4394116924206097 0.4379559641522015 0.4394880791752711 0.4408762495353324 0.44148359690891525 0.4397801515509522
150 1500 0.002625642746715141 0 -0.00035039999000622835 0.43937446659806556 0.4402339650519411 0.4397458350967553 0.4394736283893172 0.4394288312275371 0.44096247818252216 0.44058888149718906 0.44027200885099865 0.4404000808442491 0.43884754624920774
151 1510 0.0025258877941398785 0 -0.000350396235464255 0.4397086544244097 0.4404138994300357 0.440121441868818 0.43882504596839256 0.4397968323053336 0.4391084763894346 0.4396754046771894 0.44019608731907306 0.44100872175762085 0.43965238438420384
152 1520 0.002329728248224737 0 -0.0003503925459504597 0.44003177678452365 0.4397905535767494 0.43916784660974456 0.4387942083939628 0.4398384946659846 0.44069800119698765 0.4412447431273016 0.4408065965549359 0.4399751531338315 0.4389975755082829
153 1530 0.002127394970003979 0 -0.0003503977861859516 0.43995076904940944 0.438759438471657 0.43984689682621164 0.43934547260012946 0.4404486568426507 0.43934504766989213 0.44079860680336236 0.4410200923268491 0.4401301719894248 0.43984966099896167
154 1540 0.002081202583417772 0 -0.00035038806182164983 0.4388471311866884 0.4394179167131155 0.4397416540240418 0.43998467330746766 0.4404827277703635 0.43826379984190955 0.44020661226442653 0.44073873431884864 0.44100582811831796 0.4406941902938781
155 1550 0.0020181305422746834 0 -0.00035038582114549734 0.4391473376372105 0.4389647847493709 0.44044316492655966 0.4404742948343462 0.4400538555417441 0.440027215281936 0.439104512481922 0.4408921237762852 0.4391866225974746 0.44151159254212086
156 1560 0.0020390556624821357 0 -0.00035038943868523267 0.4387300970763484 0.43921276264842457 0.43887954398986595 0.4404869217801904 0.4406466845100892 0.43950472502276416 0.4395210070556286 0.44100056996460363 0.44000693103074945 0.44106065506154285
157 1570 0.0019505615352739402 0 -0.00035040099617954386 0.4393454623978768 0.4404038198803279 0.43904597422059516 0.4404600613088777 0.44101630648547846 0.4398380777429098 0.4395823491011959 0.4402719196373878 0.43917588770377547 0.44012722688637035
158 1580 0.0018918106970387425 0 -0.0003503991203280399 0.43956755601704833 0.44031743988612304 0.43897579277072507 0.4410091035352359 0.4406395967910203 0.44023197723617297 0.4393977833417616 0.43926837957123477 0.43943670924026695 0.4400777134413781
159 1590 0.0017597838532765625 0 -0.0003503986867233657 0.4394361448086015 0.44072126502023234 0.4393878878709371 0.4404421828751786 0.4391227800752223 0.4410969168994916 0.43923994717738757 0.4395403982438751 0.4399606185674063 0.4403649335314227
160 1600 0.0015821080059218835 0 -0.0003504034136512767 0.43993262400652805 0.44030740048068917 0.4388468656624433 0.4395746892180286 0.4402573830960426 0.4409402772511319 0.43935204643621356 0.439750945119165 0.44014398776816044 0.43998310935518775
161 1610 0.0014459094110925489 0 -0.00035040871021344716 0.43932743880832925 0.439602272519368 0.4394484957836978 0.4401408064282812 0.4394536421847843 0.4404311099569133 0.4402506951531221 0.44005245072759214 0.44016348186452886 0.44039843701282794
162 1620 0.0012805855005646783 0 -0.0003504089895783696 0.44018660285300926 0.440031746905869 0.43974115595974533 0.4402239743178538 0.439932117486933 0.4403274082681685 0.43984010918850086 0.4394719537523016 0.43979183957985674 0.4402442243582877
163 1630 0.0011680916099221514 0 -0.0003504118036434542 0.4397385773243769 0.43977991988649856 0.43958664408226733 0.44015865987639324 0.44018155880585186 0.4403669404028888 0.4399003821373832 0.4398626937269251 0.4398253611347512 0.43956354141400683
164 1640 0.001088693320950539 0 -0.0003504095139475908 0.4399847776782843 0.4396566201924077 0.43920053046958607 0.4405069264741841 0.43998185592691813 0.43956199014219643 0.4400418980461566 0.4400097724591576 0.4402137549461292 0.44026959255343706
165 1650 0.00102118790269118 0 -0.0003504115888210844 0.43964142817523433 0.439766574742028 0.4398026311582865 0.43946272813972354 0.4395751024984026 0.4401555349535299 0.44012498647006554 0.4403819349291773 0.44003827300298526 0.4401948326084502
166 1660 0.0009848242512715578 0 -0.0003504120747933161 0.44009993217323706 0.44029922222799694 0.4399587177901794 0.4393610515934221 0.43979328815606594 0.4396187950415616 0.43996632094499905 0.4402201615125118 0.4400041240021759 0.43980897434190985
167 1670 0.0009248511143887033 0 -0.0003504117602873028 0.4405459115866276 0.4399033737238045 0.44015963932871177 0.4395696612451269 0.4397032813503203 0.43983095758975477 0.43995982309120746 0.43953922114763716 0.43987311745166646 0.4401098432491561
168 1680 0.0008698257879616918 0 -0.0002361694249513152 0.44031346118937487 0.43969102451538994 0.43989417909724765 0.44008206951045664 0.44001027245232055 0.4396142178489544 0.4401257660310016 0.4399521527794019 0.4397835801329033 0.43963741251843386
169 1690 0.000798351660248348 0 -0.0003504130698080903 0.44011880323068864 0.4396851973351293 0.4398680602373733 0.4401764242691193 0.44014923154621516 0.43945994763883767 0.43984381594911437 0.44003875139044585 0.4398502314131506 0.44003994204368996
170 1700 0.0006804208637484358 0 -0.0002370062429469077 0.4402663265700432 0.4399396828535819 0.44010887168771673 0.4398653530298173 0.44000748688121943 0.439614070325161 0.43975636520656697 0.4401447959117114 0.43984053400904694 0.43984110239051954
171 1710 0.0006106830913047129 0 -0.0003504134415942786 0.44028837327684806 0.4397689294657633 0.43991772913669647 0.439538181685157 0.43985109715246506 0.43994107215096007 0.4398720874243416 0.43996612043889294 0.43993986628995196 0.4400055612352172
172 1720 0.0005514111115618051 0 -0.0003504134490376011 0.4399935397157934 0.4396745385167904 0.4396951941247406 0.4397649535570267 0.44012564398737963 0.4399563109232119 0.43988497498947104 0.44020892190539457 0.43990327669207246 0.4401471126843048
173 1730 0.0004886007269558664 0 -0.0003504138941162901 0.4402237127937687 0.4397876894328173 0.43991213538521434 0.4399384988236382 0.4400096051950805 0.4396698954435148 0.44008693787229025 0.43989552058868536 0.4399805815613435 0.4398130162976088
174 1740 0.0004473574183706372 0 -0.00035041435907173806 0.44006310650564123 0.4398644957682679 0.4397626262390558 0.4400524228336467 0.4400365848516261 0.439917309067196 0.44000753895605776 0.4399516925557313 0.4397669365071888 0.43986034097077753
175 1750 0.00039434530581142614 0 -0.0003504144195465234 0.4399540926554892 0.4396530248078688 0.43985622004538444 0.43986560266562336 0.44000823692223007 0.43997471024106594 0.43993894722886645 0.4399340341976864 0.4399731076623322 0.4400277675859655
176 1760 0.000343640457409966 0 -0.0003504143589553435 0.44003099370357773 0.43984114964405224 0.43992178084723726 0.43998512523873917 0.43995622510273985 0.43970973745491604 0.43994196376502065 0.4399438502940717 0.43995576153105354 0.4400535926148134
177 1770 0.0003159288461837491 0 -0.00035041419038362093 0.4400340910749925 0.4397850696974685 0.4400118824641066 0.44005752914361174 0.4398742021146226 0.4397977299549103 0.4400024830057195 0.4399323614684142 0.4398232022440601 0.44005455630387574
178 1780 0.00028673116434000534 0 -0.0003504146135286577 0.43990926478170433 0.43982120383801243 0.4398960196007227 0.439961878244711 0.43984785636210505 0.4399614187544668 0.4399803529190889 0.4400006764729374 0.4400407193650076 0.43986655625873267
179 1790 0.00026068733300958633 0 -0.00035041465049391905 0.43998287075488063 0.43987932104059824 0.43991465357931886 0.4400263597175066 0.43987416024662235 0.4400507783658827 0.43988396159287774 0.43992367053771847 0.43986431954684013 0.4398479888309871
180 1800 0.0002486233321181784 0 -0.00035041451894362533 0.4399665077929926 0.43979716299309496 0.4398817997915547 0.44009875553999417 0.43987901361483095 0.43998020274963534 0.4399434581453607 0.4399237393486098 0.43997913996830357 0.4397705701253193
181 1810 0.00022275296249488083 0 -0.00035041465831823766 0.4399220092679901 0.43976910026786137 0.43990136331110175 0.44001360536993883 0.4398931817525214 0.44000856670674643 0.43994484574067383 0.4399259515101278 0.43989407356968085 0.4399125746017971
182 1820 0.0002432868124239024 0 -0.00035041466632985025 0.4398408499520749 0.43998097812631864 0.4399754762306785 0.4400147837608113 0.43985278060431426 0.4399056162611257 0.4398998345974284 0.43986593542869 0.4400013625117423 0.4398548618887859
183 1830 0.00024898716291930505 0 -0.0003504146141957033 0.4398487383412636 0.439963871609428 0.4400402853303998 0.4400172939560667 0.4398691258268534 0.43984983968118524 0.43995479168351215 0.4398636683891967 0.43999939991325254 0.4398478604044246
184 1840 0.00023850727260261488 0 -0.0003504146128892836 0.4399614970084664 0.43990957082181936 0.4399809058293606 0.43987656855764024 0.4398320963917187 0.44005171634696005 0.4398763469629094 0.4398929229597942 0.43994819604720214 0.43982391351074285
185 1850 0.00022565717747708133 0 -0.0003504147240309641 0.439894670899518 0.4399565945647187 0.4399214001702703 0.4399658242610354 0.43995758829267073 0.43993492809376983 0.43985321357326446 0.4399850574442762 0.43996100309150776 0.43982368691934765
