% # columns="iteration, evaluation, sigma, max axis length,  min axis length, all principle axes lengths  (sorted square roots of eigenvalues of C)", seed=1066142, Wed Mar 11 16:01:23 2020
1 10 0.2035977989409156 1.0000450010125153 1.0 1.0 1.0000050000125 1.00001000005 1.0000150001125006 1.0000200002000015 1.0000250003125026 1.0000300004500045 1.0000350006125072 1.0000400008000108 1.0000450010125153
2 20 0.21370246531957957 1.1732622168085003 0.9103873617502765 0.9103873617502765 0.9516709629295061 0.968066372393176 0.9912307577664434 0.9979414441789248 1.0000973197030736 1.001490367368117 1.0019532433966245 1.0236378525356826 1.1732622168085003
3 30 0.22226837469278768 1.2141924435181037 0.89859194072297 0.89859194072297 0.9239693566669824 0.9499501114918756 0.9663858447384693 0.9778054036000143 0.9952127999718458 1.0033495166735102 1.0208495069424963 1.062554027752428 1.2141924435181037
4 40 0.2576353744105474 1.2684731115788759 0.8686935822159013 0.8686935822159013 0.9041706386963835 0.9467627970350945 0.9527647255417289 0.9619513640244245 0.9900011343619842 1.0147785544520367 1.0169641735897128 1.0606572793241291 1.2684731115788759
5 50 0.2845496126231445 1.3161610744715602 0.8472587240705692 0.8472587240705692 0.8917716794994954 0.9359884776415337 0.959887540252598 0.9633943313792304 0.9904801769126498 0.9973006372132501 1.0146122260186556 1.0945534000028028 1.3161610744715602
6 60 0.3204698645947676 1.3267372378921505 0.8270469210083573 0.8270469210083573 0.8994234269519724 0.9178718211404495 0.9425749073122793 0.9490220248684553 0.9738832288588074 1.0200678863772534 1.0347701697502534 1.1206630908094273 1.3267372378921505
7 70 0.37892193604595 1.3579893057934522 0.8045760279139421 0.8045760279139421 0.8884025661181335 0.9068208306282277 0.9304804961796812 0.9467049363627588 0.9688780714337062 1.0189373398599322 1.0290351024364623 1.1613231359311125 1.3579893057934522
8 80 0.4208876342362671 1.41112472907896 0.7833318307859607 0.7833318307859607 0.8804268742517223 0.8998892636388833 0.9231248395024506 0.9314557489046297 0.9532622670120358 1.0014547579796378 1.0356553134092963 1.20683559244802 1.41112472907896
9 90 0.4746504862537766 1.4344439237117312 0.7838459455795965 0.7838459455795965 0.8512674779222288 0.8935143285004665 0.9176093490955546 0.9355920209015535 0.959625250092671 0.9860580870439871 1.038664961935272 1.2192933285868424 1.4344439237117312
10 100 0.5191207264232737 1.4859780291909472 0.7699243986276434 0.7699243986276434 0.8446103111453479 0.8814482522356825 0.9186441215625084 0.9280732718175383 0.9670879962135949 0.9721042779942035 1.0598599027484634 1.1892153852624012 1.4859780291909472
11 110 0.5845452647512864 1.4882776971779619 0.8032642223800759 0.8032642223800759 0.824482639980071 0.8501229050829762 0.8974670124978856 0.9274235146936569 0.9380731416691775 0.9815850526683415 1.0919879668958874 1.1848426683977868 1.4882776971779619
12 120 0.6137505465348212 1.5425278917974266 0.8035966241279827 0.8035966241279827 0.8168647290676535 0.8559483434666696 0.8926128448658721 0.9125152834003193 0.9215823704419176 1.0183216807504365 1.1087839546285896 1.1835106611270825 1.5425278917974266
13 130 0.6386025763030453 1.5656176209565367 0.775671330713314 0.775671330713314 0.8081609972078453 0.8435872752840774 0.8779525088851905 0.8997606870785461 0.9268575901331152 1.021061820229443 1.1163764192380508 1.1801450512104084 1.5656176209565367
14 140 0.6802206527285782 1.5540965444964938 0.780975671644084 0.780975671644084 0.8100541780387878 0.8375809799771387 0.8750350440585604 0.911916328857429 0.9257257628966715 1.032666524186776 1.1130603029771944 1.1395203352011771 1.5540965444964938
15 150 0.6659407028544164 1.5341343133696947 0.7877936676666016 0.7877936676666016 0.79525739829002 0.8302928674809242 0.8917839336721117 0.9129627476476893 0.9309219629299871 0.999010401657626 1.10925853627644 1.1767024984308856 1.5341343133696947
16 160 0.6370904495933727 1.5156125412149781 0.763388526195214 0.763388526195214 0.8110425078876855 0.8410352538289714 0.883744765036001 0.8921429988174211 0.9201941824811033 0.9892766552890062 1.098194530358443 1.173542646911745 1.5156125412149781
17 170 0.6724955555180455 1.4934749719145677 0.7497758930315388 0.7497758930315388 0.8144522389490723 0.8248527496952505 0.8760041593276436 0.8872794628765626 0.900164375750907 1.0095800293560035 1.0779039608444028 1.1556709703213983 1.4934749719145677
18 180 0.6783367123156104 1.4989043342504527 0.7197624441196044 0.7197624441196044 0.8097744469316679 0.8277928230309461 0.8730465017594737 0.8834325294988817 0.9287800330430817 1.0113220467733033 1.0783700719700442 1.1535730325699727 1.4989043342504527
19 190 0.7119284124731586 1.5034379398664846 0.7136149312866831 0.7136149312866831 0.7913698794360208 0.8120492029794886 0.8502421112324848 0.8840659156534812 0.9455211787213471 0.9996501813146476 1.077499115899466 1.1559149664963217 1.5034379398664846
20 200 0.7164495633765999 1.487660820774656 0.7106798589929847 0.7106798589929847 0.7912214255338764 0.7987355819101524 0.8413105355095641 0.864381888633638 0.971442885865369 1.0055299831409519 1.0529590693870505 1.1512468460498022 1.487660820774656
21 210 0.6565264513466348 1.4974717264350088 0.7190705824704577 0.7190705824704577 0.789351208347233 0.8017125738121645 0.8185561092131485 0.8804567276582421 0.9510659067287773 0.9944454935552883 1.0455763093555044 1.1456659767810824 1.4974717264350088
22 220 0.5811629223969254 1.4824701378825453 0.7016443330770958 0.7016443330770958 0.780067613725961 0.7868602491533441 0.8035665171893015 0.8782078357402605 0.9611976302659346 0.9856499539597177 1.0455418237702587 1.1124658341875648 1.4824701378825453
23 230 0.5585829087465901 1.4452427539128687 0.6803757854168127 0.6803757854168127 0.756106660304361 0.7767351969645275 0.7965357546982732 0.8721070333577337 0.9460623013522592 0.9755425177361451 1.0513288323909 1.1163019961671234 1.4452427539128687
24 240 0.5557765587044702 1.4455848021030442 0.6828012244061099 0.6828012244061099 0.7660486767202033 0.7755706521512792 0.8069906971997436 0.8403793619217561 0.9012428099167503 0.9783934346847107 1.0470952894287167 1.1101780371967946 1.4455848021030442
25 250 0.487323599723275 1.4198678011793409 0.6783666191167402 0.6783666191167402 0.7431484419205105 0.7660676279178324 0.8121500125745951 0.8282575713542917 0.8821844214574701 0.9973383511475383 1.0507771245074475 1.1226583159504087 1.4198678011793409
26 260 0.4491901449064913 1.4144598969378952 0.6653033521678505 0.6653033521678505 0.7384670807814804 0.750551473152398 0.7929597164785045 0.8160919955448397 0.8859483875774887 1.0071411945460949 1.0212430135192911 1.1292327762332854 1.4144598969378952
27 270 0.4156673172916592 1.4110580006434452 0.677562211318366 0.677562211318366 0.72596037147251 0.754015382668505 0.7757379198043515 0.7998705904925426 0.8716436709854335 0.9783586469570723 1.0198135307725071 1.1306282649582977 1.4110580006434452
28 280 0.3828522963901137 1.4108956679451443 0.6766786939413649 0.6766786939413649 0.7141754164377999 0.7577152142381332 0.7711733199620951 0.7969771824709513 0.8459518310374899 0.9584591300109797 1.0119085238141168 1.1163593995206331 1.4108956679451443
29 290 0.3575901804636526 1.400548336890266 0.6731721683577655 0.6731721683577655 0.7110456542822748 0.760752528063497 0.7690197137368673 0.785685397972596 0.8396346054468555 0.9509126402281086 0.9722410251868141 1.097208437303759 1.400548336890266
30 300 0.3337514088673613 1.4020634953495401 0.650775948396767 0.650775948396767 0.7218179650756109 0.748199859173058 0.7671269017559081 0.7765506435113904 0.8341745879367788 0.9374722281515299 0.9554172909974208 1.09896660403851 1.4020634953495401
31 310 0.31688089750168513 1.396759205605901 0.6483950028812857 0.6483950028812857 0.6755671136942374 0.7376592322038165 0.756251602602026 0.7926660535639999 0.8352551866801617 0.9100910185672391 0.9572608989906964 1.0990684836790423 1.396759205605901
32 320 0.30642273829918165 1.3816918488622465 0.6599840224479107 0.6599840224479107 0.6622208999079 0.7312308358151977 0.7514865721590192 0.7816276437111023 0.8157963429565587 0.9227735339900621 0.9652419701769105 1.092166090143703 1.3816918488622465
33 330 0.28315773116917664 1.378301468941291 0.6584596378930195 0.6584596378930195 0.6601555315998687 0.7242711371854295 0.7614614543712064 0.7761892843469033 0.8098363391762518 0.9124416667433731 0.9466505492239509 1.086244563355366 1.378301468941291
34 340 0.255399215960477 1.3489429248713913 0.6489375674752342 0.6489375674752342 0.6624234814098724 0.7239651123526433 0.7472392850570311 0.7641406841098 0.7968552114514141 0.8878803435575632 0.9349261919590626 1.1066575704232842 1.3489429248713913
35 350 0.25103284371210266 1.3181651831038435 0.6374366483550112 0.6374366483550112 0.6474490372164384 0.7155322121632999 0.7374429915302291 0.7867232673105101 0.812724052659911 0.8772333336984752 0.9187064595495923 1.0948047298833978 1.3181651831038435
36 360 0.24209206836593983 1.3276255822596004 0.6055630622468814 0.6055630622468814 0.6508826477177693 0.7130434624234695 0.7297069559375962 0.7987244455618663 0.8210774005314343 0.8841395552301381 0.9082375574439548 1.0731846088525991 1.3276255822596004
37 370 0.22788861818385978 1.3234484337065129 0.608593021911396 0.608593021911396 0.6433604066304281 0.7037529016278561 0.7277464342716438 0.7790772158987802 0.8282562457198775 0.8856437567452017 0.904534513107362 1.02152438533092 1.3234484337065129
38 380 0.19997531098154128 1.3565772477972178 0.5747755329168491 0.5747755329168491 0.6376590231872294 0.7006617280683884 0.724854612073676 0.7813861304456583 0.8095255384458255 0.8777988916157715 0.8914235084084677 1.0254167915962649 1.3565772477972178
39 390 0.17678089831242047 1.3747987559749397 0.5641566782320114 0.5641566782320114 0.6454417812474543 0.6914454993342302 0.7022631288372649 0.756659814038511 0.7880247672352491 0.8732959433300547 0.8913541800303182 1.0177808101865433 1.3747987559749397
40 400 0.16131401676892743 1.3628421085083902 0.5574520274765604 0.5574520274765604 0.6320012506409983 0.6820811935124004 0.6890858191840421 0.7591055075887083 0.7782280844470859 0.8670574251816481 0.8863985392539164 1.0072711465439965 1.3628421085083902
41 410 0.14850386679107047 1.389454610590522 0.5520113790554102 0.5520113790554102 0.628383390395297 0.6789288470765737 0.6878969173040422 0.7325053100820947 0.7750809518508276 0.8338236820911994 0.8760633138194663 0.9872036633153062 1.389454610590522
42 420 0.12902839691463402 1.3876004308321508 0.5565144853284898 0.5565144853284898 0.6308461500627753 0.6632385984345373 0.6708006128255906 0.6973456719919182 0.7721483206738082 0.8147370371214513 0.8805522292370261 0.9776795841725108 1.3876004308321508
43 430 0.11835428486373219 1.3966380549784276 0.5333876099848678 0.5333876099848678 0.630299319312287 0.6650665565768276 0.669270532627282 0.6873609363306119 0.7661098860393036 0.8124864907973537 0.8745096773654988 0.9355545226464375 1.3966380549784276
44 440 0.11742238018174155 1.3613773938341855 0.5359280766287952 0.5359280766287952 0.6259397601051204 0.6370670871721802 0.6721146636784775 0.6815718023966788 0.7632801919288181 0.8134070639826475 0.8831684515552937 0.9113287784507866 1.3613773938341855
45 450 0.1042714609168151 1.336503080202389 0.5444949518729758 0.5444949518729758 0.6142072665931824 0.631507108023487 0.6620218982784317 0.6708481430540034 0.7479450623727941 0.8070223868752211 0.8943918261960745 0.9225798559138922 1.336503080202389
46 460 0.10173967780439393 1.3188537773528808 0.5237324734045109 0.5237324734045109 0.6040572040695574 0.6264404024966695 0.6516072019204164 0.6673447091275777 0.7396024224652085 0.804168076078448 0.8913070264874632 0.9291067158744917 1.3188537773528808
