% # columns="iteration, evaluation, min max(neg(.)) min(pos(.)) max correlation, correlation matrix principle axes lengths  (sorted square roots of eigenvalues of correlation matrix)", seed=905360, Mon Mar  9 13:19:46 2020
1 10 -0.050146374888069174 -0.009457275251770892 0.013187135030535445 0.036612373324851934 0.9564344469086086 0.9739290419086322 0.9806278366796376 0.9873007840976855 0.9929962251365008 0.9975320899499895 1.0126523429399252 1.0186376252883533 1.0227012139336855 1.0536530035220735
2 20 -0.050146374888069174 -0.009457275251770892 0.013187135030535445 0.036612373324851934 0.9564344469086086 0.9739290419086322 0.9806278366796376 0.9873007840976855 0.9929962251365008 0.9975320899499895 1.0126523429399252 1.0186376252883533 1.0227012139336855 1.0536530035220735
3 30 -0.050146374888069174 -0.009457275251770892 0.013187135030535445 0.036612373324851934 0.9564344469086086 0.9739290419086322 0.9806278366796376 0.9873007840976855 0.9929962251365008 0.9975320899499895 1.0126523429399252 1.0186376252883533 1.0227012139336855 1.0536530035220735
4 40 -0.050146374888069174 -0.009457275251770892 0.013187135030535445 0.036612373324851934 0.9564344469086086 0.9739290419086322 0.9806278366796376 0.9873007840976855 0.9929962251365008 0.9975320899499895 1.0126523429399252 1.0186376252883533 1.0227012139336855 1.0536530035220735
5 50 -0.050146374888069174 -0.009457275251770892 0.013187135030535445 0.036612373324851934 0.9564344469086086 0.9739290419086322 0.9806278366796376 0.9873007840976855 0.9929962251365008 0.9975320899499895 1.0126523429399252 1.0186376252883533 1.0227012139336855 1.0536530035220735
6 60 -0.050146374888069174 -0.009457275251770892 0.013187135030535445 0.036612373324851934 0.9564344469086086 0.9739290419086322 0.9806278366796376 0.9873007840976855 0.9929962251365008 0.9975320899499895 1.0126523429399252 1.0186376252883533 1.0227012139336855 1.0536530035220735
7 70 -0.050146374888069174 -0.009457275251770892 0.013187135030535445 0.036612373324851934 0.9564344469086086 0.9739290419086322 0.9806278366796376 0.9873007840976855 0.9929962251365008 0.9975320899499895 1.0126523429399252 1.0186376252883533 1.0227012139336855 1.0536530035220735
8 80 -0.050146374888069174 -0.009457275251770892 0.013187135030535445 0.036612373324851934 0.9564344469086086 0.9739290419086322 0.9806278366796376 0.9873007840976855 0.9929962251365008 0.9975320899499895 1.0126523429399252 1.0186376252883533 1.0227012139336855 1.0536530035220735
9 90 -0.050146374888069174 -0.009457275251770892 0.013187135030535445 0.036612373324851934 0.9564344469086086 0.9739290419086322 0.9806278366796376 0.9873007840976855 0.9929962251365008 0.9975320899499895 1.0126523429399252 1.0186376252883533 1.0227012139336855 1.0536530035220735
10 100 -0.050146374888069174 -0.009457275251770892 0.013187135030535445 0.036612373324851934 0.9564344469086086 0.9739290419086322 0.9806278366796376 0.9873007840976855 0.9929962251365008 0.9975320899499895 1.0126523429399252 1.0186376252883533 1.0227012139336855 1.0536530035220735
11 110 -0.2420749262436874 -0.10492177051341023 0.00984993503965358 0.14330873778798925 0.6517974733478584 0.8677655899019168 0.9294731891811178 0.938741159406628 1.0010933830426598 1.020490273981411 1.0512133843865148 1.0640973653715884 1.1156735385535512 1.245519559442463
12 120 -0.2420749262436874 -0.10492177051341023 0.00984993503965358 0.14330873778798925 0.6517974733478584 0.8677655899019168 0.9294731891811178 0.938741159406628 1.0010933830426598 1.020490273981411 1.0512133843865148 1.0640973653715884 1.1156735385535512 1.245519559442463
13 130 -0.2420749262436874 -0.10492177051341023 0.00984993503965358 0.14330873778798925 0.6517974733478584 0.8677655899019168 0.9294731891811178 0.938741159406628 1.0010933830426598 1.020490273981411 1.0512133843865148 1.0640973653715884 1.1156735385535512 1.245519559442463
14 140 -0.2420749262436874 -0.10492177051341023 0.00984993503965358 0.14330873778798925 0.6517974733478584 0.8677655899019168 0.9294731891811178 0.938741159406628 1.0010933830426598 1.020490273981411 1.0512133843865148 1.0640973653715884 1.1156735385535512 1.245519559442463
15 150 -0.2420749262436874 -0.10492177051341023 0.00984993503965358 0.14330873778798925 0.6517974733478584 0.8677655899019168 0.9294731891811178 0.938741159406628 1.0010933830426598 1.020490273981411 1.0512133843865148 1.0640973653715884 1.1156735385535512 1.245519559442463
16 160 -0.2420749262436874 -0.10492177051341023 0.00984993503965358 0.14330873778798925 0.6517974733478584 0.8677655899019168 0.9294731891811178 0.938741159406628 1.0010933830426598 1.020490273981411 1.0512133843865148 1.0640973653715884 1.1156735385535512 1.245519559442463
17 170 -0.2420749262436874 -0.10492177051341023 0.00984993503965358 0.14330873778798925 0.6517974733478584 0.8677655899019168 0.9294731891811178 0.938741159406628 1.0010933830426598 1.020490273981411 1.0512133843865148 1.0640973653715884 1.1156735385535512 1.245519559442463
18 180 -0.2420749262436874 -0.10492177051341023 0.00984993503965358 0.14330873778798925 0.6517974733478584 0.8677655899019168 0.9294731891811178 0.938741159406628 1.0010933830426598 1.020490273981411 1.0512133843865148 1.0640973653715884 1.1156735385535512 1.245519559442463
19 190 -0.2420749262436874 -0.10492177051341023 0.00984993503965358 0.14330873778798925 0.6517974733478584 0.8677655899019168 0.9294731891811178 0.938741159406628 1.0010933830426598 1.020490273981411 1.0512133843865148 1.0640973653715884 1.1156735385535512 1.245519559442463
20 200 -0.2420749262436874 -0.10492177051341023 0.00984993503965358 0.14330873778798925 0.6517974733478584 0.8677655899019168 0.9294731891811178 0.938741159406628 1.0010933830426598 1.020490273981411 1.0512133843865148 1.0640973653715884 1.1156735385535512 1.245519559442463
21 210 -0.18848884697335894 -0.09079199047061315 0.026750151724685166 0.15502926634340292 0.7242144379598372 0.8635184189451508 0.8989189944450604 0.9130974314258059 0.9683670591781532 0.9968960876600501 1.0863120285506505 1.126256095148503 1.141056591898964 1.185737651464328
22 220 -0.18848884697335894 -0.09079199047061315 0.026750151724685166 0.15502926634340292 0.7242144379598372 0.8635184189451508 0.8989189944450604 0.9130974314258059 0.9683670591781532 0.9968960876600501 1.0863120285506505 1.126256095148503 1.141056591898964 1.185737651464328
23 230 -0.18848884697335894 -0.09079199047061315 0.026750151724685166 0.15502926634340292 0.7242144379598372 0.8635184189451508 0.8989189944450604 0.9130974314258059 0.9683670591781532 0.9968960876600501 1.0863120285506505 1.126256095148503 1.141056591898964 1.185737651464328
24 240 -0.18848884697335894 -0.09079199047061315 0.026750151724685166 0.15502926634340292 0.7242144379598372 0.8635184189451508 0.8989189944450604 0.9130974314258059 0.9683670591781532 0.9968960876600501 1.0863120285506505 1.126256095148503 1.141056591898964 1.185737651464328
25 250 -0.18848884697335894 -0.09079199047061315 0.026750151724685166 0.15502926634340292 0.7242144379598372 0.8635184189451508 0.8989189944450604 0.9130974314258059 0.9683670591781532 0.9968960876600501 1.0863120285506505 1.126256095148503 1.141056591898964 1.185737651464328
26 260 -0.18848884697335894 -0.09079199047061315 0.026750151724685166 0.15502926634340292 0.7242144379598372 0.8635184189451508 0.8989189944450604 0.9130974314258059 0.9683670591781532 0.9968960876600501 1.0863120285506505 1.126256095148503 1.141056591898964 1.185737651464328
27 270 -0.18848884697335894 -0.09079199047061315 0.026750151724685166 0.15502926634340292 0.7242144379598372 0.8635184189451508 0.8989189944450604 0.9130974314258059 0.9683670591781532 0.9968960876600501 1.0863120285506505 1.126256095148503 1.141056591898964 1.185737651464328
28 280 -0.18848884697335894 -0.09079199047061315 0.026750151724685166 0.15502926634340292 0.7242144379598372 0.8635184189451508 0.8989189944450604 0.9130974314258059 0.9683670591781532 0.9968960876600501 1.0863120285506505 1.126256095148503 1.141056591898964 1.185737651464328
29 290 -0.18848884697335894 -0.09079199047061315 0.026750151724685166 0.15502926634340292 0.7242144379598372 0.8635184189451508 0.8989189944450604 0.9130974314258059 0.9683670591781532 0.9968960876600501 1.0863120285506505 1.126256095148503 1.141056591898964 1.185737651464328
30 300 -0.18848884697335894 -0.09079199047061315 0.026750151724685166 0.15502926634340292 0.7242144379598372 0.8635184189451508 0.8989189944450604 0.9130974314258059 0.9683670591781532 0.9968960876600501 1.0863120285506505 1.126256095148503 1.141056591898964 1.185737651464328
31 310 -0.17627496045981744 -0.10407270776132385 0.05040044182539073 0.23657571493946694 0.7152923553961772 0.7756871983076687 0.8782668232754427 0.9505647416953819 0.9718023823722406 1.012852900060684 1.104891554060455 1.1198777156189694 1.1344770324301205 1.2163551400974146
32 320 -0.17627496045981744 -0.10407270776132385 0.05040044182539073 0.23657571493946694 0.7152923553961772 0.7756871983076687 0.8782668232754427 0.9505647416953819 0.9718023823722406 1.012852900060684 1.104891554060455 1.1198777156189694 1.1344770324301205 1.2163551400974146
33 330 -0.17627496045981744 -0.10407270776132385 0.05040044182539073 0.23657571493946694 0.7152923553961772 0.7756871983076687 0.8782668232754427 0.9505647416953819 0.9718023823722406 1.012852900060684 1.104891554060455 1.1198777156189694 1.1344770324301205 1.2163551400974146
34 340 -0.17627496045981744 -0.10407270776132385 0.05040044182539073 0.23657571493946694 0.7152923553961772 0.7756871983076687 0.8782668232754427 0.9505647416953819 0.9718023823722406 1.012852900060684 1.104891554060455 1.1198777156189694 1.1344770324301205 1.2163551400974146
35 350 -0.17627496045981744 -0.10407270776132385 0.05040044182539073 0.23657571493946694 0.7152923553961772 0.7756871983076687 0.8782668232754427 0.9505647416953819 0.9718023823722406 1.012852900060684 1.104891554060455 1.1198777156189694 1.1344770324301205 1.2163551400974146
36 360 -0.17627496045981744 -0.10407270776132385 0.05040044182539073 0.23657571493946694 0.7152923553961772 0.7756871983076687 0.8782668232754427 0.9505647416953819 0.9718023823722406 1.012852900060684 1.104891554060455 1.1198777156189694 1.1344770324301205 1.2163551400974146
37 370 -0.17627496045981744 -0.10407270776132385 0.05040044182539073 0.23657571493946694 0.7152923553961772 0.7756871983076687 0.8782668232754427 0.9505647416953819 0.9718023823722406 1.012852900060684 1.104891554060455 1.1198777156189694 1.1344770324301205 1.2163551400974146
38 380 -0.17627496045981744 -0.10407270776132385 0.05040044182539073 0.23657571493946694 0.7152923553961772 0.7756871983076687 0.8782668232754427 0.9505647416953819 0.9718023823722406 1.012852900060684 1.104891554060455 1.1198777156189694 1.1344770324301205 1.2163551400974146
39 390 -0.17627496045981744 -0.10407270776132385 0.05040044182539073 0.23657571493946694 0.7152923553961772 0.7756871983076687 0.8782668232754427 0.9505647416953819 0.9718023823722406 1.012852900060684 1.104891554060455 1.1198777156189694 1.1344770324301205 1.2163551400974146
40 400 -0.17627496045981744 -0.10407270776132385 0.05040044182539073 0.23657571493946694 0.7152923553961772 0.7756871983076687 0.8782668232754427 0.9505647416953819 0.9718023823722406 1.012852900060684 1.104891554060455 1.1198777156189694 1.1344770324301205 1.2163551400974146
41 410 -0.22256970109156873 -0.09829402647372805 0.0517097940310087 0.2061969279748263 0.7431165606899784 0.8233694210713725 0.8837063061709094 0.9075116057024768 0.9191747959785755 1.0198177645518178 1.0290314087366161 1.0978730727903756 1.2146702787026027 1.2412739564963662
42 420 -0.22256970109156873 -0.09829402647372805 0.0517097940310087 0.2061969279748263 0.7431165606899784 0.8233694210713725 0.8837063061709094 0.9075116057024768 0.9191747959785755 1.0198177645518178 1.0290314087366161 1.0978730727903756 1.2146702787026027 1.2412739564963662
43 430 -0.22256970109156873 -0.09829402647372805 0.0517097940310087 0.2061969279748263 0.7431165606899784 0.8233694210713725 0.8837063061709094 0.9075116057024768 0.9191747959785755 1.0198177645518178 1.0290314087366161 1.0978730727903756 1.2146702787026027 1.2412739564963662
44 440 -0.22256970109156873 -0.09829402647372805 0.0517097940310087 0.2061969279748263 0.7431165606899784 0.8233694210713725 0.8837063061709094 0.9075116057024768 0.9191747959785755 1.0198177645518178 1.0290314087366161 1.0978730727903756 1.2146702787026027 1.2412739564963662
45 450 -0.22256970109156873 -0.09829402647372805 0.0517097940310087 0.2061969279748263 0.7431165606899784 0.8233694210713725 0.8837063061709094 0.9075116057024768 0.9191747959785755 1.0198177645518178 1.0290314087366161 1.0978730727903756 1.2146702787026027 1.2412739564963662
46 460 -0.22256970109156873 -0.09829402647372805 0.0517097940310087 0.2061969279748263 0.7431165606899784 0.8233694210713725 0.8837063061709094 0.9075116057024768 0.9191747959785755 1.0198177645518178 1.0290314087366161 1.0978730727903756 1.2146702787026027 1.2412739564963662
47 470 -0.22256970109156873 -0.09829402647372805 0.0517097940310087 0.2061969279748263 0.7431165606899784 0.8233694210713725 0.8837063061709094 0.9075116057024768 0.9191747959785755 1.0198177645518178 1.0290314087366161 1.0978730727903756 1.2146702787026027 1.2412739564963662
48 480 -0.22256970109156873 -0.09829402647372805 0.0517097940310087 0.2061969279748263 0.7431165606899784 0.8233694210713725 0.8837063061709094 0.9075116057024768 0.9191747959785755 1.0198177645518178 1.0290314087366161 1.0978730727903756 1.2146702787026027 1.2412739564963662
49 490 -0.22256970109156873 -0.09829402647372805 0.0517097940310087 0.2061969279748263 0.7431165606899784 0.8233694210713725 0.8837063061709094 0.9075116057024768 0.9191747959785755 1.0198177645518178 1.0290314087366161 1.0978730727903756 1.2146702787026027 1.2412739564963662
50 500 -0.22256970109156873 -0.09829402647372805 0.0517097940310087 0.2061969279748263 0.7431165606899784 0.8233694210713725 0.8837063061709094 0.9075116057024768 0.9191747959785755 1.0198177645518178 1.0290314087366161 1.0978730727903756 1.2146702787026027 1.2412739564963662
51 510 -0.37944357476403445 -0.08050539224196673 0.07066808304695159 0.19146742603175598 0.718000265330732 0.8081688736251313 0.834748418638212 0.9056162047692478 0.9396451325501562 0.966997490607485 1.0331758423716284 1.101323385394814 1.2171764423375797 1.317001109985514
52 520 -0.37944357476403445 -0.08050539224196673 0.07066808304695159 0.19146742603175598 0.718000265330732 0.8081688736251313 0.834748418638212 0.9056162047692478 0.9396451325501562 0.966997490607485 1.0331758423716284 1.101323385394814 1.2171764423375797 1.317001109985514
53 530 -0.37944357476403445 -0.08050539224196673 0.07066808304695159 0.19146742603175598 0.718000265330732 0.8081688736251313 0.834748418638212 0.9056162047692478 0.9396451325501562 0.966997490607485 1.0331758423716284 1.101323385394814 1.2171764423375797 1.317001109985514
54 540 -0.37944357476403445 -0.08050539224196673 0.07066808304695159 0.19146742603175598 0.718000265330732 0.8081688736251313 0.834748418638212 0.9056162047692478 0.9396451325501562 0.966997490607485 1.0331758423716284 1.101323385394814 1.2171764423375797 1.317001109985514
55 550 -0.37944357476403445 -0.08050539224196673 0.07066808304695159 0.19146742603175598 0.718000265330732 0.8081688736251313 0.834748418638212 0.9056162047692478 0.9396451325501562 0.966997490607485 1.0331758423716284 1.101323385394814 1.2171764423375797 1.317001109985514
56 560 -0.37944357476403445 -0.08050539224196673 0.07066808304695159 0.19146742603175598 0.718000265330732 0.8081688736251313 0.834748418638212 0.9056162047692478 0.9396451325501562 0.966997490607485 1.0331758423716284 1.101323385394814 1.2171764423375797 1.317001109985514
57 570 -0.37944357476403445 -0.08050539224196673 0.07066808304695159 0.19146742603175598 0.718000265330732 0.8081688736251313 0.834748418638212 0.9056162047692478 0.9396451325501562 0.966997490607485 1.0331758423716284 1.101323385394814 1.2171764423375797 1.317001109985514
58 580 -0.37944357476403445 -0.08050539224196673 0.07066808304695159 0.19146742603175598 0.718000265330732 0.8081688736251313 0.834748418638212 0.9056162047692478 0.9396451325501562 0.966997490607485 1.0331758423716284 1.101323385394814 1.2171764423375797 1.317001109985514
59 590 -0.37944357476403445 -0.08050539224196673 0.07066808304695159 0.19146742603175598 0.718000265330732 0.8081688736251313 0.834748418638212 0.9056162047692478 0.9396451325501562 0.966997490607485 1.0331758423716284 1.101323385394814 1.2171764423375797 1.317001109985514
60 600 -0.37944357476403445 -0.08050539224196673 0.07066808304695159 0.19146742603175598 0.718000265330732 0.8081688736251313 0.834748418638212 0.9056162047692478 0.9396451325501562 0.966997490607485 1.0331758423716284 1.101323385394814 1.2171764423375797 1.317001109985514
61 610 -0.29826166060511766 -0.021911612393524266 0.12906399583817818 0.2585991976740406 0.703070449870855 0.7390982656356083 0.8188874821064621 0.866819517360751 0.9082918185392158 0.9806055562081871 1.0739627949325365 1.162912540638251 1.225633659204703 1.320209111877536
62 620 -0.29826166060511766 -0.021911612393524266 0.12906399583817818 0.2585991976740406 0.703070449870855 0.7390982656356083 0.8188874821064621 0.866819517360751 0.9082918185392158 0.9806055562081871 1.0739627949325365 1.162912540638251 1.225633659204703 1.320209111877536
63 630 -0.29826166060511766 -0.021911612393524266 0.12906399583817818 0.2585991976740406 0.703070449870855 0.7390982656356083 0.8188874821064621 0.866819517360751 0.9082918185392158 0.9806055562081871 1.0739627949325365 1.162912540638251 1.225633659204703 1.320209111877536
64 640 -0.29826166060511766 -0.021911612393524266 0.12906399583817818 0.2585991976740406 0.703070449870855 0.7390982656356083 0.8188874821064621 0.866819517360751 0.9082918185392158 0.9806055562081871 1.0739627949325365 1.162912540638251 1.225633659204703 1.320209111877536
65 650 -0.29826166060511766 -0.021911612393524266 0.12906399583817818 0.2585991976740406 0.703070449870855 0.7390982656356083 0.8188874821064621 0.866819517360751 0.9082918185392158 0.9806055562081871 1.0739627949325365 1.162912540638251 1.225633659204703 1.320209111877536
66 660 -0.29826166060511766 -0.021911612393524266 0.12906399583817818 0.2585991976740406 0.703070449870855 0.7390982656356083 0.8188874821064621 0.866819517360751 0.9082918185392158 0.9806055562081871 1.0739627949325365 1.162912540638251 1.225633659204703 1.320209111877536
67 670 -0.29826166060511766 -0.021911612393524266 0.12906399583817818 0.2585991976740406 0.703070449870855 0.7390982656356083 0.8188874821064621 0.866819517360751 0.9082918185392158 0.9806055562081871 1.0739627949325365 1.162912540638251 1.225633659204703 1.320209111877536
68 680 -0.29826166060511766 -0.021911612393524266 0.12906399583817818 0.2585991976740406 0.703070449870855 0.7390982656356083 0.8188874821064621 0.866819517360751 0.9082918185392158 0.9806055562081871 1.0739627949325365 1.162912540638251 1.225633659204703 1.320209111877536
69 690 -0.29826166060511766 -0.021911612393524266 0.12906399583817818 0.2585991976740406 0.703070449870855 0.7390982656356083 0.8188874821064621 0.866819517360751 0.9082918185392158 0.9806055562081871 1.0739627949325365 1.162912540638251 1.225633659204703 1.320209111877536
70 700 -0.29826166060511766 -0.021911612393524266 0.12906399583817818 0.2585991976740406 0.703070449870855 0.7390982656356083 0.8188874821064621 0.866819517360751 0.9082918185392158 0.9806055562081871 1.0739627949325365 1.162912540638251 1.225633659204703 1.320209111877536
71 710 -0.07793828807536608 0.10955024397536657 0.24927849944832942 0.38418620087314037 0.6635786581263587 0.7289129729727732 0.784834908779326 0.8470012404527136 0.8611766492656219 0.9050268816787155 1.00734746928973 1.0429072439149623 1.195939909842686 1.6129465948671098
72 720 -0.07793828807536608 0.10955024397536657 0.24927849944832942 0.38418620087314037 0.6635786581263587 0.7289129729727732 0.784834908779326 0.8470012404527136 0.8611766492656219 0.9050268816787155 1.00734746928973 1.0429072439149623 1.195939909842686 1.6129465948671098
73 730 -0.07793828807536608 0.10955024397536657 0.24927849944832942 0.38418620087314037 0.6635786581263587 0.7289129729727732 0.784834908779326 0.8470012404527136 0.8611766492656219 0.9050268816787155 1.00734746928973 1.0429072439149623 1.195939909842686 1.6129465948671098
74 740 -0.07793828807536608 0.10955024397536657 0.24927849944832942 0.38418620087314037 0.6635786581263587 0.7289129729727732 0.784834908779326 0.8470012404527136 0.8611766492656219 0.9050268816787155 1.00734746928973 1.0429072439149623 1.195939909842686 1.6129465948671098
75 750 -0.07793828807536608 0.10955024397536657 0.24927849944832942 0.38418620087314037 0.6635786581263587 0.7289129729727732 0.784834908779326 0.8470012404527136 0.8611766492656219 0.9050268816787155 1.00734746928973 1.0429072439149623 1.195939909842686 1.6129465948671098
76 760 -0.07793828807536608 0.10955024397536657 0.24927849944832942 0.38418620087314037 0.6635786581263587 0.7289129729727732 0.784834908779326 0.8470012404527136 0.8611766492656219 0.9050268816787155 1.00734746928973 1.0429072439149623 1.195939909842686 1.6129465948671098
77 770 -0.07793828807536608 0.10955024397536657 0.24927849944832942 0.38418620087314037 0.6635786581263587 0.7289129729727732 0.784834908779326 0.8470012404527136 0.8611766492656219 0.9050268816787155 1.00734746928973 1.0429072439149623 1.195939909842686 1.6129465948671098
78 780 -0.07793828807536608 0.10955024397536657 0.24927849944832942 0.38418620087314037 0.6635786581263587 0.7289129729727732 0.784834908779326 0.8470012404527136 0.8611766492656219 0.9050268816787155 1.00734746928973 1.0429072439149623 1.195939909842686 1.6129465948671098
79 790 -0.07793828807536608 0.10955024397536657 0.24927849944832942 0.38418620087314037 0.6635786581263587 0.7289129729727732 0.784834908779326 0.8470012404527136 0.8611766492656219 0.9050268816787155 1.00734746928973 1.0429072439149623 1.195939909842686 1.6129465948671098
80 800 -0.07793828807536608 0.10955024397536657 0.24927849944832942 0.38418620087314037 0.6635786581263587 0.7289129729727732 0.784834908779326 0.8470012404527136 0.8611766492656219 0.9050268816787155 1.00734746928973 1.0429072439149623 1.195939909842686 1.6129465948671098
81 810 0.06031736133142658 0.17213133766088684 0.30111289942442715 0.39830718182383784 0.6731900192645044 0.7194855546526939 0.7533858277271822 0.815381022765332 0.8582353173326106 0.8735025457688266 0.9657904887868966 1.013448800531032 1.0777470511311442 1.7820707937032763
82 820 0.06031736133142658 0.17213133766088684 0.30111289942442715 0.39830718182383784 0.6731900192645044 0.7194855546526939 0.7533858277271822 0.815381022765332 0.8582353173326106 0.8735025457688266 0.9657904887868966 1.013448800531032 1.0777470511311442 1.7820707937032763
83 830 0.06031736133142658 0.17213133766088684 0.30111289942442715 0.39830718182383784 0.6731900192645044 0.7194855546526939 0.7533858277271822 0.815381022765332 0.8582353173326106 0.8735025457688266 0.9657904887868966 1.013448800531032 1.0777470511311442 1.7820707937032763
84 840 0.06031736133142658 0.17213133766088684 0.30111289942442715 0.39830718182383784 0.6731900192645044 0.7194855546526939 0.7533858277271822 0.815381022765332 0.8582353173326106 0.8735025457688266 0.9657904887868966 1.013448800531032 1.0777470511311442 1.7820707937032763
85 850 0.06031736133142658 0.17213133766088684 0.30111289942442715 0.39830718182383784 0.6731900192645044 0.7194855546526939 0.7533858277271822 0.815381022765332 0.8582353173326106 0.8735025457688266 0.9657904887868966 1.013448800531032 1.0777470511311442 1.7820707937032763
86 860 0.06031736133142658 0.17213133766088684 0.30111289942442715 0.39830718182383784 0.6731900192645044 0.7194855546526939 0.7533858277271822 0.815381022765332 0.8582353173326106 0.8735025457688266 0.9657904887868966 1.013448800531032 1.0777470511311442 1.7820707937032763
87 870 0.06031736133142658 0.17213133766088684 0.30111289942442715 0.39830718182383784 0.6731900192645044 0.7194855546526939 0.7533858277271822 0.815381022765332 0.8582353173326106 0.8735025457688266 0.9657904887868966 1.013448800531032 1.0777470511311442 1.7820707937032763
88 880 0.06031736133142658 0.17213133766088684 0.30111289942442715 0.39830718182383784 0.6731900192645044 0.7194855546526939 0.7533858277271822 0.815381022765332 0.8582353173326106 0.8735025457688266 0.9657904887868966 1.013448800531032 1.0777470511311442 1.7820707937032763
89 890 0.06031736133142658 0.17213133766088684 0.30111289942442715 0.39830718182383784 0.6731900192645044 0.7194855546526939 0.7533858277271822 0.815381022765332 0.8582353173326106 0.8735025457688266 0.9657904887868966 1.013448800531032 1.0777470511311442 1.7820707937032763
90 900 0.06031736133142658 0.17213133766088684 0.30111289942442715 0.39830718182383784 0.6731900192645044 0.7194855546526939 0.7533858277271822 0.815381022765332 0.8582353173326106 0.8735025457688266 0.9657904887868966 1.013448800531032 1.0777470511311442 1.7820707937032763
91 910 0.06402845253484724 0.24793146392377433 0.37173479593292474 0.49458221308600225 0.6358490212425372 0.6725981116983941 0.7134693340441226 0.740413856890091 0.8263851186108911 0.8588001324616362 0.8924363012101907 0.9402300698117777 1.070919974289104 1.9591482519767136
92 920 0.06402845253484724 0.24793146392377433 0.37173479593292474 0.49458221308600225 0.6358490212425372 0.6725981116983941 0.7134693340441226 0.740413856890091 0.8263851186108911 0.8588001324616362 0.8924363012101907 0.9402300698117777 1.070919974289104 1.9591482519767136
93 930 0.06402845253484724 0.24793146392377433 0.37173479593292474 0.49458221308600225 0.6358490212425372 0.6725981116983941 0.7134693340441226 0.740413856890091 0.8263851186108911 0.8588001324616362 0.8924363012101907 0.9402300698117777 1.070919974289104 1.9591482519767136
94 940 0.06402845253484724 0.24793146392377433 0.37173479593292474 0.49458221308600225 0.6358490212425372 0.6725981116983941 0.7134693340441226 0.740413856890091 0.8263851186108911 0.8588001324616362 0.8924363012101907 0.9402300698117777 1.070919974289104 1.9591482519767136
95 950 0.06402845253484724 0.24793146392377433 0.37173479593292474 0.49458221308600225 0.6358490212425372 0.6725981116983941 0.7134693340441226 0.740413856890091 0.8263851186108911 0.8588001324616362 0.8924363012101907 0.9402300698117777 1.070919974289104 1.9591482519767136
96 960 0.06402845253484724 0.24793146392377433 0.37173479593292474 0.49458221308600225 0.6358490212425372 0.6725981116983941 0.7134693340441226 0.740413856890091 0.8263851186108911 0.8588001324616362 0.8924363012101907 0.9402300698117777 1.070919974289104 1.9591482519767136
97 970 0.06402845253484724 0.24793146392377433 0.37173479593292474 0.49458221308600225 0.6358490212425372 0.6725981116983941 0.7134693340441226 0.740413856890091 0.8263851186108911 0.8588001324616362 0.8924363012101907 0.9402300698117777 1.070919974289104 1.9591482519767136
98 980 0.06402845253484724 0.24793146392377433 0.37173479593292474 0.49458221308600225 0.6358490212425372 0.6725981116983941 0.7134693340441226 0.740413856890091 0.8263851186108911 0.8588001324616362 0.8924363012101907 0.9402300698117777 1.070919974289104 1.9591482519767136
99 990 0.06402845253484724 0.24793146392377433 0.37173479593292474 0.49458221308600225 0.6358490212425372 0.6725981116983941 0.7134693340441226 0.740413856890091 0.8263851186108911 0.8588001324616362 0.8924363012101907 0.9402300698117777 1.070919974289104 1.9591482519767136
100 1000 0.06402845253484724 0.24793146392377433 0.37173479593292474 0.49458221308600225 0.6358490212425372 0.6725981116983941 0.7134693340441226 0.740413856890091 0.8263851186108911 0.8588001324616362 0.8924363012101907 0.9402300698117777 1.070919974289104 1.9591482519767136
101 1010 0.17164595183437298 0.3941119867629829 0.5081311486463286 0.5921338852495618 0.5727015243672351 0.6165832249558999 0.6325025168386618 0.6684939638740299 0.7258634695940441 0.7406403473651415 0.8081328310143101 0.8685158751906549 1.0102786611491972 2.2229275978574075
102 1020 0.17164595183437298 0.3941119867629829 0.5081311486463286 0.5921338852495618 0.5727015243672351 0.6165832249558999 0.6325025168386618 0.6684939638740299 0.7258634695940441 0.7406403473651415 0.8081328310143101 0.8685158751906549 1.0102786611491972 2.2229275978574075
103 1030 0.17164595183437298 0.3941119867629829 0.5081311486463286 0.5921338852495618 0.5727015243672351 0.6165832249558999 0.6325025168386618 0.6684939638740299 0.7258634695940441 0.7406403473651415 0.8081328310143101 0.8685158751906549 1.0102786611491972 2.2229275978574075
104 1040 0.17164595183437298 0.3941119867629829 0.5081311486463286 0.5921338852495618 0.5727015243672351 0.6165832249558999 0.6325025168386618 0.6684939638740299 0.7258634695940441 0.7406403473651415 0.8081328310143101 0.8685158751906549 1.0102786611491972 2.2229275978574075
105 1050 0.17164595183437298 0.3941119867629829 0.5081311486463286 0.5921338852495618 0.5727015243672351 0.6165832249558999 0.6325025168386618 0.6684939638740299 0.7258634695940441 0.7406403473651415 0.8081328310143101 0.8685158751906549 1.0102786611491972 2.2229275978574075
106 1060 0.17164595183437298 0.3941119867629829 0.5081311486463286 0.5921338852495618 0.5727015243672351 0.6165832249558999 0.6325025168386618 0.6684939638740299 0.7258634695940441 0.7406403473651415 0.8081328310143101 0.8685158751906549 1.0102786611491972 2.2229275978574075
107 1070 0.17164595183437298 0.3941119867629829 0.5081311486463286 0.5921338852495618 0.5727015243672351 0.6165832249558999 0.6325025168386618 0.6684939638740299 0.7258634695940441 0.7406403473651415 0.8081328310143101 0.8685158751906549 1.0102786611491972 2.2229275978574075
108 1080 0.17164595183437298 0.3941119867629829 0.5081311486463286 0.5921338852495618 0.5727015243672351 0.6165832249558999 0.6325025168386618 0.6684939638740299 0.7258634695940441 0.7406403473651415 0.8081328310143101 0.8685158751906549 1.0102786611491972 2.2229275978574075
109 1090 0.17164595183437298 0.3941119867629829 0.5081311486463286 0.5921338852495618 0.5727015243672351 0.6165832249558999 0.6325025168386618 0.6684939638740299 0.7258634695940441 0.7406403473651415 0.8081328310143101 0.8685158751906549 1.0102786611491972 2.2229275978574075
110 1100 0.17164595183437298 0.3941119867629829 0.5081311486463286 0.5921338852495618 0.5727015243672351 0.6165832249558999 0.6325025168386618 0.6684939638740299 0.7258634695940441 0.7406403473651415 0.8081328310143101 0.8685158751906549 1.0102786611491972 2.2229275978574075
111 1110 0.11192262421264225 0.4095333348582898 0.529310991968812 0.6301692485604176 0.5518811659896199 0.5612208154799453 0.5841048642948627 0.6399608868551551 0.7017538115325385 0.7406413012373109 0.7646372010466753 0.8860414833650073 1.0407633019760103 2.266229067502555
112 1120 0.11192262421264225 0.4095333348582898 0.529310991968812 0.6301692485604176 0.5518811659896199 0.5612208154799453 0.5841048642948627 0.6399608868551551 0.7017538115325385 0.7406413012373109 0.7646372010466753 0.8860414833650073 1.0407633019760103 2.266229067502555
113 1130 0.11192262421264225 0.4095333348582898 0.529310991968812 0.6301692485604176 0.5518811659896199 0.5612208154799453 0.5841048642948627 0.6399608868551551 0.7017538115325385 0.7406413012373109 0.7646372010466753 0.8860414833650073 1.0407633019760103 2.266229067502555
114 1140 0.11192262421264225 0.4095333348582898 0.529310991968812 0.6301692485604176 0.5518811659896199 0.5612208154799453 0.5841048642948627 0.6399608868551551 0.7017538115325385 0.7406413012373109 0.7646372010466753 0.8860414833650073 1.0407633019760103 2.266229067502555
115 1150 0.11192262421264225 0.4095333348582898 0.529310991968812 0.6301692485604176 0.5518811659896199 0.5612208154799453 0.5841048642948627 0.6399608868551551 0.7017538115325385 0.7406413012373109 0.7646372010466753 0.8860414833650073 1.0407633019760103 2.266229067502555
116 1160 0.11192262421264225 0.4095333348582898 0.529310991968812 0.6301692485604176 0.5518811659896199 0.5612208154799453 0.5841048642948627 0.6399608868551551 0.7017538115325385 0.7406413012373109 0.7646372010466753 0.8860414833650073 1.0407633019760103 2.266229067502555
117 1170 0.11192262421264225 0.4095333348582898 0.529310991968812 0.6301692485604176 0.5518811659896199 0.5612208154799453 0.5841048642948627 0.6399608868551551 0.7017538115325385 0.7406413012373109 0.7646372010466753 0.8860414833650073 1.0407633019760103 2.266229067502555
118 1180 0.11192262421264225 0.4095333348582898 0.529310991968812 0.6301692485604176 0.5518811659896199 0.5612208154799453 0.5841048642948627 0.6399608868551551 0.7017538115325385 0.7406413012373109 0.7646372010466753 0.8860414833650073 1.0407633019760103 2.266229067502555
119 1190 0.11192262421264225 0.4095333348582898 0.529310991968812 0.6301692485604176 0.5518811659896199 0.5612208154799453 0.5841048642948627 0.6399608868551551 0.7017538115325385 0.7406413012373109 0.7646372010466753 0.8860414833650073 1.0407633019760103 2.266229067502555
120 1200 0.11192262421264225 0.4095333348582898 0.529310991968812 0.6301692485604176 0.5518811659896199 0.5612208154799453 0.5841048642948627 0.6399608868551551 0.7017538115325385 0.7406413012373109 0.7646372010466753 0.8860414833650073 1.0407633019760103 2.266229067502555
121 1210 0.20480927450194553 0.46880827283921733 0.5824695748547088 0.6815994494462895 0.5045160744512062 0.5596196821068049 0.5824311144455724 0.6020009770333069 0.641053597107288 0.6732405029346435 0.7161120015944997 0.7858489119154919 1.0224152109382645 2.385528850945927
122 1220 0.20480927450194553 0.46880827283921733 0.5824695748547088 0.6815994494462895 0.5045160744512062 0.5596196821068049 0.5824311144455724 0.6020009770333069 0.641053597107288 0.6732405029346435 0.7161120015944997 0.7858489119154919 1.0224152109382645 2.385528850945927
123 1230 0.20480927450194553 0.46880827283921733 0.5824695748547088 0.6815994494462895 0.5045160744512062 0.5596196821068049 0.5824311144455724 0.6020009770333069 0.641053597107288 0.6732405029346435 0.7161120015944997 0.7858489119154919 1.0224152109382645 2.385528850945927
124 1240 0.20480927450194553 0.46880827283921733 0.5824695748547088 0.6815994494462895 0.5045160744512062 0.5596196821068049 0.5824311144455724 0.6020009770333069 0.641053597107288 0.6732405029346435 0.7161120015944997 0.7858489119154919 1.0224152109382645 2.385528850945927
125 1250 0.20480927450194553 0.46880827283921733 0.5824695748547088 0.6815994494462895 0.5045160744512062 0.5596196821068049 0.5824311144455724 0.6020009770333069 0.641053597107288 0.6732405029346435 0.7161120015944997 0.7858489119154919 1.0224152109382645 2.385528850945927
126 1260 0.20480927450194553 0.46880827283921733 0.5824695748547088 0.6815994494462895 0.5045160744512062 0.5596196821068049 0.5824311144455724 0.6020009770333069 0.641053597107288 0.6732405029346435 0.7161120015944997 0.7858489119154919 1.0224152109382645 2.385528850945927
127 1270 0.20480927450194553 0.46880827283921733 0.5824695748547088 0.6815994494462895 0.5045160744512062 0.5596196821068049 0.5824311144455724 0.6020009770333069 0.641053597107288 0.6732405029346435 0.7161120015944997 0.7858489119154919 1.0224152109382645 2.385528850945927
128 1280 0.20480927450194553 0.46880827283921733 0.5824695748547088 0.6815994494462895 0.5045160744512062 0.5596196821068049 0.5824311144455724 0.6020009770333069 0.641053597107288 0.6732405029346435 0.7161120015944997 0.7858489119154919 1.0224152109382645 2.385528850945927
129 1290 0.20480927450194553 0.46880827283921733 0.5824695748547088 0.6815994494462895 0.5045160744512062 0.5596196821068049 0.5824311144455724 0.6020009770333069 0.641053597107288 0.6732405029346435 0.7161120015944997 0.7858489119154919 1.0224152109382645 2.385528850945927
130 1300 0.20480927450194553 0.46880827283921733 0.5824695748547088 0.6815994494462895 0.5045160744512062 0.5596196821068049 0.5824311144455724 0.6020009770333069 0.641053597107288 0.6732405029346435 0.7161120015944997 0.7858489119154919 1.0224152109382645 2.385528850945927
131 1310 0.3197879678356963 0.5292863561701013 0.6100453154021417 0.686228482736345 0.4683554290568 0.5262423797997761 0.562908131746078 0.5824078860196541 0.6235696793629385 0.6489599883815106 0.6799549528777197 0.7542824103072749 0.9434371314897001 2.473116478097142
132 1320 0.3197879678356963 0.5292863561701013 0.6100453154021417 0.686228482736345 0.4683554290568 0.5262423797997761 0.562908131746078 0.5824078860196541 0.6235696793629385 0.6489599883815106 0.6799549528777197 0.7542824103072749 0.9434371314897001 2.473116478097142
133 1330 0.3197879678356963 0.5292863561701013 0.6100453154021417 0.686228482736345 0.4683554290568 0.5262423797997761 0.562908131746078 0.5824078860196541 0.6235696793629385 0.6489599883815106 0.6799549528777197 0.7542824103072749 0.9434371314897001 2.473116478097142
134 1340 0.3197879678356963 0.5292863561701013 0.6100453154021417 0.686228482736345 0.4683554290568 0.5262423797997761 0.562908131746078 0.5824078860196541 0.6235696793629385 0.6489599883815106 0.6799549528777197 0.7542824103072749 0.9434371314897001 2.473116478097142
135 1350 0.3197879678356963 0.5292863561701013 0.6100453154021417 0.686228482736345 0.4683554290568 0.5262423797997761 0.562908131746078 0.5824078860196541 0.6235696793629385 0.6489599883815106 0.6799549528777197 0.7542824103072749 0.9434371314897001 2.473116478097142
136 1360 0.3197879678356963 0.5292863561701013 0.6100453154021417 0.686228482736345 0.4683554290568 0.5262423797997761 0.562908131746078 0.5824078860196541 0.6235696793629385 0.6489599883815106 0.6799549528777197 0.7542824103072749 0.9434371314897001 2.473116478097142
137 1370 0.3197879678356963 0.5292863561701013 0.6100453154021417 0.686228482736345 0.4683554290568 0.5262423797997761 0.562908131746078 0.5824078860196541 0.6235696793629385 0.6489599883815106 0.6799549528777197 0.7542824103072749 0.9434371314897001 2.473116478097142
138 1380 0.3197879678356963 0.5292863561701013 0.6100453154021417 0.686228482736345 0.4683554290568 0.5262423797997761 0.562908131746078 0.5824078860196541 0.6235696793629385 0.6489599883815106 0.6799549528777197 0.7542824103072749 0.9434371314897001 2.473116478097142
139 1390 0.3197879678356963 0.5292863561701013 0.6100453154021417 0.686228482736345 0.4683554290568 0.5262423797997761 0.562908131746078 0.5824078860196541 0.6235696793629385 0.6489599883815106 0.6799549528777197 0.7542824103072749 0.9434371314897001 2.473116478097142
140 1400 0.3197879678356963 0.5292863561701013 0.6100453154021417 0.686228482736345 0.4683554290568 0.5262423797997761 0.562908131746078 0.5824078860196541 0.6235696793629385 0.6489599883815106 0.6799549528777197 0.7542824103072749 0.9434371314897001 2.473116478097142
141 1410 0.3550316913649218 0.6134630667467675 0.6900438476968698 0.7788017057013981 0.4420245393305724 0.4705098990101679 0.4909053685587931 0.5281574190577989 0.5498297594166551 0.5908748097332861 0.6148278009019915 0.6901824083573561 0.8919591136397119 2.600364311839206
142 1420 0.3550316913649218 0.6134630667467675 0.6900438476968698 0.7788017057013981 0.4420245393305724 0.4705098990101679 0.4909053685587931 0.5281574190577989 0.5498297594166551 0.5908748097332861 0.6148278009019915 0.6901824083573561 0.8919591136397119 2.600364311839206
143 1430 0.3550316913649218 0.6134630667467675 0.6900438476968698 0.7788017057013981 0.4420245393305724 0.4705098990101679 0.4909053685587931 0.5281574190577989 0.5498297594166551 0.5908748097332861 0.6148278009019915 0.6901824083573561 0.8919591136397119 2.600364311839206
144 1440 0.3550316913649218 0.6134630667467675 0.6900438476968698 0.7788017057013981 0.4420245393305724 0.4705098990101679 0.4909053685587931 0.5281574190577989 0.5498297594166551 0.5908748097332861 0.6148278009019915 0.6901824083573561 0.8919591136397119 2.600364311839206
145 1450 0.3550316913649218 0.6134630667467675 0.6900438476968698 0.7788017057013981 0.4420245393305724 0.4705098990101679 0.4909053685587931 0.5281574190577989 0.5498297594166551 0.5908748097332861 0.6148278009019915 0.6901824083573561 0.8919591136397119 2.600364311839206
146 1460 0.3550316913649218 0.6134630667467675 0.6900438476968698 0.7788017057013981 0.4420245393305724 0.4705098990101679 0.4909053685587931 0.5281574190577989 0.5498297594166551 0.5908748097332861 0.6148278009019915 0.6901824083573561 0.8919591136397119 2.600364311839206
