% # columns="iteration, evaluation, sigma, void, void,  stds==sigma*sqrt(diag(C))", seed=905360, Mon Mar  9 13:19:46 2020, <python>{}</python>
1 10 0.18355425605032627 0 0 0.1822790046968691 0.183924556435259 0.18280241583597812 0.18015523030815028 0.18439089958801896 0.17911051782377443 0.178350794035295 0.1828353776809346 0.18706865026822816 0.17956298612899496
2 20 0.19166604420493866 0 0 0.18831167140491817 0.1922947270051721 0.19295864070431323 0.19251071529241762 0.1948756853737481 0.183674771278723 0.18214037428383095 0.19813848804811268 0.19583571795184004 0.18491348610605934
3 30 0.19833168828608402 0 0 0.19449253888755832 0.197650767240952 0.19832123839245863 0.19642004916303385 0.20424298090457105 0.19085167455058097 0.19045219634522192 0.20751142418959506 0.201206988726932 0.19222627540330664
4 40 0.21686093220164965 0 0 0.2093009474463164 0.21254070167461925 0.21717646277266756 0.21733317075404127 0.2271033654799098 0.21082683654227377 0.2138246183964426 0.2316005233675698 0.23612590732615196 0.20262243110475783
5 50 0.25867934875554205 0 0 0.24753241221675476 0.2532030064045116 0.2581923308887636 0.24947276161038992 0.2835853777124905 0.25518995361387625 0.25897741753956377 0.2828533084659307 0.28411294578610913 0.23890926783436864
6 60 0.31207082712689144 0 0 0.29528375492387393 0.3029940003755204 0.30897812389141494 0.3009896552159792 0.34101427183046124 0.3101332479326758 0.31544943867857494 0.3399917628813453 0.3557845452852331 0.28850042593018266
7 70 0.3601801645794649 0 0 0.34412332207284213 0.3533509639939617 0.3558420606497609 0.34227816805930356 0.39502326215121336 0.36352046927765824 0.36808220657526036 0.39328897083222114 0.4094883807181158 0.3270215320938142
8 80 0.4686588035364887 0 0 0.45027604605467275 0.46890275873255216 0.47275417097006944 0.4417925047730282 0.5174320150716275 0.48376482373633556 0.4759179969550745 0.5315820061852664 0.5171289732725032 0.42200512264400414
9 90 0.5570483020220943 0 0 0.5301432747606624 0.5529338594055935 0.5480166913839458 0.5126068633149399 0.6186132180395658 0.5694064710746741 0.5622492455385589 0.6330006591096909 0.6043397467533593 0.5075291998743927
10 100 0.6970086600578732 0 0 0.6651546268906873 0.6947047207489639 0.6731285075200478 0.671889621293873 0.7581736867687279 0.6927826874965742 0.7019469443551702 0.7861039503378072 0.7466473728830547 0.6333390451157366
11 110 0.8350297164754025 0 0 0.7669420322725851 0.8334115743973144 0.7949130882333321 0.7939015746440847 0.9061644507502954 0.8279248437727267 0.8268924985194303 0.934229912247897 0.8961390843201302 0.764475250513488
12 120 0.8871279894262585 0 0 0.8217030963041494 0.859011585746106 0.8403390556032285 0.8545309103413734 0.9465378877367735 0.8604795094595729 0.8597986501071638 0.9713141855162374 0.9434539630549953 0.8126095528600737
13 130 0.8859558036923671 0 0 0.8214209411729764 0.839884521578174 0.8333227832261149 0.8497066415177387 0.9465616681489174 0.8392625502370076 0.8532257100849673 0.9648697936521258 0.9514147691107108 0.782159278865639
14 140 0.7896588337285881 0 0 0.7186518004795452 0.7350105292197483 0.7293594169221419 0.7354478156742822 0.8406261867346858 0.7401469526689122 0.7571718709215209 0.8656604620199816 0.8431288067561724 0.6651026751413326
15 150 0.7075057226784769 0 0 0.6464727061942331 0.656227434713724 0.6458767641631881 0.6420509036590906 0.7407891063827114 0.6452712336946279 0.6626825546940086 0.778351475650416 0.7434896060336054 0.6027495076723242
16 160 0.6680906173084958 0 0 0.6156120768321495 0.6115432116338295 0.6118928621207789 0.6261203041775264 0.6783648114914557 0.5802441511513448 0.6307406363666898 0.7151651146021655 0.6956185218788811 0.5649082983787903
17 170 0.6001320925820077 0 0 0.5532984233286431 0.5437925036176249 0.5546472673385467 0.5530158260412341 0.6112899649490875 0.5161246500064773 0.5507466689473133 0.6235119489080807 0.602152987339042 0.5079956157206118
18 180 0.5585536340954037 0 0 0.4981742355691578 0.508432157000597 0.4958542188898725 0.5124668009971612 0.5637462533949564 0.47375626327903914 0.5124783412167293 0.5768939017628181 0.5599917660112378 0.47036996822501315
19 190 0.5381614548558902 0 0 0.47912387188828803 0.4953212510838968 0.4856477901403355 0.4856262847982809 0.5401828375379344 0.4619063406642427 0.49884511172648055 0.5199176247222866 0.5371634504463313 0.4463694642852627
20 200 0.5014377953842135 0 0 0.4457376174020317 0.4614370296335396 0.4455455232049159 0.44185435746498847 0.4852772876988041 0.42333174148250363 0.4716123789619235 0.4905074850308448 0.48956173977736855 0.4054934753868507
21 210 0.42759653983604323 0 0 0.375365613990092 0.38615071342901397 0.37571209850620807 0.37588485973235286 0.408281513447118 0.35682315958345334 0.4028107528092923 0.39746535023561064 0.4143753776559562 0.342636991869707
22 220 0.3959611855349126 0 0 0.34676856565648345 0.3526672399735073 0.34804541774346565 0.3437252722315553 0.37807287818213225 0.3248638661698395 0.3741506353462114 0.3644044987886978 0.37533439362523685 0.3156762673651539
23 230 0.36668259213423654 0 0 0.31726754527226536 0.32473494620887144 0.3189454170818913 0.31597470746275413 0.34701352695908455 0.297087957972034 0.34405870193790095 0.33818385453597616 0.3468427310227672 0.2778839477582168
24 240 0.3445346460953419 0 0 0.31038129189692965 0.2931900500401541 0.30310947679014333 0.28746020060302396 0.3197343087640585 0.2767287192445281 0.32079486000985813 0.3185792418237276 0.32522775082774513 0.25792370370866463
25 250 0.3078518417537362 0 0 0.2764723782407646 0.25833776717128953 0.27390687762086663 0.2567041130452942 0.27964014726414854 0.24246753828992512 0.280984596831445 0.2853530048186112 0.277571556631965 0.22380965086732188
26 260 0.29040519467818393 0 0 0.2557399900994699 0.23930385024324244 0.260297824177529 0.2410490244276291 0.26302092899554874 0.2216533435957043 0.26754377920803546 0.25698190420807054 0.26102537593163533 0.2128370886988873
27 270 0.2858073765762647 0 0 0.2526102455995313 0.2492308830907523 0.2527240957715958 0.23782225883925742 0.25656247265649906 0.2171399029290121 0.25197184834524844 0.2531388389353758 0.25520145234087577 0.20678825874235107
28 280 0.2741265042791593 0 0 0.24392827368740222 0.24396335994550597 0.23813078597370554 0.22355975677446502 0.24227564943490826 0.2074338887258853 0.2412016033621923 0.23833635166643802 0.25139441157095277 0.19988939332684982
29 290 0.25121605730507934 0 0 0.22395386058996325 0.22244477954032113 0.2141194275258719 0.20798432416739135 0.22131778814064185 0.1917732270804712 0.21527828758647688 0.21469541619111088 0.22558355709449793 0.18013181986569934
30 300 0.24353854459302318 0 0 0.21149819929366798 0.21680376068440277 0.21524223777895965 0.20051401931014326 0.21373167673248303 0.18323493159684456 0.20791919490676206 0.20462657366288844 0.21697041532515435 0.16962272556235328
31 310 0.2480445191844333 0 0 0.2164859357727866 0.23342769969583232 0.2221424857473128 0.2044045374692362 0.21259453452972285 0.1849999401637332 0.21124051253748757 0.2093039605731947 0.21850961638257485 0.17164458169395508
32 320 0.23120324198177689 0 0 0.1968651240878399 0.22048137327681036 0.20696228613132797 0.18778265682634696 0.19273977442816853 0.1719877049346172 0.1932111794684503 0.1903487212116527 0.20400029907451694 0.16113428499968097
33 330 0.2119009271862863 0 0 0.17831602506901034 0.2036043934622313 0.18752716514275555 0.1685829539996337 0.17703633358865262 0.15158958772305067 0.17128520010144874 0.17374994163027918 0.1833587463248547 0.1515196736538162
34 340 0.20591551531305083 0 0 0.17196186972691968 0.1913278795090105 0.18056553181644613 0.1644538878088051 0.16983862418786538 0.1464450627925124 0.16351069422594533 0.16883331189539738 0.17693179977644688 0.14906927322032354
35 350 0.20406685595074409 0 0 0.16705769224041356 0.18752359077358463 0.1775284342565154 0.16483491937871683 0.16814300213288155 0.13989483723026516 0.16512261710295992 0.16462547922649842 0.16912049687546513 0.1479775973280702
36 360 0.18700582009936786 0 0 0.1510197808678958 0.16985932648430854 0.1596730396331057 0.14861504373975246 0.1549639573886258 0.12664893539114333 0.1498241216007588 0.14918993927154897 0.14774316612081825 0.13629601295803226
37 370 0.1680257622216594 0 0 0.13225260393267538 0.152907810600077 0.1430821718375944 0.13241689958588784 0.13641373041102461 0.11030984398058817 0.13585910006412946 0.1312344255078662 0.13004415423458296 0.12316332261571797
38 380 0.16951435337919027 0 0 0.13438834026765178 0.1504822784646825 0.14605798459377223 0.1327496604086848 0.1379296236805158 0.10938684798050681 0.13819855024445185 0.13157664632495086 0.1326051534712638 0.12205094038247181
39 390 0.15491991975152275 0 0 0.11724055770028276 0.13788385334220135 0.13292947578545025 0.12153397800129338 0.1283532173306356 0.10024328539510349 0.12548727378263982 0.11666010506504197 0.12089450422866119 0.10988491925023385
40 400 0.14794244550111718 0 0 0.1071480265617405 0.1306047367555518 0.12424949764000538 0.11511424763220189 0.12257208142313422 0.09449186373708764 0.11960416464176583 0.11033712994324946 0.1135444483072548 0.10442713312807074
41 410 0.14235637675907217 0 0 0.10060417724546866 0.128639799826461 0.1150695798195004 0.10827181147505041 0.12187651144892235 0.09018342631374417 0.11422260418805709 0.10515983341537301 0.10620350421134964 0.10033721697287011
42 420 0.13526048736114032 0 0 0.09544534800823007 0.11497548300609792 0.11012235923602617 0.1014625799556805 0.11522197038260942 0.0841901347901387 0.10714958119760326 0.09800874414907242 0.09996276125378561 0.09660119818124635
43 430 0.12986644686502216 0 0 0.08999642908676082 0.10597063826138874 0.10811273407902326 0.09736128554760913 0.10828690592871879 0.08228859991686968 0.10189981042471354 0.09661796696081557 0.09666923996190141 0.0913031540879474
44 440 0.12440724312483821 0 0 0.08675493677638883 0.1003295077743458 0.09914652684063305 0.09232499573640202 0.10313537098779206 0.0771640343300306 0.09738725254732701 0.09270146101409311 0.0922700655204818 0.08673785109581211
45 450 0.11386507572105498 0 0 0.07767100138816087 0.09352340927707464 0.08834551537008244 0.08392354978289852 0.09472358927847652 0.06942153812484146 0.08985384689332812 0.08488604954673551 0.08313202422101618 0.07853939358958442
46 460 0.10918242819203484 0 0 0.07493950896526934 0.08669561527416281 0.08169475220513353 0.0811138818444539 0.0900012298226826 0.06486432171706308 0.08628732844363447 0.07996791463214072 0.08117962537541348 0.07518122665540246
47 470 0.10826719137519095 0 0 0.07452165212253299 0.08516145457335272 0.0795590813934026 0.08055100054416203 0.0888541793360493 0.06266050525906046 0.0828689633703437 0.07985519639205876 0.0809572280616436 0.07500531806484736
48 480 0.09915331605771589 0 0 0.06890992258683493 0.07552676762056618 0.07248628320266995 0.07304674978332483 0.08126122448383531 0.05753993788947612 0.07567624683314664 0.07230506390778554 0.07130864996789475 0.07057431050965536
49 490 0.09066059859436273 0 0 0.06234610606631129 0.06649295683093961 0.06580794394050761 0.06554736324560659 0.0740553812767876 0.05219558215286721 0.06927062389687177 0.06561131458272403 0.0659059221407838 0.06326285904089211
50 500 0.0792723374523419 0 0 0.05355499668753157 0.05832317098079214 0.05628051172788238 0.05636720729948673 0.06304863733512273 0.0450380205251221 0.05991642081604851 0.05771284760207375 0.058203329214580934 0.054616782182814336
51 510 0.07246548511095599 0 0 0.04796016977624442 0.05334397417269256 0.05054772589611451 0.05208937074067399 0.057581889515226574 0.040381981749778785 0.054658041296700426 0.052208806410216094 0.051955494524940936 0.049612138138615265
52 520 0.06843206551404755 0 0 0.04488442686954901 0.04868072446940205 0.04846211800657749 0.04883950798578728 0.053986885896082956 0.03649232434508719 0.05094466989388606 0.04968797645225964 0.049382914299708286 0.045813573177161664
53 530 0.06993583676640673 0 0 0.04514101239136299 0.04967606431982301 0.0499053997771748 0.0490704656090284 0.05468145748122196 0.03669366561019148 0.054802220721231275 0.04995275015998377 0.05003244896195686 0.046900938128628965
54 540 0.06959114210516967 0 0 0.04480257773559251 0.0490854988147228 0.048737605429377516 0.0489397210859371 0.05358982652648513 0.0362935307661147 0.05465554419007246 0.04960249006290933 0.0509714522682593 0.04691540621542175
55 550 0.06668577230922156 0 0 0.04347440236433502 0.04637275705287182 0.046050895050263774 0.047116899291228954 0.05139849663446925 0.035492884683475084 0.05271898925279016 0.04787923112862288 0.04737963931943465 0.042938923176836084
56 560 0.06715372051594526 0 0 0.04413359366990516 0.04703756682666763 0.04566055475493193 0.04693625147738331 0.05324131200834874 0.036372208418401795 0.05326775328837967 0.04830099620709265 0.04809912582183212 0.04125422016829769
57 570 0.06634585068049864 0 0 0.04353834526331098 0.045561442812970816 0.044584973288421606 0.046935499364075026 0.05156903590796628 0.03519257658832799 0.05197969856163255 0.047749934045029155 0.047530908169454274 0.04126893075981116
58 580 0.06715159324230656 0 0 0.043842608050608495 0.048062978955776776 0.04386953807789234 0.0468614645028294 0.052361121882614055 0.03502320647629598 0.051584397992445796 0.04837368693353574 0.047918622835571016 0.042641972781952295
59 590 0.06430898785961237 0 0 0.040976396673647004 0.04691633170579867 0.041142372474924256 0.04462226385742845 0.05044059177271897 0.035229059538088275 0.04912240947213747 0.04622832414599288 0.04504632436233152 0.04159106287213603
60 600 0.062452640604873724 0 0 0.03882156687311281 0.04409785246810185 0.03908135506799135 0.043303056872118106 0.04907786843794965 0.034681050923422455 0.04757916802630264 0.04430952983998571 0.0461662530579338 0.039427362558263686
61 610 0.06250252504114126 0 0 0.038846224013803984 0.04494634663925211 0.04051905369379746 0.04323776377580377 0.04895977683854997 0.03468314675824343 0.046324026687301956 0.04385003759572829 0.047694912889804264 0.03940569546016736
62 620 0.06188844548628824 0 0 0.038284646226271965 0.04397005743022784 0.03984435543277431 0.04362556710830678 0.04825641066580232 0.033541525314924686 0.04468965848774363 0.044542900327043576 0.04690251508970444 0.0386406520607282
63 630 0.0622342869440843 0 0 0.038960514140564464 0.04436552641759508 0.038244988250214655 0.044388092444570496 0.04796044265197197 0.03327864573974151 0.04546319141290714 0.04565204272807758 0.04576338827918171 0.03862078828103234
64 640 0.05940342273384051 0 0 0.03641277981809942 0.042141778569149684 0.036476943383975835 0.04091092486343771 0.04606119305812078 0.03125171379602062 0.04294962398748251 0.04382527300601449 0.04315756368227254 0.03670563835495697
65 650 0.062310077337666546 0 0 0.038068507822969465 0.04377875550589552 0.040047789666629474 0.04269680939820461 0.047977405719167934 0.03309525047407833 0.04461851110593444 0.04401879438548478 0.04518993377810039 0.03822806543382831
66 660 0.05827471640008168 0 0 0.035693111054997756 0.04028055436911338 0.03796434012154727 0.039527985425604685 0.04389890260691414 0.03078800297335592 0.0409213320904172 0.041167443750669136 0.04144588954469584 0.03524971061469924
67 670 0.05507284921112763 0 0 0.03360495090932892 0.03809597364179159 0.03438793611158231 0.036789095984691815 0.04205494757427808 0.029072589400939194 0.038283522337649756 0.03861165019056606 0.038510277981810406 0.03303578736845729
68 680 0.054791966356525126 0 0 0.032256993941099626 0.03731954257798741 0.034958155312596585 0.0367198719861535 0.04169237290826201 0.02875792306273104 0.03811895871934527 0.038267779552773704 0.03754116279909278 0.0332919390997258
69 690 0.05345420906264757 0 0 0.03043645216555471 0.036041968089973446 0.03437973394750569 0.03578435591826221 0.039776082469391176 0.027978480821656892 0.036727817697617994 0.03600457859463446 0.03587982745456616 0.033117143314663554
70 700 0.05379885648390307 0 0 0.0309476233148578 0.035542566765620426 0.03439209892399202 0.03558785726696 0.03950338343933727 0.02726884397942681 0.03703478697171838 0.03632019891283845 0.03536534954359876 0.03449264395060604
71 710 0.051763260898867285 0 0 0.029967612956369807 0.034484210523613466 0.03361060144885778 0.03491655085920596 0.037635672694812286 0.02626942390223026 0.03551941549134721 0.03395389416278784 0.03327211803381831 0.033076126886968704
72 720 0.04870103141689981 0 0 0.027993055471978886 0.03173163017934921 0.031591272107638395 0.032241507780045725 0.03528416274537573 0.025032507777687743 0.0323929878105973 0.03169841352785762 0.03040717909930119 0.03134080319328209
73 730 0.04543694389000641 0 0 0.025405707002821912 0.02925357206028343 0.029489118012647458 0.029877447631406966 0.03313385735085775 0.02307187580911416 0.030024460832364288 0.02906388122800712 0.028412110909152983 0.02808769368206321
74 740 0.04196208986367524 0 0 0.023081530418618882 0.026732899258894566 0.027217491733423176 0.02702787043248428 0.03089863140789511 0.0210672309199894 0.027789282440105714 0.025887711362987238 0.026126806191572975 0.02584302648750134
75 750 0.038499378614331566 0 0 0.021539689751245494 0.02452887893359265 0.023630675629566476 0.024290501903085925 0.02849551987717528 0.01937919825796432 0.02521547666266498 0.02372479832967474 0.023679142932166754 0.02367737240693276
76 760 0.03806228424959923 0 0 0.020979108306660957 0.024082153286647683 0.023755285640141482 0.0236646546768666 0.02816655534616734 0.019163599214400955 0.02436339638571113 0.023685734340938545 0.023409818128684586 0.022901972594183678
77 770 0.03582969672057235 0 0 0.019973582981489567 0.02243895386455148 0.02252904900793307 0.02221693681655937 0.025212282579233556 0.01790671517721967 0.02291897951669267 0.021486687788653484 0.02182273532738191 0.02131460236425673
78 780 0.03183266522314346 0 0 0.017450512943683584 0.019542934126871605 0.01965917736503882 0.019771790728311988 0.022348998753029013 0.01555770994107938 0.019903998241854817 0.019022342204953534 0.019248638315096267 0.018840205899279854
79 790 0.028088492173570925 0 0 0.01520379498234709 0.01712755411050203 0.017022553573503244 0.01720365048660733 0.01945865220572282 0.014143471582762471 0.017223366242519723 0.01674962624757739 0.016895953642804603 0.016226611012042574
80 800 0.02540009531106267 0 0 0.01342656638566417 0.01557219114085964 0.015167798122524582 0.015554429735669952 0.017460556429793266 0.01263390298039092 0.015513386486914164 0.014999085784352755 0.015092355986328949 0.014503535424023446
81 810 0.024102816642007786 0 0 0.012684285511411092 0.014674432000160761 0.014402109405746441 0.014826382367825488 0.01646699911951926 0.0114495216238835 0.014401898731037198 0.014288188310404175 0.014142152052452835 0.013795919997515537
82 820 0.0219993896311442 0 0 0.011797186529320864 0.013149244218515085 0.013081563317323 0.01350280640665659 0.014736197631719569 0.010477576412846912 0.01292894054815704 0.01293872379928002 0.012899211649913556 0.012506433894531236
83 830 0.021318172038434172 0 0 0.011563961442278139 0.012757065978453257 0.012941154617455479 0.012871711110269751 0.014087367862296824 0.010182344158477446 0.012466523275227886 0.012427864831066029 0.01221854839364568 0.011612199255230677
84 840 0.02077603259725681 0 0 0.011631229253408638 0.012392289505235044 0.012715801511740423 0.012420584475284345 0.013408808997167718 0.00953509251564362 0.012157050345164594 0.012100401899778672 0.011888026716835363 0.011190508869235739
85 850 0.020272888362778605 0 0 0.011281483771459766 0.011754783539490752 0.012363883707606877 0.012236825708708689 0.012884527355705376 0.009279501050797787 0.01170771883454783 0.011656127673368046 0.01140202809358794 0.011029435685106496
86 860 0.019384251035638005 0 0 0.010837300473147722 0.01119059977927861 0.011757023684486754 0.01172379629495195 0.012564582094456168 0.008889370937219884 0.011044177320561089 0.011054928586617562 0.010977094817688944 0.01013846463116501
87 870 0.018375510279010767 0 0 0.010000345434004769 0.010647026145795907 0.011306214010115929 0.010834468442703991 0.011888158255925601 0.008401911223326737 0.010420157457295904 0.010516897464063072 0.010126548199461101 0.009568576356360577
88 880 0.015893498298663832 0 0 0.008593591985233053 0.009211174412556351 0.009682567704860064 0.009417188674358734 0.010057929196911994 0.006895706175394715 0.008853460649344315 0.009102946333656065 0.008650333412716949 0.008313835517404802
89 890 0.014701585655076937 0 0 0.007827089190638082 0.008405613812997741 0.00872452252638724 0.00879995456396327 0.009351497727062084 0.0063314751364614945 0.008161652115819089 0.008351111954522197 0.007836999615374002 0.007635496114983061
90 900 0.013258027485763539 0 0 0.006987661902185134 0.007529907875797842 0.00792507626084283 0.007899881760484714 0.008504186012545488 0.00570415488744317 0.007406091406198774 0.007302452733083558 0.00683331302048937 0.0069704913346700405
91 910 0.012508329772073777 0 0 0.006747993469407152 0.006999685045454576 0.007407858846718394 0.007436170603907171 0.007984564086953066 0.00525522423017643 0.006975383478387655 0.006853163779116963 0.006248979181392046 0.00649644270899275
92 920 0.011878304779586003 0 0 0.006390572251740698 0.006582179524806369 0.006948572991842302 0.00699848075533607 0.007538807037095216 0.004955783833291562 0.006536362672428617 0.0065045024896351125 0.0058000605949217925 0.006121704819774951
93 930 0.0114169895822682 0 0 0.006145111359924099 0.006301524313437485 0.006787655553021759 0.006664624703116668 0.007065850286185197 0.00481698618254716 0.0062520009697333975 0.006211600840012869 0.005591614167047679 0.005782187988838457
94 940 0.011051854091591047 0 0 0.0058546645922690635 0.00591940601369229 0.006561393210576768 0.006467398244724031 0.006700115522454514 0.004815792878625095 0.0061600951583261265 0.005835753317609537 0.0053758526436635794 0.005521837003289735
95 950 0.009841465988745022 0 0 0.005239809285988783 0.005223614478375068 0.005567418699555292 0.005675920476482224 0.0059566237161609165 0.0041993865629961135 0.005463711069603093 0.005044046350363152 0.004730543424260136 0.004833571950642151
96 960 0.00926594061220964 0 0 0.004926074669161491 0.004880899445870129 0.005155337024196292 0.005339917556452133 0.005608636075845692 0.0039926934703788195 0.005106949111511573 0.0048369029935599415 0.004444025084896869 0.004422977870511337
97 970 0.00856120607372992 0 0 0.004572398746786784 0.00444166677753728 0.0046888336246621145 0.004846001143081553 0.004928212447788711 0.003742599635806038 0.004735755984052885 0.004255547655612799 0.004034165023875198 0.00412530096508873
98 980 0.007823721071847577 0 0 0.0041254299441371685 0.004018322187371349 0.004160130452007451 0.004454961846851234 0.004502371171977332 0.0033319310320616556 0.004324539299448769 0.003876724325663648 0.003661118951472583 0.0037237964851542303
99 990 0.0071613039907235335 0 0 0.0037760280836784074 0.0036613935512110228 0.003668535638676498 0.004123359268689725 0.004149757265322851 0.002985463129845732 0.003944888332002913 0.0034418201539873614 0.003308121490537793 0.0034064891391390917
100 1000 0.006096799605049909 0 0 0.003129105635865905 0.0030913559662980312 0.0031089803688839996 0.003424847117596524 0.0034402907486814622 0.0025325947028110372 0.003339834663084812 0.0028993796088431457 0.0027909806346760333 0.0028976975556638976
101 1010 0.005774978854066374 0 0 0.002994608692510629 0.002939657485941111 0.0029071724855472196 0.003219613403252792 0.0032066668868331026 0.002355775539004411 0.0030977590716440113 0.0027281117963147816 0.0026475559331530876 0.0027746982382888434
102 1020 0.005634094170289519 0 0 0.0029177910290825227 0.002968319924101968 0.002826890087706968 0.0031459584675605765 0.003096188674564485 0.00230341471106905 0.0029746123015006796 0.0026206553072228925 0.002561641648188642 0.002586551521251728
103 1030 0.005397378885486458 0 0 0.0027504065052379747 0.0028007106294255734 0.002679546023416035 0.0029633107118147857 0.002953839108061141 0.00221929606830414 0.002809562617517559 0.002484034622435152 0.002526272488760767 0.0024948191419874853
104 1040 0.004958959321721071 0 0 0.002461527596173522 0.0025458563496067546 0.002423258639414952 0.002779024658153902 0.0026816269425425543 0.0020316916996026228 0.0025360845316220256 0.0022687656859000987 0.0022894243713294385 0.0022932491503559653
105 1050 0.004622255597963555 0 0 0.0022756519806281976 0.002352916427144503 0.0022567871314275595 0.0025811589051988166 0.0024493025161228133 0.0018956085671609979 0.0022821894279538985 0.0020955804988871834 0.0021650791170912094 0.0021125778295826804
106 1060 0.0042757332403007805 0 0 0.0020343068379112808 0.0021433030895033982 0.002032721950304189 0.0023730432290823456 0.0021988861413127455 0.0017903417642646541 0.00205956893350402 0.0019510477920657275 0.0019822263402066074 0.001915973527615318
107 1070 0.004138405348360904 0 0 0.0019855402969758337 0.0021192120117835634 0.001953373842276654 0.0022948405429400326 0.002154444208580715 0.0016902322899935158 0.001992099403207094 0.0018846393395221678 0.0018567434018516278 0.0018136289348192143
108 1080 0.003993756238045034 0 0 0.001913514399448969 0.0019898991433190375 0.0019267867516158889 0.0021843163458935486 0.0020529556226501788 0.0016352012033055232 0.0019367706533872215 0.001796866667908367 0.0017480616724407016 0.0017442117453617336
109 1090 0.0035844469725850323 0 0 0.001696242898688258 0.0017934296898639154 0.0017106176164184167 0.001955322323587326 0.0018253745392714353 0.0015002271573093687 0.001696706947207795 0.0015693662569575182 0.0015576716911611345 0.0015553493951159221
110 1100 0.003415091295292159 0 0 0.001605054610469576 0.0016607182021546188 0.0016269995678196915 0.0018368103022769902 0.001727742833610352 0.0014163187867336782 0.001586975805306425 0.001487105707160536 0.001504311052767883 0.0014890309435692417
111 1110 0.003120800640450864 0 0 0.0014354002859409828 0.0015041012274368227 0.0014677333347828344 0.001673286233791389 0.0015522108960738877 0.0012999972291095347 0.0014284929792660345 0.0013436038823956215 0.001356245474103387 0.001351409154229549
112 1120 0.00300074839604888 0 0 0.0013663498565763342 0.0014221900815346849 0.0014043658632936456 0.00159515839234177 0.0014268347497467422 0.0012328252509713742 0.0013819858814512693 0.0012799759059162192 0.0012986174377680724 0.001302463727241207
113 1130 0.0029362853668401918 0 0 0.0013169534011306444 0.0013872357565585405 0.0013545127921118839 0.0015554878780093778 0.0013956533847672733 0.0011849350334338729 0.001351434078865971 0.0012532881720929534 0.001257722807633957 0.0012652896462480936
114 1140 0.0027495932744809404 0 0 0.0012247549406099799 0.0013558802256265791 0.0012123797219126507 0.0014568334828155643 0.0012983143062359822 0.001107548673239415 0.001255452859988992 0.0011695978973564718 0.001183781795727274 0.001184388606811154
115 1150 0.002574386527540781 0 0 0.0011278955641742367 0.0012527804272345622 0.001128124056496232 0.0013273451907161217 0.001194569466164839 0.0010354368945751048 0.0011683449132463047 0.0011075474288510356 0.0011264936188461908 0.0011096322126543433
116 1160 0.002275612332739702 0 0 0.0009907181397133613 0.0011011614429527366 0.0009699928320427087 0.0010946575259807904 0.0010592657896347024 0.0009162736527231385 0.001042262615092149 0.0009824795824470724 0.0009898153109035596 0.0009923438576154174
117 1170 0.0021416642308240558 0 0 0.0009229733762564726 0.0010275722897707662 0.000914168312740131 0.0010215342639747031 0.0009971773904517505 0.0008366737390369602 0.0009905395193333048 0.0009134680265783369 0.0009284001674355036 0.0009316530765624145
118 1180 0.0019472932591613741 0 0 0.0008282777986519872 0.0009176393345599084 0.0008148550039214131 0.0009178380771402351 0.0008888541124435772 0.0007463633301141735 0.0008989356923470986 0.0008215561234704747 0.0008496517300404234 0.0008434420119635249
119 1190 0.0019236099639402986 0 0 0.0008079498282727889 0.0009143320166445559 0.0008134010752688042 0.0009000792534296465 0.0008843910596689374 0.0007261067952584728 0.0008762106688638123 0.0008285332140184593 0.0008189554460275797 0.000817363031058992
120 1200 0.0017780500746890934 0 0 0.0007509398292220519 0.0008049803901238065 0.0007667128127009314 0.0008098566908699025 0.0008050733503481886 0.0006634494353483811 0.0008015126690470436 0.000742881602801393 0.0007569888054590904 0.0007520401183111767
121 1210 0.0016256632015041342 0 0 0.0006725410358913295 0.0007165323845983284 0.0007061795818595962 0.0007530766716394131 0.0007430780889976916 0.0005883311109279174 0.0007232522371680706 0.0006778571625237383 0.0006963745018249925 0.0006753458614373184
122 1220 0.0014761122714866818 0 0 0.0006187932800858104 0.0006358252563099596 0.0006345198117145879 0.0006847981823488377 0.0006592672471623147 0.0005276662608616307 0.0006575985182578593 0.0006055631133194085 0.0006296309636921258 0.0006153819688687833
123 1230 0.0014968932031266013 0 0 0.000627161147038272 0.0006499982844970811 0.0006372150262817951 0.0006865219166324267 0.0006641205231206938 0.0005358046535367938 0.0006499977866407583 0.000637601631353279 0.0006638496861429643 0.0006199719747542262
124 1240 0.00145383605778457 0 0 0.0006155334924921753 0.0006299691448188346 0.0006054645101878266 0.0006577616354997933 0.0006384928580637636 0.0005108654272500206 0.0006050550556479896 0.0006295161928902428 0.0006334661743645128 0.0006008149445549545
125 1250 0.0014202559563784261 0 0 0.0006012250077132819 0.0005874884436051292 0.0005959903189317817 0.000640399573600795 0.000615853807156816 0.000495394443041697 0.0005795866324021587 0.0006126398499997188 0.0006052367241175976 0.0005879823539901688
126 1260 0.0013477706970072341 0 0 0.0005624573821883101 0.0005551262370048356 0.0005622521439116373 0.0005886957242915698 0.0005730697328898982 0.000464366875824607 0.0005448736350820002 0.0005764634963479803 0.0005846935377422749 0.000557903381399493
127 1270 0.0011894056771025816 0 0 0.0004909551060965655 0.000484812102139006 0.0004976960211359828 0.0005093648478472915 0.0004992704381380802 0.00040887376795404435 0.0004820649548824455 0.0005074581333993795 0.0005098874084413965 0.00048631154095883286
128 1280 0.0010750184463371479 0 0 0.000443602612687982 0.0004266250160525113 0.00044716866050269877 0.0004514034796826912 0.0004478089859715157 0.0003655676885718031 0.00042692243184590153 0.0004480560446600918 0.00044847401612401296 0.0004426752141354455
129 1290 0.0010189304203575033 0 0 0.0004256694578140188 0.00039004926972219646 0.00042064591347258017 0.0004179980197110064 0.0004149647942482663 0.00034460643449134905 0.00041692245974612584 0.00042647199600207616 0.00041368259430200064 0.00041985731646283374
130 1300 0.0009189919374314772 0 0 0.0003796782629774496 0.00035062719412947264 0.0003768558747085582 0.00036994254192735434 0.00037287573119428914 0.0003067693161463805 0.0003800253450761476 0.0003803614642056435 0.00037408488373462574 0.00037672342900181886
131 1310 0.0008157592090852524 0 0 0.0003372452677758863 0.00031219509741043923 0.0003382309877730296 0.00032469517043556535 0.0003302587299510869 0.0002628284662842664 0.0003282960485675327 0.00032803332372825615 0.00032511217620284546 0.00033291568114223114
132 1320 0.0007230471335451893 0 0 0.00029250007739701 0.0002745246300763643 0.00030259928827107457 0.0002882936930917967 0.0002946219352916577 0.00022668305862844553 0.00028522576162678796 0.00028411678065300746 0.0002929357088320221 0.0002887273238429134
133 1330 0.0006232891335376803 0 0 0.0002444436728325972 0.0002348638805389385 0.00025998378876761766 0.0002442934632707533 0.0002498619544577707 0.00019348225958050762 0.0002436615041155485 0.0002443412499428876 0.0002501981417536484 0.0002504232488021535
134 1340 0.0005589655272653695 0 0 0.0002180701328293181 0.00021111911713693094 0.00023284325068384154 0.0002222908090370661 0.00022102200549856674 0.00016953002796471936 0.00021714808630637526 0.00021936073237548384 0.00021734475021944162 0.000219627613469146
135 1350 0.0005284147406339702 0 0 0.00020342303324991556 0.000196895190201011 0.00021107030674896862 0.000211289811034509 0.00021021494570096474 0.0001598999392690879 0.00020299469543203709 0.00020746681657653177 0.00020316917441397657 0.00020452268559976726
136 1360 0.0005226599654042588 0 0 0.00019656182352113468 0.00020076330189271692 0.00021027156884185027 0.00020659697267185257 0.00020915449432547486 0.00015386696048432313 0.00020402656648803414 0.00020922101201079025 0.00019885517543194965 0.00020174420994543374
137 1370 0.0005077879506448251 0 0 0.00019310877921399047 0.00019416193301030442 0.00019941887403373943 0.00019554625970118013 0.0002008250447475472 0.0001486996831807273 0.0002001679433264427 0.00019688063856582717 0.00019203122782883477 0.00019253187300402532
138 1380 0.0004902783760583973 0 0 0.0001815726608771122 0.0001829909271685736 0.0001933948650249307 0.00018845076134319574 0.00019437182903929903 0.00014391105853978363 0.00019293419530466588 0.00019779217307627282 0.0001838719299067994 0.0001821705813173071
139 1390 0.0004416917654844875 0 0 0.00015943372637236433 0.00016354732494819514 0.00016988900357911956 0.00016858172067018572 0.00017088476077203716 0.00012977212638413387 0.0001733533396661955 0.00017518567806275195 0.00016527755379410026 0.00016111348359318665
140 1400 0.000411854750923821 0 0 0.00014454884147635774 0.0001511530582235576 0.0001584249592594889 0.000154078625683791 0.00016108235809744937 0.00011592048469856486 0.0001605869091727281 0.00016461562139448592 0.00015437173180918548 0.00015245762235262792
141 1410 0.0003696821456122004 0 0 0.00012853606718682355 0.00013518440229805305 0.00014301753229640834 0.00013782722537331377 0.00014459443659207408 0.00010218703704848281 0.00014297484858814214 0.00013952402647725347 0.00013891060411251054 0.0001375394859223994
142 1420 0.0003451290846330396 0 0 0.00012043627155546018 0.0001256949733799255 0.00013285845064465884 0.0001254085716317691 0.00013459388687914306 9.416896746039871e-05 0.00013148605110920923 0.00013052830630946123 0.0001270117053513511 0.000126035967412521
143 1430 0.0003211468873008444 0 0 0.00010988482332153071 0.0001162192512665915 0.00012237888328311736 0.00011894320148258321 0.0001256502254653493 8.832939115356992e-05 0.00012178168942007145 0.00012080849558428864 0.00011772690888490559 0.00011368709507847311
144 1440 0.0002886280956948781 0 0 9.961988609284163e-05 0.00010360539239056428 0.00010952254021467818 0.00010387324648927951 0.00011180518016425536 7.901401616340719e-05 0.00010725572523140435 0.00010958305061541024 0.00010368481069296361 0.0001038606924974174
145 1450 0.00026158419661279975 0 0 8.918634539968038e-05 9.347172262183197e-05 9.938409715674552e-05 9.403057723520292e-05 0.00010038792911546405 7.195526220172898e-05 9.684046438809146e-05 9.946869383988933e-05 9.210195242171667e-05 9.213394080307239e-05
146 1460 0.0002461297520125424 0 0 8.33907574209119e-05 8.790367603435674e-05 9.278260986015067e-05 9.085510895424302e-05 9.545425943688275e-05 6.567812824879287e-05 8.88810875094217e-05 9.329757298430421e-05 8.509065455406655e-05 8.562762394747913e-05
