% # columns="iteration, evaluation, void, void, void, xmean", seed=905360, Mon Mar  9 13:19:46 2020, <python>{}</python> # scaling_of_variables: 1, typical_x: 0
1 10 0 0 0 -1.0069959637355037 -1.035818224462729 -0.8701195269108551 -1.0229173219479073 -0.8850741487695737 -1.0389219743541036 -0.9427042629670765 -0.7757058307368778 -0.937005921052268 -0.9521162768649677
2 20 0 0 0 -0.9857188770500676 -0.9914534483287493 -0.7275264794661719 -1.1371678665683467 -0.717243262643529 -0.9928723026376152 -0.9999567228082287 -0.5874781920709704 -0.8219421535222893 -0.8862877232439969
3 30 0 0 0 -1.0052486922701327 -0.9832302388919648 -0.6712980100419581 -1.0634961195336103 -0.5474758385060553 -0.7756761364098573 -0.8881613666557101 -0.6336893639399704 -0.8783993766055033 -0.8504814363030962
4 40 0 0 0 -0.943323152665207 -1.0104560566492309 -0.6818646474856642 -1.0827236707682302 -0.42785677840407826 -0.7395755507703136 -0.6873642388677587 -0.5840003134001179 -0.537099658292835 -0.8276482701154814
5 50 0 0 0 -0.9377251606191291 -0.9387290833349751 -0.6543042992198497 -1.0708419420157271 -0.09725200930799799 -0.48522262380158354 -0.6004125738461876 -0.4312187257343786 -0.2855922091600528 -0.7198404413282428
6 60 0 0 0 -0.7649038831600078 -0.7904447369571156 -0.3877983375055883 -1.1284027813730604 -0.0057576830722420175 -0.4135876329599643 -0.38189310164035645 -0.4342367740697212 0.10272887831950117 -0.9058480425515669
7 70 0 0 0 -0.5841787121208906 -0.5720642174780399 -0.47010068062623944 -0.9404383392786368 -0.12274270597994714 -0.3562336785301693 -0.25638313968616494 -0.2991091713452245 0.31421897882072497 -0.9386594553259603
8 80 0 0 0 -0.2299008899563989 -0.2655512096295608 0.014841083243335551 -1.1199852564760384 -0.02251249198799979 0.2152496337867722 -0.23188901703782633 0.2476585857126108 0.7980324546298786 -0.8287440938882974
9 90 0 0 0 -0.16173345493410762 -0.2359363144731545 0.5287457637419595 -1.0043321368148923 0.14635073395492432 0.2106922447591101 -0.052636210659962795 0.3298109587683193 0.9399625098644232 -0.5570019075112804
10 100 0 0 0 0.44244142454598634 -0.30693301843939175 0.5615778763254687 -0.011338241053247211 -0.04301349598812454 0.3036413317381712 0.0037781342170107868 0.2703490461243747 0.9476408967233614 0.15317314975967922
11 110 0 0 0 0.5401984302776798 0.1891089470950078 0.7690869068027858 0.5416244933443631 0.07836189175101717 0.6825336837221325 0.04381569773647935 0.11915493403079286 0.984572275326178 0.33651547202508214
12 120 0 0 0 0.20125644169399204 0.7163779554471472 0.34879701008105785 0.3850532955607998 0.533402643739566 0.4634882819722658 -0.034167011228458596 -0.06082637070769237 1.177457459939055 0.8063303672648471
13 130 0 0 0 0.6825633188897103 0.49608536246597545 0.44885527422559135 0.5638984927819001 0.6624082147215536 0.20700297764487102 -0.10605885380348735 0.16441159425706728 0.0719080349669079 0.6547574694212189
14 140 0 0 0 0.28894874013319527 0.30534499234115675 0.22730849898536276 0.40827313817745897 0.611074456909212 0.049041214195357674 0.1601894973175031 0.6042945907104297 0.29879047735282405 0.446915976649257
15 150 0 0 0 -0.025769946987411307 0.15114758011772667 0.141676934704362 0.5744545728762521 0.6411581848792693 0.03863643793517292 0.5024953758176209 0.06439040089340875 0.19829975239752662 -0.09441029987570271
16 160 0 0 0 -0.5246321498909854 0.34448563008171834 0.13759292129620748 -0.2494605026024891 0.809555146510474 -0.21724782733022074 0.6628310490507238 -0.05891785531105134 0.5851715875318317 -0.013319836429902046
17 170 0 0 0 -0.5665847161638664 0.29045787965002784 0.05963812972068326 -0.32696200286755106 0.9487266452864925 -0.11298088584644668 0.49584438452465524 0.1559921868501748 0.7094245509652101 0.03054730964394419
18 180 0 0 0 -0.4858533279846545 0.040394757408271253 -0.18536146259695502 -0.5215374949261364 0.38797057546862035 0.16995073087239193 0.18347340878374352 0.023286530854681298 0.6462512234040956 0.13289828943727786
19 190 0 0 0 -0.5388632793994665 -0.11461815272983625 0.2853315656109748 0.24424450151273214 0.3499851384101239 0.512143390342356 -0.037938096372422625 0.06422735894380403 0.5441313241039738 0.08635207275917652
20 200 0 0 0 -0.2714343879210283 -0.32996764066057105 0.02401517979973783 0.19121416380033895 0.3641507480764987 0.353475390976136 -0.3943648908316176 0.07016459656908647 0.14229910515525562 0.00783383076449344
21 210 0 0 0 -0.27112078345718943 -0.1530206615904727 0.11829602621671224 0.1605731004929574 0.26532465076142453 0.20161477015734236 0.035540630066939805 0.03430532968853801 0.6056459747522496 -0.007734863456680455
22 220 0 0 0 -0.30616624585943686 -0.36625783850939553 -0.017640971777994688 0.1769189113052097 0.13335781631849883 -0.01762270748024103 0.06582611259778859 0.3135384892262951 0.5061127990837564 0.28444151606343904
23 230 0 0 0 -0.25456623652404636 -0.21602871519334868 0.05610943059804252 0.25519967519497416 0.011456565475974734 -0.13759750173664959 0.0418971148253902 -0.21232772038951953 0.7007662482925672 0.13432756655504696
24 240 0 0 0 0.13709541268493763 -0.22671882382823777 0.2546988147775632 0.27546107716023227 0.13977627639055526 -0.10831351300549127 0.15583822770999736 -0.06681322046140481 0.6245323380867596 -0.02577658513329978
25 250 0 0 0 0.12923996887322628 -0.30284307808533206 0.21963354652713138 0.3662655632368923 0.20369699767794391 0.017290510763670802 0.1588579959006604 0.07848147087045368 0.4530477423236344 0.06401402303600094
26 260 0 0 0 0.22062747387876444 -0.21429982379208834 0.03313519409555496 0.3054259720171103 0.06784033330992434 0.21571726972907168 0.3030547030014748 0.05742845071111923 0.4291787165933623 -0.0368800724202067
27 270 0 0 0 -0.00930460064199709 0.14472754934419146 -0.004183031971331477 0.08247033259672287 -0.046315795806772364 0.20093525434560253 0.260823588241292 0.23927352443032057 0.57070001445359 0.021329808578332908
28 280 0 0 0 0.2562863996855328 -0.15208960537974886 -0.03656261150262642 0.11859446021677192 0.19509214964371382 0.21303264784115888 0.13077350890199002 0.07558690290454365 0.30725794104095216 -0.21019108106027756
29 290 0 0 0 0.24635351888596682 -0.035282474043209944 0.023037536803755823 0.11518580406325478 0.24926923497481693 0.39143193187309727 0.16303253159203135 0.13469929766505573 0.37033780084107343 -0.11286233925261757
30 300 0 0 0 0.12627519572836604 0.14241440939236227 0.30328292882554775 0.011856309159704884 0.25264769941174203 0.40844996957663066 0.1390654705476698 0.2266657634382581 0.40076969167267584 -0.13130418102950303
31 310 0 0 0 0.22037651268802502 0.3900837294020556 0.1614389197022625 0.09468985779430018 0.22195921635146848 0.48693132556606533 0.012111980615876372 0.33588866725612015 0.34131436803004284 0.03159288185788009
32 320 0 0 0 0.2785286266904603 0.31323248579446566 0.07881076051852542 0.1555413144915621 0.2580936618211391 0.4596115892535938 0.06338273392857041 0.3033885023831872 0.2551385683407908 0.03441432449605461
33 330 0 0 0 0.21477711826295598 0.2365715684612395 0.1685428944047939 0.137205909316344 0.24392578525372988 0.4296278399378177 0.1516251083983572 0.2353346798151835 0.40947581876480615 0.1823846687319998
34 340 0 0 0 0.2895951008451218 0.18617961295092542 0.11471111643504762 0.27181283652655525 0.28897423366743974 0.438337529710175 0.15609814124819288 0.3958810171547838 0.44824554972964453 0.23858192316001783
35 350 0 0 0 0.21813695048718404 0.2788071450553676 0.10889357858910745 0.32396829911013336 0.3463329522208253 0.455141791503989 0.31474399481917936 0.3712731748029104 0.3746077841077195 0.2666968204941374
36 360 0 0 0 0.32693209200445694 0.2494441175020234 0.16710892408255543 0.34396509005990966 0.44033858819838056 0.4043189627726685 0.21800350946191605 0.28076646234229224 0.3763426530080734 0.22002441331938133
37 370 0 0 0 0.28846791709843933 0.25252424067398804 0.24429729752139515 0.3800289380673973 0.39527653569691207 0.40689220420268385 0.177680383243948 0.3164467927504875 0.3858038639322322 0.2811038878026645
38 380 0 0 0 0.3556754945642304 0.3434580068697397 0.27904445619122925 0.3843430133885574 0.33902689617461984 0.3384765323030865 0.3205040618705103 0.338472642406583 0.22943251565347156 0.29368783185313807
39 390 0 0 0 0.30436737434632005 0.28116547034597733 0.2472369297038892 0.30970059343859746 0.4924462758999481 0.45811202898802117 0.2942815242036492 0.32606834398889717 0.31300488395914006 0.33007096298082733
40 400 0 0 0 0.3053626047505919 0.3408573549601383 0.26960801415647323 0.22676178807668354 0.4097425639255017 0.424744684357171 0.33640527699758577 0.34909205644782426 0.24292477460596507 0.3792528242994917
41 410 0 0 0 0.33607398295309904 0.4693229354317951 0.23619434640828962 0.2246938282002672 0.2934946412641711 0.46064232939590805 0.283203411010715 0.333378832608562 0.27146031231907375 0.40940593182041135
42 420 0 0 0 0.3369870731845779 0.3823612551341483 0.14025892288603373 0.20433420323054555 0.3096009130357487 0.40866388632676065 0.3317581361696361 0.34821160469045626 0.2462027378546488 0.4480803558874384
43 430 0 0 0 0.3747043541978489 0.3279357468514255 0.06335561228479936 0.25631845478900983 0.3210557952820089 0.3480610703608461 0.28513366796622064 0.23959889880229188 0.26519454868776304 0.3460524784171572
44 440 0 0 0 0.41661804478839237 0.3118906436294946 0.0641540093138443 0.2010604543190414 0.4044543416178945 0.3943707598528567 0.28834757823204904 0.21200351358754013 0.31853335031588526 0.3073836621905122
45 450 0 0 0 0.4342438192509661 0.4025901165283602 0.14587579348063903 0.2952320853624133 0.33943993748789963 0.36510639420787483 0.33300054041802707 0.2772481381427613 0.25524264625919174 0.31216256664746295
46 460 0 0 0 0.4501941424061348 0.36777550435422157 0.18308572195921452 0.33414276830211215 0.3128331046865985 0.32958048050668254 0.36533552067561004 0.23527116957628505 0.3112202939218712 0.3697000431119401
47 470 0 0 0 0.4702651520799234 0.41879159947736266 0.16377511952006918 0.37752303415919647 0.2971937864428515 0.33121440563484345 0.3135260379921882 0.1816035498993679 0.35658466223625757 0.3264733759366707
48 480 0 0 0 0.4115346383484836 0.41088274529476276 0.13754384408392636 0.32770240577372245 0.3193779271871252 0.3062124762893945 0.3501641510346074 0.22677392037701857 0.3564143174229329 0.413224510896221
49 490 0 0 0 0.4119449514208327 0.3984098861617623 0.1244960085724146 0.360956756518548 0.24624491031334417 0.31919434731806834 0.3624360886830112 0.24757382636283592 0.2723190040921896 0.3842150814292148
50 500 0 0 0 0.41389438460953143 0.42254022130557184 0.17598217575012207 0.3604566832270839 0.2899220285379796 0.3577135596420777 0.3380795916174735 0.27480945043429367 0.2892645725370544 0.3746169668005581
51 510 0 0 0 0.4179563462239797 0.42225746956859656 0.1750024431257823 0.3942092061374857 0.23403971381691008 0.3390946735217119 0.31636310577347665 0.291788999472701 0.3070689184950972 0.38089537587361927
52 520 0 0 0 0.40707871022302883 0.3963359722603954 0.20733731312357032 0.4046940139530242 0.23751155244974817 0.2980376162152373 0.3415450445373029 0.24688963737004277 0.3332923394509183 0.3639247330515742
53 530 0 0 0 0.4322482618314385 0.3825448335980337 0.23117552698243973 0.403021478464003 0.23558130936721078 0.2832236276076071 0.4164741147287766 0.22180829177110734 0.3358644976066657 0.37731304119041226
54 540 0 0 0 0.4117798524558714 0.41483011764232075 0.2281422140025288 0.34140648811680074 0.2486315277660137 0.27975728062023497 0.3748596517162509 0.2549242719940034 0.2626857927129708 0.41340250391453665
55 550 0 0 0 0.4031313446980562 0.4107061768390024 0.24416819974918527 0.39055611001111556 0.2814950889737075 0.27162198297543033 0.34195335281030803 0.2810923946772429 0.2778508436785598 0.4009198467342547
56 560 0 0 0 0.41593710458279237 0.3741686137896684 0.21160440712990908 0.39450482763935313 0.3267674910295442 0.24067266191686593 0.3351259324414597 0.2547524095389901 0.3059667119001308 0.4011087121719594
57 570 0 0 0 0.39926897186050964 0.36261137988392517 0.23192283100376831 0.3668665278824427 0.32636552448239387 0.2483815043655003 0.338479633234402 0.2357753658665483 0.2713524656523904 0.4462936461322569
58 580 0 0 0 0.40248443808489676 0.32465216338999503 0.2217849605000596 0.36361603860787484 0.3457477316530008 0.25831225950762987 0.318679980351786 0.241548549934748 0.2889949637790528 0.47692161262879595
59 590 0 0 0 0.41436324961760246 0.3096872742027422 0.22570976788017652 0.39254559351781604 0.3108029779400584 0.2983120458908886 0.28429710425901045 0.2707070887571648 0.284380569092457 0.4134316910693567
60 600 0 0 0 0.4149677096128699 0.32878116835547916 0.21360930454901014 0.36611904952563507 0.30699911175564615 0.3058439130878732 0.30823340026009505 0.26705763482536976 0.35794778691767926 0.4116902653911724
61 610 0 0 0 0.4139398597252468 0.37926560543828436 0.26056706406539826 0.33434575527189186 0.3095007347842957 0.278564203420902 0.29027668248361516 0.24795908369882963 0.3816506050888999 0.4031826830465763
62 620 0 0 0 0.3961038737837756 0.3709118533506327 0.26286581101597795 0.3082753536102644 0.2904633963517898 0.27004044949562883 0.2970451617605153 0.3058614217184332 0.3616079330682043 0.4334316318058067
63 630 0 0 0 0.3671894514076089 0.3957621691419832 0.2515174137937452 0.2885092928204524 0.3233473345877967 0.26657279608223605 0.2857083769662363 0.3295355823571201 0.33534692899616997 0.4357912366979244
64 640 0 0 0 0.3597567573075801 0.3996198825860634 0.26671920039372005 0.29363100448872537 0.32016839319630336 0.25993058263453367 0.28932908465257107 0.33481094163677755 0.3273442269385416 0.43280935122360514
65 650 0 0 0 0.35265437905561525 0.398144248863106 0.31801635004235884 0.27032174706387335 0.3440794658364157 0.24360585106078506 0.3084657592686687 0.33218423710748657 0.2987629935755208 0.4281770425128638
66 660 0 0 0 0.35196232147069695 0.38450072903216875 0.28834971062836506 0.29536325154266807 0.3697399655066989 0.2564123926566973 0.30191937252166645 0.30826449299598085 0.2925179209451323 0.4170000152295376
67 670 0 0 0 0.3392910043022052 0.36082712305747033 0.2886847088314197 0.31179533648117674 0.3911963119027929 0.25970003707860195 0.2827634717517724 0.3194095802990782 0.3040890776145095 0.4143336883278955
68 680 0 0 0 0.32518719546566405 0.3613864328283125 0.31482653283155254 0.33283158269194196 0.38698040793249294 0.2631349286699503 0.28713733372689704 0.2990658260571426 0.2999270292268275 0.3866007189996808
69 690 0 0 0 0.3355101669423842 0.36129479503279044 0.34055312556005374 0.322025456260616 0.3785940755315969 0.25596298648011084 0.29643715580842117 0.3105189317812963 0.29737894336340276 0.3675192595072364
70 700 0 0 0 0.3319164717096636 0.34799267149153185 0.35839168573266583 0.31920112093917624 0.35669134431739347 0.2567162535648343 0.3161814450769836 0.3238773359316504 0.31049521170520783 0.3478370671549353
71 710 0 0 0 0.33797985211120624 0.33097615452034773 0.3263985164870042 0.34801887111011465 0.35607849441155004 0.26623034619811675 0.3246754783869117 0.3244418651350598 0.3073326130363132 0.33713547803235416
72 720 0 0 0 0.3250169697759705 0.33771351901319224 0.33421267058283366 0.3512769736402806 0.34031661986473066 0.28100029233234525 0.3353114536340009 0.33145911355502 0.3127745350011426 0.3407926106365427
73 730 0 0 0 0.3179232824269599 0.3308257107151025 0.3355549364814222 0.3365153386755635 0.32633646856077836 0.28740767711094406 0.3239002080436554 0.3375560414189621 0.328224504339651 0.34601030492940016
74 740 0 0 0 0.322863215136785 0.3283684135023581 0.3224784288462804 0.342619336038218 0.31308966174789554 0.2793024504557672 0.3492265856761003 0.34594863972985934 0.32562729352342124 0.34761416831215525
75 750 0 0 0 0.3235400725633094 0.3414389517038888 0.32570288132137143 0.3455571914617437 0.3048391103958072 0.2962088723367218 0.3411937844907818 0.3242562127086018 0.32528309445048964 0.33810459897896566
76 760 0 0 0 0.3112446900454243 0.3363929003880336 0.3438604868332655 0.3428055184116632 0.29631760836912296 0.2988003778355449 0.3480661847138636 0.3074998495303098 0.3408621146558026 0.3437343558405043
77 770 0 0 0 0.2954949410575659 0.3371387419407267 0.3479990620343882 0.32757637857856153 0.30722327895731694 0.2908734022538157 0.3506944135254981 0.3173795141517839 0.33921981230009235 0.35173500781631434
78 780 0 0 0 0.3087603212749077 0.33761480567484903 0.33410729278895007 0.33647730713041274 0.3019078866058687 0.2975199149218862 0.3385453954032777 0.31464881478696866 0.34952532795871705 0.3373634998152854
79 790 0 0 0 0.3016514788680211 0.34008706448947373 0.33459654916903736 0.3404468131016102 0.3052939668282849 0.3040331734310249 0.33078898015839364 0.3198773713078395 0.34125704604860263 0.34470441184547485
80 800 0 0 0 0.30423100596645125 0.3234695758087721 0.3372094587499219 0.3399004725606674 0.31900886454490607 0.3032528390504501 0.328008099754899 0.3234793182667923 0.34180860419825576 0.3484383259792183
81 810 0 0 0 0.2941333020034344 0.3223828498395889 0.3395840971216621 0.34854416678103217 0.33086709171683876 0.30011578318821913 0.3285584003595096 0.31291958524869223 0.33861869165730024 0.3468806925369753
82 820 0 0 0 0.3108894976110652 0.33018138613879366 0.33149466958009177 0.34685623392845927 0.33010845633739583 0.3064703537319843 0.3230058634785645 0.3190019084572086 0.3309964636003956 0.34265124070810893
83 830 0 0 0 0.32058190363846306 0.33286182394059655 0.32154514738825885 0.3443725842622339 0.3321917385627976 0.3077912757394622 0.3252664550171677 0.310787604882226 0.3364367636146274 0.3350411041927401
84 840 0 0 0 0.330449686781045 0.33374192370640016 0.3287972169446625 0.3378194166146758 0.32983184238084706 0.30493229387085186 0.32795466635592463 0.31278932848629276 0.33347244472743137 0.32950480539952254
85 850 0 0 0 0.3331640132391117 0.3330663757213366 0.32521696455054655 0.3306402569958816 0.32796921725032857 0.30991668994633353 0.32500012007818646 0.31889970716790295 0.3392913788682057 0.3281787959984339
86 860 0 0 0 0.33323542641063153 0.32834398965564765 0.3328016205815282 0.33322425900973074 0.33979634498864925 0.31194581366481156 0.3199943419431277 0.31841898933015844 0.33209373371243406 0.32869460903454367
87 870 0 0 0 0.3270236929586732 0.323468765692915 0.3375620699977777 0.3408424530279675 0.33880640644336335 0.3100751623809868 0.31152797265510157 0.3215558018554019 0.3387929161470595 0.3262543486520155
88 880 0 0 0 0.32653068397101914 0.32896979447011054 0.3305963612581757 0.33422407451258795 0.3353964472708092 0.30908713224947343 0.3153825984402501 0.3217656448819483 0.3409078286875924 0.32804980043930704
89 890 0 0 0 0.32784531538561146 0.32802936558012935 0.33211786344198935 0.3265263537731876 0.3278456929287231 0.3125980885794392 0.3162518696550853 0.32599141441965 0.34271496318779565 0.32908053417382055
90 900 0 0 0 0.32883217361109107 0.3270712293400541 0.32657585045407606 0.3284256393883856 0.33426555689771187 0.3119917772309752 0.32314588400846705 0.3243581894012406 0.33584266661334183 0.3298839843673219
91 910 0 0 0 0.3362555405808301 0.3244211831563635 0.33048187421738157 0.3245453622525695 0.32978214452112187 0.3145933200209619 0.3224713959656355 0.32428547736999813 0.3387612144080652 0.3253210281501494
92 920 0 0 0 0.3306549717397063 0.3266421220230124 0.3347571863030827 0.32386740694210187 0.32828575323517656 0.3185952053556288 0.32426663881109985 0.32680588321134985 0.3365022068970124 0.32484659209342803
93 930 0 0 0 0.32952766087337576 0.33126340253879516 0.32654219503306653 0.32317088428587243 0.32984562161247394 0.31885223121057577 0.3254537154851028 0.326849220132643 0.3314583462946151 0.3288260621125466
94 940 0 0 0 0.33171899145979294 0.3284240167949168 0.32662652787704943 0.32147968164968793 0.3324466019954587 0.3215962030118795 0.32706782267048723 0.3259593083127776 0.3297069656000601 0.3267481994195529
95 950 0 0 0 0.32882841818054187 0.3298278183960137 0.32431447292782173 0.32281021331516624 0.3317890546381007 0.3186624123744928 0.3273087589578634 0.32616159479169 0.3310775174523353 0.32828499353699514
96 960 0 0 0 0.3274742402059789 0.3317834925713472 0.3253873430155134 0.32464470578131016 0.32812474158681354 0.3218597467156989 0.32124431516249513 0.3305588555681337 0.32952457530278934 0.33092922921293827
97 970 0 0 0 0.3247161403179734 0.3306082081729008 0.3259210345925211 0.3276270845584514 0.32646214271390583 0.32242269766741116 0.32383484041695715 0.32887762259283543 0.3306362104102225 0.33182253475088536
98 980 0 0 0 0.32416413142436945 0.3283221922002832 0.3271048081513939 0.329625360285377 0.3261146678681255 0.32164334575056236 0.32470869118601164 0.3291173959595265 0.33100074222102127 0.33254776313043943
99 990 0 0 0 0.3236420111556951 0.3302698004547806 0.32697681479212654 0.331083285503147 0.3237996255282446 0.32076511295590027 0.32558151645709615 0.3281849559356883 0.3308026757079805 0.331732007084769
100 1000 0 0 0 0.32400251061604185 0.3295291362950967 0.3284631443625701 0.3287136595991759 0.3271986880085289 0.3212359667768387 0.32551922592995913 0.32753478972710615 0.32990699054205125 0.3307892797267199
101 1010 0 0 0 0.32641682925350507 0.3274378523765634 0.3286668303984689 0.3273039430906832 0.3279615810909129 0.32207093913819673 0.32706087714422577 0.3266697268915412 0.328314354650651 0.328624851083895
102 1020 0 0 0 0.3278685424281158 0.32427194161193895 0.32900674086078097 0.3284946884932904 0.3272290342180356 0.3234298657476863 0.32530647087389786 0.32681789288318974 0.3290052478057322 0.3283466127369787
103 1030 0 0 0 0.3282791831531949 0.32650716433458055 0.3277550124167117 0.32951691477896605 0.32901209866517167 0.3238419969601306 0.32519890276223506 0.32651122298153124 0.32627364027464145 0.327374633729524
104 1040 0 0 0 0.3265156007244852 0.3268707892011725 0.32844454102474474 0.3257065079360338 0.3288623458250062 0.323652168950102 0.32719888199319913 0.3271313927114577 0.32773265510230004 0.32774945554773954
105 1050 0 0 0 0.3267679400862455 0.32623131418669155 0.3272880149189584 0.327935160938349 0.3283648576030715 0.3259988511166981 0.3263933605564596 0.32717819917539565 0.327029831334366 0.32834626831762664
106 1060 0 0 0 0.32781098347354687 0.32584359732849727 0.32730468284663805 0.32861977504220297 0.32847908721552593 0.3267188092532619 0.3260140745183777 0.3270277430223739 0.3267891911389124 0.3283583140192503
107 1070 0 0 0 0.32917171381933324 0.3239143556231317 0.3286897766303039 0.32774429543258327 0.32660687752651923 0.32667066559837127 0.32580140488611803 0.3263111608833572 0.32680707789599345 0.32881231960291485
108 1080 0 0 0 0.3289605806265843 0.3245413249839493 0.32741497607256287 0.3267047691695139 0.3262785953645323 0.3268706647352596 0.3280595093813023 0.3256512787035958 0.3276569382055081 0.3295658399710175
109 1090 0 0 0 0.32821994994721815 0.3261912708397377 0.32756512854624426 0.3264761513540847 0.32732921769956086 0.32487273937572997 0.327109865593269 0.32587055287717465 0.32897337222876866 0.3286133338305763
110 1100 0 0 0 0.32900901929943005 0.3259324680894729 0.32792228494269127 0.32550299844834196 0.32626538846733794 0.3255658147198434 0.3272990903111081 0.3260744989560777 0.32984972449178973 0.3270276785677038
111 1110 0 0 0 0.3272998973332316 0.32514566693194713 0.3284105242867949 0.3261115140820772 0.32712177125195774 0.3262093385219429 0.32715367675949647 0.3269913366351966 0.3289440975388185 0.3274264010453357
112 1120 0 0 0 0.3269076287135205 0.3246858660288728 0.3282218786680072 0.3265587255500495 0.326775996313931 0.3267621110740826 0.32745682826542866 0.3272618398496093 0.3279387130793847 0.32724772242777433
113 1130 0 0 0 0.3264432655274574 0.32543952726131153 0.32826485867609756 0.3273848472678582 0.3262224385349404 0.3264619410063633 0.32708329703554884 0.3278965370006642 0.32714400870182825 0.32692416478041403
114 1140 0 0 0 0.3272467808605109 0.3270377346403418 0.32768669077933327 0.3272612161759867 0.3259257271749507 0.3260850341357475 0.32721673994887873 0.32669708023467187 0.3271125373192002 0.3276030326711507
115 1150 0 0 0 0.3262027858607543 0.32700337439462485 0.32811832178320777 0.3276397716319073 0.32586161548308945 0.32590909065448903 0.3270946219123507 0.32783179498615733 0.32689691338807486 0.3271669295362402
116 1160 0 0 0 0.3271004244194565 0.3266355926163746 0.32795929051362016 0.3270767016679301 0.3261111881628947 0.32616059286382904 0.32711075580293086 0.328186689488966 0.32718086161096344 0.32696946575933133
117 1170 0 0 0 0.32707143073714573 0.32602993858318957 0.32736417232922854 0.3270361842920901 0.3267596109985293 0.32612934631626034 0.32794481448955604 0.32854230971430415 0.32678597823854516 0.32663759192674763
118 1180 0 0 0 0.3270719449414459 0.3264436011266359 0.32714028902139575 0.3271877239394722 0.3270822083000159 0.3257400146917706 0.3277741333651247 0.32844112378106377 0.3263992805434632 0.32679162142013557
119 1190 0 0 0 0.32724822291440303 0.3270487439920206 0.3264201985483761 0.32773107861290296 0.3275109742338231 0.3265437854877403 0.3273714825571482 0.3277610951184518 0.3261307756556211 0.32707513443150765
120 1200 0 0 0 0.32790123307296504 0.3269609925245381 0.3263907339216569 0.32766928310590065 0.32714603533851266 0.3265681982275747 0.3269487451548812 0.3279212792874179 0.32619624677906245 0.3269360628091108
121 1210 0 0 0 0.32753493874254125 0.3269427170194512 0.32627664325375355 0.3269908205006308 0.32739015359308365 0.3263573383158924 0.32708766789661736 0.32868832300021356 0.3263965155646997 0.3269501726806341
122 1220 0 0 0 0.3270994086070612 0.3272113083000345 0.3263180306293241 0.32691766213382056 0.32713303890348644 0.32651683889334765 0.3273774395195974 0.3285143938688257 0.326415826326638 0.32678297434813436
123 1230 0 0 0 0.32704352504841805 0.3266662220111875 0.32682239990399015 0.3270785207000566 0.3269998754375284 0.32686270614269103 0.3270752818086491 0.32748878437323986 0.32710699004242316 0.3272046008057088
124 1240 0 0 0 0.32684717880490866 0.32696490760131686 0.32679462106125995 0.32728876272365864 0.32739505255920015 0.3267342748782448 0.32698261675070084 0.32731909815418225 0.3269093558691747 0.3269348000337236
125 1250 0 0 0 0.32693497012027584 0.32712049425299516 0.3270201278994433 0.3270039080667384 0.32712296593999257 0.3271677510186455 0.32688278761314365 0.3273506409240663 0.32712277839299614 0.3267103822035063
126 1260 0 0 0 0.3268070275739081 0.3270171892932991 0.3270257207162266 0.3268920775769692 0.32706462637293865 0.3270988542147931 0.3266136235885526 0.32742610929405874 0.3275776842378891 0.326763279544905
127 1270 0 0 0 0.32709504844233284 0.3270692213085257 0.3266408852249508 0.32680843030546247 0.3270224851843639 0.3271237681553291 0.326686075524143 0.32776626974667444 0.32712386040648567 0.3271764464039887
128 1280 0 0 0 0.32694022149274515 0.3272094331991408 0.32672603151662855 0.32685495909689344 0.3272331899211029 0.32710093960203146 0.326713013649788 0.3276212300178229 0.32672089353222483 0.3274271854589409
129 1290 0 0 0 0.327263520120825 0.3268778355720955 0.32685248792600236 0.3270287611422382 0.327049923823351 0.32692629726842104 0.3272337862462878 0.32716608019568505 0.3268032042450899 0.32732632088170577
130 1300 0 0 0 0.3271254667479868 0.3268731116143612 0.326874358416954 0.3270877500546083 0.3273081562797024 0.3269598194401541 0.32663229212697603 0.3274556938303009 0.32722409860693613 0.32715568202471906
131 1310 0 0 0 0.3271412330268079 0.32697771019464494 0.3265613795799415 0.3271033858773651 0.3271089908348191 0.3270394064254892 0.3268100806681527 0.32748004309431195 0.3270746412841637 0.32745555253405706
132 1320 0 0 0 0.32718707309628337 0.32688977213918113 0.3268067197537809 0.3270109514316624 0.3273996892162816 0.3270406894018887 0.3267553019482458 0.32730336073951716 0.3268917210095584 0.32741790866102094
133 1330 0 0 0 0.3271771651921778 0.3268625761558559 0.326909409720804 0.32699513935335756 0.3273153059593787 0.32706690331966026 0.32673645915375693 0.32725225266269314 0.3269636184686693 0.3274203095819998
134 1340 0 0 0 0.3271736951874457 0.3269974077172565 0.32694318473459905 0.326841066740127 0.3272494382123564 0.32702909036473016 0.326852881306279 0.3271774607207008 0.3270461584645678 0.3273467026365612
135 1350 0 0 0 0.32717121889659806 0.3270301779799333 0.32695555307085855 0.3267094480426419 0.3270713882585746 0.32702239957155915 0.32701549795341467 0.32733115185953693 0.3271088743153411 0.3272664267387238
136 1360 0 0 0 0.32708952501019173 0.3271360533894977 0.3270533319785564 0.3269260427622427 0.3269432742157994 0.3269410937388096 0.3271125545547705 0.32710287337946437 0.3271632442603271 0.32722217376325435
137 1370 0 0 0 0.3270064423143388 0.32711106538939794 0.32713342332858136 0.3268727799915622 0.3269799919883238 0.326919027747887 0.32714109031668764 0.32720117129191584 0.3270323213427394 0.3271533287106188
138 1380 0 0 0 0.3271349909867021 0.3269595478853408 0.32718199094597006 0.32698973463321696 0.32701818384651843 0.3268655403075351 0.3271507825911536 0.32698232639723324 0.327024062619562 0.32722949228996884
139 1390 0 0 0 0.3271718089090837 0.3270711300654232 0.3271172990709415 0.32687768703730474 0.32699120698361667 0.326937616069985 0.32716398835614735 0.32705053665778444 0.32700573611953715 0.32713325177348307
140 1400 0 0 0 0.3272106739514458 0.32706794783312854 0.3271257717759847 0.3269856989168117 0.32709783840441875 0.32686388267056016 0.32708285367143164 0.3269986049618261 0.32699869157809497 0.3270411393107087
141 1410 0 0 0 0.3271482921937247 0.3270862348840252 0.32720057610905684 0.32701349715353584 0.3270600310212109 0.32686159176641116 0.32709044939793236 0.3269856109574397 0.3270702288588775 0.3270218656570403
142 1420 0 0 0 0.3270714001822208 0.32703089431764837 0.32717808967135775 0.32703832347836864 0.3270397643598115 0.32690055019720154 0.3271572781173005 0.3271201484087849 0.32707103810294325 0.32698014338722503
143 1430 0 0 0 0.32710330114456554 0.3270339967814906 0.3270994810472166 0.32711174077271404 0.32708028777076753 0.32697913147807134 0.32705294517401934 0.32710467802086274 0.3269885617789575 0.32700315197863977
144 1440 0 0 0 0.32708901554086867 0.3269726421951782 0.3272193183443308 0.3270407508851954 0.3271007237982526 0.326959716198147 0.32700749756577424 0.3270283896812518 0.3270591754672704 0.3270725446694788
145 1450 0 0 0 0.3271024048267448 0.32706426243435877 0.3271174122844681 0.3270180175012116 0.32709818862128265 0.3269906049490714 0.3269473988626813 0.327063617938634 0.3270561793233955 0.3271127564013589
146 1460 0 0 0 0.32702724854851944 0.3270592427285854 0.3270946777983679 0.3271077483651804 0.32701539712714695 0.32698491857025025 0.3269691534560811 0.32709230774162235 0.327079732216954 0.3271023192674144
