% # columns="iter, evals, sigma, 0, fitness, xbest" seed=1066142, Wed Mar 11 16:01:23 2020, <python>{}</python>
1 10 0.2035977989409156 0 2.6398762253922845 -1.1795720421293137 -0.6711587512287327 -0.737455906062033 -0.745701696925011 -0.98369225677438 -0.4876308473377139 -0.8383097809066157 -1.2560253348771957 -0.6291057036436085 -1.271124700292471
2 20 0.21370246531957957 0 2.5107623221624404 -1.2118594807608685 -0.9065836831206004 -0.8291710368490022 -0.3746057462397385 -0.8295662861480139 -0.7709483427988073 -0.5757328683512197 -1.2501014438489892 -0.9847596055537287 -0.7715931714416746
3 30 0.22226837469278768 0 2.3169256151177913 -0.8599068766489406 -1.0113749131507408 -0.9202161598130086 -0.631844170341309 -0.4298404150354815 -0.5322312623516388 -0.8262652479168425 -1.2949298138880145 -0.8518403486806365 -0.6804502212039106
4 40 0.2576353744105474 0 2.026486507561522 -1.116102782925393 -0.9236407201332344 -0.740608954254605 -0.09178266727782791 -0.5321235315337007 0.03826359245812361 -0.6113719262441217 -1.6018302786505552 -0.6721890047791835 -0.5316836538453349
5 50 0.2845496126231445 0 1.908151507984404 -0.6114857013035748 -1.082811535303698 -0.8339269125942168 -0.9189918922133078 -0.5475783402427373 -0.4770005216927915 -0.24724645772929388 -1.2611272099270174 -0.4347330563758555 -0.405123333616084
6 60 0.3204698645947676 0 1.4480497831265748 -0.6814235521338292 -0.6592150518239659 -0.9043323134746234 -0.051469538569079154 -0.5800844596194203 -0.18845985817001246 -0.1876829124449151 -1.2254226442239051 -0.6667586736754938 -0.24031500746926426
7 70 0.37892193604595 0 1.1779994105022114 -0.6227052059376134 -0.7243655403550353 -0.867236190197941 -0.25374125984468976 -0.44595886796853906 -0.1846301710483203 0.2904201348072811 -1.38774833781185 -0.11150929648993102 0.30794196410620445
8 80 0.4208876342362671 0 1.0377770052109685 0.4128935469132197 -0.23452557615193137 -0.785610105529126 -0.5291822365530889 -0.37048603658034784 -0.6764000331753066 0.1320895814608155 -1.067624704381893 -0.3639051147573277 -0.39132802619847185
9 90 0.4746504862537766 0 0.7212036127100012 0.41565147823441334 -0.8053752371060819 -0.6195592866076938 -0.34945814055862345 0.8777206495139986 0.38854795086912913 0.7106875445731873 -1.3236899837348086 -0.41799412339329584 0.24345110052164876
10 100 0.5191207264232737 0 0.2619373481270313 0.22457720445155244 -0.5219781618012304 -0.08017404825232999 -0.1326662900340926 0.5951531216498995 0.22376787642020507 0.32457052204471226 -0.760931123305421 -0.0556004106888065 -0.5020951359800523
11 110 0.5845452647512864 0 0.4166339593376891 -0.16629877634572798 -0.35040356530392075 0.271302700154952 1.2524507289715119 0.7537508878916575 -0.30642477041197747 -0.8609637455511955 -0.31583633978892967 -0.09131695788546063 -0.2687835978044547
12 120 0.6137505465348212 0 0.28569943284655586 -0.11545704498910792 -0.12494070603331976 -0.19805113848912043 0.7466927262789635 1.0661201994950023 -0.4728460788316644 -0.020325483167254188 -0.3754431935808839 0.6629785116711441 -0.545377244646581
13 130 0.6386025763030453 0 0.34880122300718996 -0.7479506602765522 0.34453668711839047 -0.2168796551071075 -0.43716350744963217 1.2649966939758337 0.6456176193127068 0.5176898124401301 -0.19455865278087292 0.44375105855336006 -0.35575031173576555
14 140 0.6802206527285782 0 0.5094302648352634 -1.0666448916426239 0.3551759365221721 0.07481992225553462 0.08378809828684039 1.6938986846779842 -0.2619705198388963 0.23481791098022028 0.016393895581594875 0.8540583607625809 -0.327998957104136
15 150 0.6659407028544164 0 0.25707253862377055 -1.0724523413628348 -0.1444115900213953 0.35488105138347853 -0.0379576935492628 0.26051124073711374 -0.26365482508918675 0.05183715153867045 0.9589947775120571 -0.14243134663367046 0.29930576615377535
16 160 0.6370904495933727 0 0.35598546252046287 -0.9182914710585772 -0.13650035603645572 0.119540900184694 -0.832779384321169 0.6376110930349348 -0.33627476541884804 0.5702692771153319 0.785704459268868 0.3441582527262806 0.6222160690171694
17 170 0.6724955555180455 0 0.23028718064977152 -0.3453342629571641 0.5203441677508389 0.5364273498454538 0.057643725232940646 0.16979989435903708 -0.4146498860242852 -0.0038448434911427243 0.629043909416916 1.0688267852647881 0.6201535158758259
18 180 0.6783367123156104 0 0.37916842767923864 -0.07525111974217047 0.11321001966522627 1.317053969087721 0.26817381078198255 0.4093977156635554 -0.17937434167481142 0.1809520720863088 0.9064663668306321 1.1244659867798774 1.373020577590138
19 190 0.7119284124731586 0 0.2521108859765971 0.7707584323565074 0.8153690105969755 1.3464310176473004 0.8056610490022685 0.12186455818784087 0.08942202209725147 0.5033670847075963 0.5825733746385751 0.2692453533297531 1.5958772923049374
20 200 0.7164495633765999 0 0.3626762004955285 0.1630319995112095 1.4388404246312116 0.4197980851061922 1.4392682290610659 0.5098849336168718 0.5253867293481409 1.9998272658911533 0.9118927295025432 1.3776346419770094 1.2010287656294218
21 210 0.6565264513466348 0 0.31577096900263446 -0.6754067050355853 0.8592129866373861 0.6749583983475222 0.4046835235016586 0.44037190772937207 0.3466423204556009 1.0592897744047636 0.636330489575724 -0.1455707282445261 1.0336573473430701
22 220 0.5811629223969254 0 0.1002545818431512 0.9542514100253249 0.7744879464913519 0.8472268430344092 1.0120276229178549 0.9633911277275787 0.4800091418288616 1.107840368921176 0.2579445203622506 0.6021498651704135 1.533477686732696
23 230 0.5585829087465901 0 0.19008873727520792 0.7255516531255007 1.1660451297200467 1.071548512818322 1.2708574407481033 1.115000555697521 0.5226414581421399 0.6055791155322978 -0.10266139399884877 1.4305259508480304 0.9017904984979848
24 240 0.5557765587044702 0 0.241173659480256 1.2446205566774786 0.9959637196632288 1.4148101446754562 1.0192234176636474 0.3637630440673305 0.5314127345219852 0.9687513660174372 -0.22599833924598653 1.316465525555798 1.1971958604976516
25 250 0.487323599723275 0 0.12050660329947642 0.916588749960179 0.8670015923279167 0.1519652188090881 0.7124454398299847 0.5960836143230349 -0.0701404874843582 0.45616768567734267 0.37465655993178393 0.07790902161860391 0.802593628951229
26 260 0.4491901449064913 0 0.09780669294679654 1.3646249117379607 0.6447336223458888 1.158331961075637 1.3551162439457725 0.6153293190190458 0.7175308898361863 0.9779938822966417 0.41112867025755984 1.0194300961934253 1.2834531985305029
27 270 0.4156673172916592 0 0.018129184549438813 1.12787296381158 0.9781339903267372 0.7984201377971112 1.1656918979210416 1.0790838589808514 1.024410280144484 0.9362548870700989 0.9606618725297249 1.332404277584558 0.7521436454675605
28 280 0.3828522963901137 0 0.017134002667685215 0.7417607883267054 0.9769961380586241 1.0643879295662417 0.5697041342321899 1.053276818378827 1.0704576371825474 0.8335243314645342 0.5124460740099926 0.8868876470228736 1.0349651474346724
29 290 0.3575901804636526 0 0.04556008609811424 1.1461491865096458 0.8943564605653794 0.7502071395711669 0.6280221752558544 0.7548786058121808 0.27624404595956153 0.7063518217934137 0.8963686937733506 0.830124969668609 0.4679729506677064
30 300 0.3337514088673613 0 0.04456202780492017 1.1485660066108978 0.818922153360177 1.22304083846578 0.4667128633687516 0.5663071416441383 0.5321746093851148 0.9875692698256135 0.957183475618893 0.9753111238892826 0.8603967784487971
31 310 0.31688089750168513 0 0.06187684780729401 0.8996897117957438 0.4931144221956778 1.1357102836761221 0.4717384209257281 0.43106097035656876 0.725836780837303 0.48679626281431354 0.8910288046573773 0.6487884204488512 0.345170594403147
32 320 0.30642273829918165 0 0.05787565985993824 0.19476999390652028 0.3151548811688526 1.0931584021914713 0.4502357974896158 0.43184064909569364 0.3583005617255021 0.7003194255673242 0.4329431512096197 0.9345954307302516 0.5060236044321532
33 330 0.28315773116917664 0 0.016784009008043208 0.9241655725265494 0.39595078426831276 0.7855204254860444 0.6527535009981782 0.7637124936852968 0.47788694206800497 0.7463565697265951 0.48807934663800867 0.7636140413209582 0.6968704704977915
34 340 0.255399215960477 0 0.007069722044927604 0.5352200788520514 0.5360765301412064 0.8969975307387215 0.6092595833664444 0.6841528371036741 0.5693262109513559 0.8377483259716774 0.9899084116741717 0.7972839761914666 0.4565214301439433
35 350 0.25103284371210266 0 0.01486942383612562 0.8141507164684021 0.9447521983005808 0.5011806631239198 0.6456378675544704 1.0219144308563117 0.6858599104415268 0.8852196984035908 0.9819641945145101 0.743772590244147 0.7685043728557149
36 360 0.24209206836593983 0 -4.967235853910561e-05 0.80054706525331 0.7740207504795291 0.6615304146347096 0.43461530218099304 0.5972893013224971 0.7208171515890455 0.46571994959514834 0.5844444289465452 0.4794128592525698 0.5376700920716778
37 370 0.22788861818385978 0 -0.0002810523925207619 0.6313969279509868 0.5968043986596939 0.6878630529580936 0.6307553073721167 0.7960932355101216 0.6367412262019684 0.6697412908337382 0.9426936653729069 0.5823741469183688 0.8316070509495213
38 380 0.19997531098154128 0 0.0019362576125366848 0.6862937448253773 0.5464972902841949 0.502451552529255 0.6301385887760461 0.8115128714489418 0.6806341761736375 0.6220830542639811 0.8213104838208483 0.6349724882776815 0.6348890135576098
39 390 0.17678089831242047 0 -7.940419232308153e-05 0.8186182466290026 0.9316284359000065 0.7987024977790873 0.5749381416497021 0.7503972153930262 0.871834343865276 0.5289870681171589 0.6996720163009442 0.8279694136327426 0.7462647662777631
40 400 0.16131401676892743 0 -0.0002552618856741422 0.9883893478623894 0.9156233938004659 0.8046068540286844 0.8842691185164486 0.8760927015116087 0.795332798638826 0.6322128778521511 0.8625808166171317 0.9478830636064426 0.7283130282715615
41 410 0.14850386679107047 0 -0.0005003918842344807 0.771598034541132 0.7325013985506582 0.7964032288323464 0.7579807022193836 0.624009111777502 0.7266671003332017 0.5780613315415826 0.6735588185994006 0.782477554875194 0.582364294630249
42 420 0.12902839691463402 0 -0.0003123388753632815 0.7877369864444212 0.8005698572650606 0.7130486638846995 0.913924989827964 0.8059284032727124 0.6405873188206527 0.7207984607759329 0.6885967955519288 0.8625452355068057 0.7395837835562773
43 430 0.11835428486373219 0 -0.0003787326853402076 0.762297648696787 0.7518494731910511 0.743715740992862 0.8724011692370758 0.5973847968592163 0.6877727581764271 0.5370716605866359 0.6713515520256464 0.6954015294571889 0.7338281442517324
44 440 0.11742238018174155 0 -0.00035374872885757486 0.8592267667293711 0.6303972883574044 0.6894889232846901 0.740560453642409 0.7125211054100774 0.5766151887023185 0.5721584383793856 0.8233616884522698 0.6663451151543519 0.7782126669758599
45 450 0.1042714609168151 0 -0.00038612898770534965 0.9161888761447134 0.6584101675348 0.7644909800872299 0.7855012681293426 0.7000317612652003 0.6509737893290984 0.7245604568662293 0.7379542044031403 0.7461531444572737 0.8766329250277392
46 460 0.10173967780439393 0 -0.0006341885346704406 0.7565399495176994 0.575077827501287 0.6594698618356714 0.6856521479425126 0.6395413202628386 0.5995352817821363 0.6942421136229704 0.733171940132637 0.6859777424181983 0.8010154198821381
