% # columns="iteration, evaluation, sigma, axis ratio, bestever, best, median, worst objective function value, further objective values of best", seed=871192, Mon Mar  9 13:19:47 2020, <python>{}</python>
1 10 0.17940761099935199 1.0000450010125153 2.7749957143262183 2.7749957143262183e+00 3.1149112025048518 3.4029358987911675   
2 20 0.18063337912350902 1.1238239342086265 2.4490735461761943 2.4490735461761943e+00 2.8746386314124948 3.346112696154466   
3 30 0.19656507911289195 1.179542932888786 2.14777692079944 2.1477769207994402e+00 2.554090589114843 2.800442352771809   
4 40 0.20855725602515726 1.3521294530734438 2.045627282144157 2.0456272821441570e+00 2.2912825681562845 2.9406508673518945   
5 50 0.22814653652161443 1.4758121801620605 1.8455694773575722 1.8455694773575722e+00 2.28060715298045 2.4506526287027786   
6 60 0.23465162442215257 1.6181341008555568 1.7645710763403475 1.7645710763403475e+00 2.2178764505548383 2.4570332238751447   
7 70 0.24519329790735642 1.6442908932257534 1.4504130508743465 1.4504130508743465e+00 2.243800658473689 2.620727465359361   
8 80 0.28656479723526973 1.7129547604993771 1.0453870214740457 1.0453870214740457e+00 1.6051875728404177 2.040311166658269   
9 90 0.31351597829718925 1.7732856235812076 0.9214600811885274 9.2146008118852740e-01 1.1714784822544921 1.5773148134239419   
10 100 0.3580428030057779 1.8189127947038772 0.5963579769247702 5.9635797692477022e-01 1.0010266190217283 1.4969440847265696   
11 110 0.4227302056793789 1.9626922345320303 0.24236282191370037 2.4236282191370037e-01 1.0719303214543356 1.2965877038137077   
12 120 0.46077989029338445 2.097709594968429 0.13980145205941197 1.3980145205941197e-01 0.3789344033721622 0.5822527448362896   
13 130 0.5144188412436546 2.124103054619809 0.13980145205941197 3.1652334046838543e-01 0.6680450714999067 1.3052490833987818   
14 140 0.49399278902944876 2.0145339674598546 0.10906979467401819 1.0906979467401819e-01 0.3979049544484594 0.602897543740384   
15 150 0.4907704404541238 1.9896914444816 0.10617702615580164 1.0617702615580164e-01 0.22196514998497205 0.6497448394764737   
16 160 0.4588329270209449 2.04330826025376 0.08770251405053966 8.7702514050539665e-02 0.3217615520946346 1.103823738703305   
17 170 0.43178515500547004 2.06533797547635 0.08770251405053966 9.4771354343054809e-02 0.25006760009723467 0.559601489955758   
18 180 0.39131030601790007 2.0574758794125296 0.026381021297439886 2.6381021297439886e-02 0.22950886309708748 0.7420601142700035   
19 190 0.38123159931431116 2.0284706051608086 0.026381021297439886 7.3386741781830925e-02 0.17307330890277173 0.4702401745808593   
20 200 0.3591620124207897 1.9763424379999333 0.026381021297439886 3.3814150212953212e-02 0.14344741987907866 0.26235751670143886   
21 210 0.32630903621805163 1.9170588745001296 0.026381021297439886 3.5843869955905328e-02 0.11296885828747638 0.25742607612889545   
22 220 0.29513251108470195 1.8978349329445998 0.017165822424059996 1.7165822424059996e-02 0.07620209327248066 0.1351166619804304   
23 230 0.2728514678312916 1.8739173393528232 0.017165822424059996 1.7256346663870180e-02 0.08932649066648661 0.12557797762595085   
24 240 0.2433644119165798 1.844102017604361 0.009442015669397662 9.4420156693976621e-03 0.05734449426651406 0.16405224048603737   
25 250 0.21786890973630613 1.8190959350699691 0.007630223907613399 7.6302239076133987e-03 0.03575228894960968 0.09989349422196568   
26 260 0.2010991751789023 1.8366176997674755 0.007630223907613399 1.4971872490849646e-02 0.04010920582937649 0.09655349298438673   
27 270 0.18874371247831506 1.8546027824961395 0.005338208420174001 5.3382084201740012e-03 0.02797588907898266 0.04833319545174958   
28 280 0.17344223095799824 1.8933525822464328 -1.790830779764154e-06 -1.7908307797641540e-06 0.02121908421768569 0.04427872250158572   
29 290 0.15661813123318044 1.9538024919993628 -1.790830779764154e-06 1.3377031104108358e-03 0.018434730937353913 0.03616834855282598   
30 300 0.13645206334883636 1.9748360540427194 -7.373869632817195e-05 -7.3738696328171953e-05 0.016197922377073043 0.050037120481116575   
31 310 0.1283876175432911 1.976315020185447 -7.373869632817195e-05 2.6301567007937232e-04 0.004766264351553556 0.014830894317510626   
32 320 0.11190293780198617 2.01304695021611 -7.373869632817195e-05 -1.7670549748945058e-05 0.011262654940828678 0.0303631335660777   
33 330 0.10689968690455713 1.987527068498134 -7.373869632817195e-05 -4.2123697675270674e-05 0.0037567208117248495 0.008067078655525542   
34 340 0.099717020777256 2.1054613790840424 -7.373869632817195e-05 -6.9289362545095948e-05 0.003138905609533449 0.012265605600932442   
35 350 0.09576294066278464 2.1244388012981075 -7.373869632817195e-05 -4.4201752057478249e-05 0.004219339383800792 0.007095330098205824   
36 360 0.09048451952959119 2.1312939255148744 -7.373869632817195e-05 -1.7547999619803524e-05 0.0015706030584700659 0.007552639706446165   
37 370 0.08511661231796303 2.134052391550078 -7.373869632817195e-05 -6.3710219670768227e-05 0.0002101748366936107 0.010516305636119522   
38 380 0.07462703651541654 2.233120970986197 -7.373869632817195e-05 -1.3878327407444116e-05 0.0025950021391692446 0.007132863048008642   
39 390 0.06600910833840189 2.3159494324472383 -7.373869632817195e-05 -5.1827959698138941e-05 0.00023505982615022736 0.0070044852852612915   
40 400 0.060004729523871696 2.360014290438711 -7.373869632817195e-05 -6.5622566363897827e-05 0.001627699571906921 0.0031369670562507446   
41 410 0.05555179177447136 2.345774098357263 -7.373869632817195e-05 -6.0783569339142262e-05 -3.362401394283361e-05 0.00039578424693140213   
42 420 0.054597031913986786 2.363515432798205 -9.730997579359222e-05 -9.7309975793592222e-05 -1.8499346294628908e-05 0.0025758977134477945   
43 430 0.056606775699704195 2.3934539331241242 -9.730997579359222e-05 -6.5923017812929624e-05 -3.640158193999689e-05 0.0018159038975182895   
44 440 0.05923347879044433 2.3655620267743815 -9.730997579359222e-05 -7.8792330502899178e-05 -4.835607489979091e-05 0.002832593081151691   
45 450 0.05541223258128464 2.3550702290718943 -0.00011374054301845004 -1.1374054301845004e-04 -3.0262102171132417e-05 0.0032795832403927916   
46 460 0.0541617083223368 2.426868489242206 -0.00011374054301845004 -9.6255530873214684e-05 -3.159316136134197e-06 0.0015435413416768004   
47 470 0.05303351382190371 2.549081777397296 -0.00011374054301845004 -9.3041225468021307e-05 -3.789256136380755e-05 0.0004058208856772341   
48 480 0.045380502973275824 2.710056487568557 -0.00011829216173844508 -1.1829216173844508e-04 -2.4636920243854534e-05 0.0016328183131652657   
49 490 0.0406220643560708 2.7027929811929425 -0.00011829216173844508 -1.0440626330987080e-04 -4.601542482345358e-05 0.002625416740813402   
50 500 0.03774641156729314 2.750762841448117 -0.00011829216173844508 -1.0929004919378326e-04 -5.901233696824076e-05 0.001646054564903368   
51 510 0.03508649178411689 2.6602489074851463 -0.00011829216173844508 -9.1765505430351326e-05 -4.2965366451069446e-05 7.235231165321487e-05   
52 520 0.032977751170754785 2.601879249886932 -0.00011829216173844508 -1.0038612861056180e-04 -7.61650210528729e-05 0.001192010930966582   
53 530 0.030203111872118608 2.5093865604288244 -0.00011829216173844508 -1.1452751860307884e-04 -3.22104079962772e-05 0.002862071005027632   
54 540 0.030695043056813632 2.4679313599253283 -0.00011829216173844508 -1.1405380029568797e-04 -6.583706126698389e-05 0.0007855758596810036   
55 550 0.031000433485762563 2.408588711487066 -0.00011829216173844508 -1.1544643881177724e-04 -9.713955263470947e-05 0.000886338822199087   
56 560 0.027869801157223543 2.3993120152389253 -0.00011829216173844508 -1.1737741582947761e-04 -5.909532788376966e-05 0.0007433295448150135   
57 570 0.025220072675396124 2.3772509456178517 -0.00011918715771504394 -1.1918715771504394e-04 -0.00010364886004016758 -7.926980986653224e-05   
58 580 0.024969589470881747 2.3631548304508665 -0.00013147791035636697 -1.3147791035636697e-04 -7.714495317059706e-05 -2.1540146836394677e-05   
59 590 0.02287882897684698 2.3503818000370797 -0.00013147791035636697 -1.3002776682452172e-04 -0.00011511656182602289 -5.68174257719303e-05   
60 600 0.02277357438113912 2.344922126042896 -0.00013881037424414767 -1.3881037424414767e-04 -8.45560715482204e-05 -4.694750730900166e-05   
61 610 0.021936666673890114 2.301824430130189 -0.00013881037424414767 -1.3108359588022306e-04 -8.106731097801113e-05 -2.6638676412686774e-06   
62 620 0.022764367028874157 2.2448086753781005 -0.00013881037424414767 -1.3788784236882406e-04 -0.00012913442755618806 -1.8006820773454956e-05   
63 630 0.02454523377514785 2.3255451275525822 -0.00013881037424414767 -1.3558338426847914e-04 -0.00012293035729638485 -0.00010490712761423444   
64 640 0.021735816790391143 2.493274174115971 -0.00013881037424414767 -1.3262408462681041e-04 -0.0001016965526582202 -5.150430101513405e-05   
65 650 0.019973153490276514 2.5343434111796257 -0.00013881037424414767 -1.3372247675645635e-04 -0.00012500368341143158 -9.029186566003075e-05   
66 660 0.01825046659248232 2.524301989120898 -0.00013881037424414767 -1.3587378953453544e-04 -0.00012947267783667898 -7.930569438672515e-05   
67 670 0.016402372304289925 2.5450315129403083 -0.00013881037424414767 -1.3451127883979091e-04 -0.0001284212403669652 -9.129721432962125e-05   
68 680 0.014434698790510146 2.5955263823761316 -0.00013881037424414767 -1.3576812221592857e-04 -0.0001290507091749956 -8.634548748762118e-05   
69 690 0.013207842692470693 2.5615452697563095 -0.00013881037424414767 -1.3713300500518963e-04 -0.00013309072880277078 -0.00011407295853176842   
70 700 0.012278712953382417 2.566474426739028 -0.00013881037424414767 -1.3818718331885896e-04 -0.00013351083854721134 -0.0001269788024031288   
71 710 0.011791020570760119 2.5954489715257516 -0.00013881037424414767 -1.3572231438831352e-04 -0.00013295028739156796 -0.00012389330685119463   
72 720 0.01059971539717567 2.5612321461553504 -0.00013881037424414767 -1.3754680250152246e-04 -0.00013204916706709496 -0.0001249683461019621   
73 730 0.010241685894977532 2.531650637719673 -0.00013881037424414767 -1.3762509437251458e-04 -0.00013355572268811396 -0.00012720715875976364   
74 740 0.010256192993005113 2.5076726626210593 -0.00013881037424414767 -1.3776670232008354e-04 -0.0001354129611184252 -0.00012907756214255165   
75 750 0.010838822777910463 2.4313180708318254 -0.00013881037424414767 -1.3827479461316544e-04 -0.00013642752092302645 -0.00013275539508975112   
76 760 0.010798742311608258 2.5469602899983195 -0.00013891741833143396 -1.3891741833143396e-04 -0.00013393101294571235 -0.00012658250411335547   
77 770 0.010519523140418497 2.509800029936994 -0.00013891741833143396 -1.3845216580188574e-04 -0.00013687908718620307 -0.0001343551263016186   
78 780 0.011068071476707624 2.5284447160491568 -0.00013891741833143396 -1.3846363840001270e-04 -0.00013739244207764103 -0.00012940675319766132   
79 790 0.010724325293366074 2.493295710133801 -0.00013891741833143396 -1.3850685912077855e-04 -0.00013561045554160716 -0.0001290830244787211   
80 800 0.010676081232034767 2.4412220411775674 -0.00013984486322390045 -1.3984486322390045e-04 -0.00013786834596510745 -0.00013220200999678944   
81 810 0.010726262748460912 2.307503040263266 -0.00014016586207862136 -1.4016586207862136e-04 -0.00013731436282580868 -0.00013548661737432423   
82 820 0.010783760717167872 2.336259975187978 -0.00014016586207862136 -1.4008397007049162e-04 -0.00013903572530020886 -0.0001367252562392965   
83 830 0.011653238228833636 2.322833895698886 -0.00014038772080288242 -1.4038772080288242e-04 -0.00013873591927570224 -0.0001327688364135901   
84 840 0.011771615990729043 2.349212193732424 -0.00014038772080288242 -1.3947386239501259e-04 -0.00013783253980447372 -0.00012217720370933557   
85 850 0.01152186271514442 2.419110456291223 -0.00014038772080288242 -1.3949440141898609e-04 -0.0001382012414033542 -0.0001315306243195498   
86 860 0.011604641350910256 2.5588534138522103 -0.00014038772080288242 -1.3976071393825243e-04 -0.00013830790139358106 -0.000135964040146275   
87 870 0.010959213936315831 2.570991577688356 -0.00014038772080288242 -1.3926038364639101e-04 -0.00013771097031920338 -0.00012840010012968815   
88 880 0.010682863355783159 2.5834445081863686 -0.00014038772080288242 -1.3947734237512477e-04 -0.00013865445868034676 -0.00013655903765991   
89 890 0.00999488669215775 2.7297246299041213 -0.00014038772080288242 -1.3996691466073324e-04 -0.00013863639688698942 -0.0001368085218577093   
90 900 0.009541425022887328 2.839189041119014 -0.00014038772080288242 -1.3995632444002796e-04 -0.00013935349287135508 -0.00013752191210196968   
91 910 0.008732520533494645 2.991707046362761 -0.00014038772080288242 -1.4023682400097408e-04 -0.00013920587890523407 -0.00013684468228165463   
92 920 0.007837215771886431 2.9287614950843612 -0.00014064814623221953 -1.4064814623221953e-04 -0.00013959629499192625 -0.0001355024856980385   
93 930 0.006941348626787566 3.0329699647428687 -0.00014064814623221953 -1.4055330913775394e-04 -0.00013955228368636878 -0.00013590104665578653   
94 940 0.006495101180018686 3.1072202248444594 -0.00014068776755649006 -1.4068776755649006e-04 -0.00014021999757761784 -0.00013957467449236355   
95 950 0.006160333207641229 3.113670680968952 -0.00014068776755649006 -1.4060376282068056e-04 -0.00013994364949735272 -0.00013836411662465278   
96 960 0.005476087826312167 3.395058159164892 -0.00014072229174186008 -1.4072229174186008e-04 -0.0001403612517698626 -0.0001400146156121701   
97 970 0.005036950325537709 3.4551219001769593 -0.00014073398361270654 -1.4073398361270654e-04 -0.00014060031337188584 -0.00013989616966738925   
98 980 0.004770114675969522 3.5479143448761956 -0.0001407786176607503 -1.4077861766075030e-04 -0.00014053843207940129 -0.00013984298852549943   
99 990 0.004717716367526451 3.606826237237728 -0.0001408793268782008 -1.4087932687820081e-04 -0.0001406201491288507 -0.00014009805165468168   
100 1000 0.00477549652467913 3.641359364697768 -0.0001408793268782008 -1.4082546425329880e-04 -0.0001405055349976703 -0.00014023812386030506   
101 1010 0.004538506160853405 3.726148046637562 -0.0001408793268782008 -1.4085038954079435e-04 -0.00014067014542817576 -0.0001402396853809039   
102 1020 0.0043613879114374095 3.6526771150720134 -0.0001408793268782008 -1.4082555458217879e-04 -0.0001407425821716643 -0.0001404325149416412   
103 1030 0.004166640075910338 3.7094692255902744 -0.0001408793268782008 -1.4080975852038830e-04 -0.00014059468609598557 -0.00014022317028376108   
104 1040 0.003921288037223112 3.8075739313639496 -0.0001408793268782008 -1.4080226017701544e-04 -0.00014075253793114075 -0.00014065260060812693   
105 1050 0.0036672757319844234 3.884577508361054 -0.0001408793268782008 -1.4079382230211467e-04 -0.00014060922660532457 -0.0001404508934893233   
106 1060 0.0033290529112763164 3.7542273501376786 -0.00014088915043300915 -1.4088915043300915e-04 -0.00014073526064836594 -0.00014065767603804033   
107 1070 0.00327831817813883 3.780116653786159 -0.00014088915043300915 -1.4086159215549640e-04 -0.0001408185811315645 -0.00014070452640821496   
108 1080 0.0031688292636203345 3.8570996466209104 -0.00014089794979744825 -1.4089794979744825e-04 -0.00014075383286915634 -0.00014064481115759093   
109 1090 0.0030707146428181425 3.7841216066355714 -0.00014090327914386607 -1.4090327914386607e-04 -0.0001408237809327016 -0.0001406241058069927   
110 1100 0.003031312347495536 3.9035064099065906 -0.0001409616226648839 -1.4096162266488389e-04 -0.00014086738058236332 -0.0001406973688989882   
111 1110 0.0028312725680861963 3.8913398413307907 -0.0001409616226648839 -1.4095285426161583e-04 -0.00014084964507058654 -0.00014080480541557775   
112 1120 0.0027864183599857362 4.038723539828403 -0.00014096754820246585 -1.4096754820246585e-04 -0.00014092258814899742 -0.00014081095514677607   
113 1130 0.0028844607025815187 4.009373734437544 -0.00014096754820246585 -1.4095615746600377e-04 -0.00014089687662740996 -0.00014080473103409336   
114 1140 0.002793303966490601 3.9552633372404187 -0.00014096754820246585 -1.4095159696146575e-04 -0.00014089693735130958 -0.00014080028437837055   
115 1150 0.0027419837751065995 3.9834533067623736 -0.00014096754820246585 -1.4093861702981733e-04 -0.00014085142721686694 -0.00014070357083330402   
116 1160 0.0025582397438918968 4.067256439091125 -0.00014096754820246585 -1.4093315370139955e-04 -0.00014089221625213934 -0.00014083660711843054   
117 1170 0.0022141035371156487 4.061644290996855 -0.00014096754820246585 -1.4095933764322790e-04 -0.00014087595698527477 -0.0001408180593599861   
118 1180 0.0021591608297489425 4.030624603470891 -0.00014096754820246585 -1.4095258727927048e-04 -0.00014090531709843904 -0.00014086066393595445   
119 1190 0.00205196077878917 4.039320610996861 -0.00014096754820246585 -1.4094086634245127e-04 -0.00014090543491225612 -0.00014077992106450153   
120 1200 0.0019101328378910317 4.088823534566728 -0.00014096754820246585 -1.4095204811691550e-04 -0.00014092351734268794 -0.00014089267614763226   
121 1210 0.0018166975745413276 4.13743359949166 -0.00014097435017608052 -1.4097435017608052e-04 -0.00014092157718636336 -0.00014087177137050286   
122 1220 0.0017560780858320109 4.120221889079222 -0.00014097435017608052 -1.4097100843263785e-04 -0.00014096018485979311 -0.00014094311104070195   
123 1230 0.0017244277142796976 4.070085408913085 -0.0001409831071038513 -1.4098310710385130e-04 -0.00014095475100777915 -0.00014092299317481602   
124 1240 0.0017142785791438421 4.08534190256476 -0.0001409838796796797 -1.4098387967967970e-04 -0.00014095569771832374 -0.00014090623117676303   
125 1250 0.0017557018583962726 4.112410854410973 -0.0001409884591143872 -1.4098845911438720e-04 -0.00014096869796675836 -0.00014095256663714987   
126 1260 0.001929367304098347 4.077874481405167 -0.0001409884591143872 -1.4097425604799399e-04 -0.00014096082509881114 -0.00014094256102137724   
127 1270 0.001918998891816561 4.023769002680998 -0.0001409884591143872 -1.4098570282147568e-04 -0.00014094117355573042 -0.0001408648043564363   
128 1280 0.0018142135011175525 4.123994031500557 -0.0001409884591143872 -1.4098354442775664e-04 -0.00014095880018001285 -0.00014094885710798556   
129 1290 0.0016213617091130387 4.242735327945626 -0.0001409884591143872 -1.4098365128142247e-04 -0.00014097939948953792 -0.00014096328552754795   
130 1300 0.0014179692697101505 4.23039328336345 -0.0001409884591143872 -1.4098565293718982e-04 -0.0001409746780840092 -0.00014095985640328367   
131 1310 0.0012920434446835266 4.2240482214489505 -0.0001409884591143872 -1.4098501586445663e-04 -0.00014098062231296063 -0.00014097349147537826   
132 1320 0.0011861690881763722 4.440789201999186 -0.0001409884591143872 -1.4098769157319156e-04 -0.00014098095302472903 -0.00014097223456128476   
133 1330 0.0011577364204166018 4.541728020087628 -0.0001409884591143872 -1.4098788845807238e-04 -0.00014098264326470176 -0.00014097385724418758   
134 1340 0.0010377378854309126 4.64069518906663 -0.00014099155850529388 -1.4099155850529388e-04 -0.00014097992842111246 -0.00014097621994221279   
135 1350 0.000919273193480851 4.741945266017268 -0.00014099155850529388 -1.4099019264572998e-04 -0.0001409843961283882 -0.0001409803180183443   
136 1360 0.0008631925068130482 5.048857137927487 -0.00014099155850529388 -1.4099009296100810e-04 -0.0001409819401888581 -0.0001409771987481816   
137 1370 0.0008051716262130194 5.030475395496891 -0.00014099155850529388 -1.4099105880587340e-04 -0.0001409855672259431 -0.00014097853452099023   
138 1380 0.0007888840865729669 4.841261779645244 -0.00014099155850529388 -1.4099141392338830e-04 -0.00014098943239215542 -0.000140984616327171   
139 1390 0.0007368953416084315 4.880776526584836 -0.00014099155850529388 -1.4099147527129284e-04 -0.00014098959600225558 -0.0001409823387418386   
140 1400 0.000661428647025192 4.709559394284782 -0.00014099187683528513 -1.4099187683528513e-04 -0.00014099051026600297 -0.00014098816181084666   
141 1410 0.0006142182899118576 4.788523183381185 -0.00014099198566297185 -1.4099198566297185e-04 -0.00014099096505958657 -0.00014098880753436033   
142 1420 0.0005677120391608969 4.783580313585665 -0.00014099225180504553 -1.4099225180504553e-04 -0.00014099064483990282 -0.00014098677952563163   
143 1430 0.0005147092364797592 4.694126632534248 -0.00014099225180504553 -1.4099208832929450e-04 -0.00014099092343906305 -0.0001409899843484326   
144 1440 0.0005274659718338333 4.686997975018892 -0.00014099305249872714 -1.4099305249872714e-04 -0.0001409915718965255 -0.0001409882438163432   
145 1450 0.00048285460627952697 4.8478610691189505 -0.00014099344099866048 -1.4099344099866048e-04 -0.00014099223646011169 -0.00014099050623915806   
146 1460 0.00045977264388499144 4.946506084473352 -0.00014099344099866048 -1.4099336833583718e-04 -0.00014099280219608866 -0.00014099161196848666   
147 1470 0.00042952691027940665 5.002076964357834 -0.00014099353872268618 -1.4099353872268618e-04 -0.00014099280171927974 -0.0001409924607936815   
148 1480 0.0004002286743708924 5.081175210985648 -0.00014099353872268618 -1.4099340701961724e-04 -0.0001409928332009224 -0.00014099229355036028   
149 1490 0.00038602724573675126 5.258127429351843 -0.0001409935892656217 -1.4099358926562169e-04 -0.0001409928152916288 -0.00014099131306940542   
150 1500 0.0003833206723164649 5.325013565700361 -0.0001409935892656217 -1.4099350645254002e-04 -0.00014099304763676003 -0.00014099223945929413   
151 1510 0.00034994061704174813 5.2679138596688535 -0.0001409935892656217 -1.4099339255999190e-04 -0.0001409930215457107 -0.0001409927591927643   
152 1520 0.0003070767752667132 5.538789416963472 -0.00014099369575534183 -1.4099369575534183e-04 -0.00014099321862245243 -0.0001409925829775313   
153 1530 0.0003003803745522556 5.4951947428738395 -0.00014099374759898747 -1.4099374759898747e-04 -0.0001409935075930731 -0.00014099251976802253   
154 1540 0.00027479212874592077 5.441862912055776 -0.00014099374759898747 -1.4099366284856308e-04 -0.0001409934582086093 -0.0001409930930777714   
155 1550 0.00023794588539087955 5.59534126866698 -0.00014099374759898747 -1.4099372507419869e-04 -0.00014099350387759493 -0.00014099303017045696   
