% # columns="iteration, evaluation, min max(neg(.)) min(pos(.)) max correlation, correlation matrix principle axes lengths  (sorted square roots of eigenvalues of correlation matrix)", seed=1057069, Wed Mar 11 16:01:24 2020
1 10 -0.10532840913102899 -0.02272266816493415 0.010647057613020657 0.03745525625414671 0.9058244777770339 0.966151519819492 0.9798603181836663 0.9895173918087411 0.9960153948346628 1.002172919797056 1.0078863383015289 1.0155827152956838 1.0385917318664275 1.0883240364899385
2 20 -0.10532840913102899 -0.02272266816493415 0.010647057613020657 0.03745525625414671 0.9058244777770339 0.966151519819492 0.9798603181836663 0.9895173918087411 0.9960153948346628 1.002172919797056 1.0078863383015289 1.0155827152956838 1.0385917318664275 1.0883240364899385
3 30 -0.10532840913102899 -0.02272266816493415 0.010647057613020657 0.03745525625414671 0.9058244777770339 0.966151519819492 0.9798603181836663 0.9895173918087411 0.9960153948346628 1.002172919797056 1.0078863383015289 1.0155827152956838 1.0385917318664275 1.0883240364899385
4 40 -0.10532840913102899 -0.02272266816493415 0.010647057613020657 0.03745525625414671 0.9058244777770339 0.966151519819492 0.9798603181836663 0.9895173918087411 0.9960153948346628 1.002172919797056 1.0078863383015289 1.0155827152956838 1.0385917318664275 1.0883240364899385
5 50 -0.10532840913102899 -0.02272266816493415 0.010647057613020657 0.03745525625414671 0.9058244777770339 0.966151519819492 0.9798603181836663 0.9895173918087411 0.9960153948346628 1.002172919797056 1.0078863383015289 1.0155827152956838 1.0385917318664275 1.0883240364899385
6 60 -0.10532840913102899 -0.02272266816493415 0.010647057613020657 0.03745525625414671 0.9058244777770339 0.966151519819492 0.9798603181836663 0.9895173918087411 0.9960153948346628 1.002172919797056 1.0078863383015289 1.0155827152956838 1.0385917318664275 1.0883240364899385
7 70 -0.10532840913102899 -0.02272266816493415 0.010647057613020657 0.03745525625414671 0.9058244777770339 0.966151519819492 0.9798603181836663 0.9895173918087411 0.9960153948346628 1.002172919797056 1.0078863383015289 1.0155827152956838 1.0385917318664275 1.0883240364899385
8 80 -0.10532840913102899 -0.02272266816493415 0.010647057613020657 0.03745525625414671 0.9058244777770339 0.966151519819492 0.9798603181836663 0.9895173918087411 0.9960153948346628 1.002172919797056 1.0078863383015289 1.0155827152956838 1.0385917318664275 1.0883240364899385
9 90 -0.10532840913102899 -0.02272266816493415 0.010647057613020657 0.03745525625414671 0.9058244777770339 0.966151519819492 0.9798603181836663 0.9895173918087411 0.9960153948346628 1.002172919797056 1.0078863383015289 1.0155827152956838 1.0385917318664275 1.0883240364899385
10 100 -0.10532840913102899 -0.02272266816493415 0.010647057613020657 0.03745525625414671 0.9058244777770339 0.966151519819492 0.9798603181836663 0.9895173918087411 0.9960153948346628 1.002172919797056 1.0078863383015289 1.0155827152956838 1.0385917318664275 1.0883240364899385
11 110 -0.21810682319313635 -0.0848424077607579 0.04526226117908214 0.1378014987881664 0.6936323260768695 0.8553642152729023 0.8995513611535005 0.9487344503225108 0.9695769806029192 1.0331802175631257 1.0593671251225107 1.0841580149890655 1.1579923589842431 1.1965751346529698
12 120 -0.21810682319313635 -0.0848424077607579 0.04526226117908214 0.1378014987881664 0.6936323260768695 0.8553642152729023 0.8995513611535005 0.9487344503225108 0.9695769806029192 1.0331802175631257 1.0593671251225107 1.0841580149890655 1.1579923589842431 1.1965751346529698
13 130 -0.21810682319313635 -0.0848424077607579 0.04526226117908214 0.1378014987881664 0.6936323260768695 0.8553642152729023 0.8995513611535005 0.9487344503225108 0.9695769806029192 1.0331802175631257 1.0593671251225107 1.0841580149890655 1.1579923589842431 1.1965751346529698
14 140 -0.21810682319313635 -0.0848424077607579 0.04526226117908214 0.1378014987881664 0.6936323260768695 0.8553642152729023 0.8995513611535005 0.9487344503225108 0.9695769806029192 1.0331802175631257 1.0593671251225107 1.0841580149890655 1.1579923589842431 1.1965751346529698
15 150 -0.21810682319313635 -0.0848424077607579 0.04526226117908214 0.1378014987881664 0.6936323260768695 0.8553642152729023 0.8995513611535005 0.9487344503225108 0.9695769806029192 1.0331802175631257 1.0593671251225107 1.0841580149890655 1.1579923589842431 1.1965751346529698
16 160 -0.21810682319313635 -0.0848424077607579 0.04526226117908214 0.1378014987881664 0.6936323260768695 0.8553642152729023 0.8995513611535005 0.9487344503225108 0.9695769806029192 1.0331802175631257 1.0593671251225107 1.0841580149890655 1.1579923589842431 1.1965751346529698
17 170 -0.21810682319313635 -0.0848424077607579 0.04526226117908214 0.1378014987881664 0.6936323260768695 0.8553642152729023 0.8995513611535005 0.9487344503225108 0.9695769806029192 1.0331802175631257 1.0593671251225107 1.0841580149890655 1.1579923589842431 1.1965751346529698
18 180 -0.21810682319313635 -0.0848424077607579 0.04526226117908214 0.1378014987881664 0.6936323260768695 0.8553642152729023 0.8995513611535005 0.9487344503225108 0.9695769806029192 1.0331802175631257 1.0593671251225107 1.0841580149890655 1.1579923589842431 1.1965751346529698
19 190 -0.21810682319313635 -0.0848424077607579 0.04526226117908214 0.1378014987881664 0.6936323260768695 0.8553642152729023 0.8995513611535005 0.9487344503225108 0.9695769806029192 1.0331802175631257 1.0593671251225107 1.0841580149890655 1.1579923589842431 1.1965751346529698
20 200 -0.21810682319313635 -0.0848424077607579 0.04526226117908214 0.1378014987881664 0.6936323260768695 0.8553642152729023 0.8995513611535005 0.9487344503225108 0.9695769806029192 1.0331802175631257 1.0593671251225107 1.0841580149890655 1.1579923589842431 1.1965751346529698
21 210 -0.22161511705377812 -0.0917337859258865 0.035962726095193125 0.13788911512038746 0.7628151810081826 0.7870358688159709 0.8912550604453237 0.9288211829451338 0.9699395417090209 1.0468204268958363 1.0611633235294085 1.1105124046904218 1.148137650766322 1.194781144035998
22 220 -0.22161511705377812 -0.0917337859258865 0.035962726095193125 0.13788911512038746 0.7628151810081826 0.7870358688159709 0.8912550604453237 0.9288211829451338 0.9699395417090209 1.0468204268958363 1.0611633235294085 1.1105124046904218 1.148137650766322 1.194781144035998
23 230 -0.22161511705377812 -0.0917337859258865 0.035962726095193125 0.13788911512038746 0.7628151810081826 0.7870358688159709 0.8912550604453237 0.9288211829451338 0.9699395417090209 1.0468204268958363 1.0611633235294085 1.1105124046904218 1.148137650766322 1.194781144035998
24 240 -0.22161511705377812 -0.0917337859258865 0.035962726095193125 0.13788911512038746 0.7628151810081826 0.7870358688159709 0.8912550604453237 0.9288211829451338 0.9699395417090209 1.0468204268958363 1.0611633235294085 1.1105124046904218 1.148137650766322 1.194781144035998
25 250 -0.22161511705377812 -0.0917337859258865 0.035962726095193125 0.13788911512038746 0.7628151810081826 0.7870358688159709 0.8912550604453237 0.9288211829451338 0.9699395417090209 1.0468204268958363 1.0611633235294085 1.1105124046904218 1.148137650766322 1.194781144035998
26 260 -0.22161511705377812 -0.0917337859258865 0.035962726095193125 0.13788911512038746 0.7628151810081826 0.7870358688159709 0.8912550604453237 0.9288211829451338 0.9699395417090209 1.0468204268958363 1.0611633235294085 1.1105124046904218 1.148137650766322 1.194781144035998
27 270 -0.22161511705377812 -0.0917337859258865 0.035962726095193125 0.13788911512038746 0.7628151810081826 0.7870358688159709 0.8912550604453237 0.9288211829451338 0.9699395417090209 1.0468204268958363 1.0611633235294085 1.1105124046904218 1.148137650766322 1.194781144035998
28 280 -0.22161511705377812 -0.0917337859258865 0.035962726095193125 0.13788911512038746 0.7628151810081826 0.7870358688159709 0.8912550604453237 0.9288211829451338 0.9699395417090209 1.0468204268958363 1.0611633235294085 1.1105124046904218 1.148137650766322 1.194781144035998
29 290 -0.22161511705377812 -0.0917337859258865 0.035962726095193125 0.13788911512038746 0.7628151810081826 0.7870358688159709 0.8912550604453237 0.9288211829451338 0.9699395417090209 1.0468204268958363 1.0611633235294085 1.1105124046904218 1.148137650766322 1.194781144035998
30 300 -0.22161511705377812 -0.0917337859258865 0.035962726095193125 0.13788911512038746 0.7628151810081826 0.7870358688159709 0.8912550604453237 0.9288211829451338 0.9699395417090209 1.0468204268958363 1.0611633235294085 1.1105124046904218 1.148137650766322 1.194781144035998
31 310 -0.2838975293527197 -0.12264833794291352 0.019410030629081886 0.1795835775034197 0.650428641712748 0.7712820488865664 0.8553695862024863 0.9315738975058867 0.984631156482314 1.0031629240687043 1.0631665459166337 1.1355534711713164 1.174955157873442 1.2674465463244673
32 320 -0.2838975293527197 -0.12264833794291352 0.019410030629081886 0.1795835775034197 0.650428641712748 0.7712820488865664 0.8553695862024863 0.9315738975058867 0.984631156482314 1.0031629240687043 1.0631665459166337 1.1355534711713164 1.174955157873442 1.2674465463244673
33 330 -0.2838975293527197 -0.12264833794291352 0.019410030629081886 0.1795835775034197 0.650428641712748 0.7712820488865664 0.8553695862024863 0.9315738975058867 0.984631156482314 1.0031629240687043 1.0631665459166337 1.1355534711713164 1.174955157873442 1.2674465463244673
34 340 -0.2838975293527197 -0.12264833794291352 0.019410030629081886 0.1795835775034197 0.650428641712748 0.7712820488865664 0.8553695862024863 0.9315738975058867 0.984631156482314 1.0031629240687043 1.0631665459166337 1.1355534711713164 1.174955157873442 1.2674465463244673
35 350 -0.2838975293527197 -0.12264833794291352 0.019410030629081886 0.1795835775034197 0.650428641712748 0.7712820488865664 0.8553695862024863 0.9315738975058867 0.984631156482314 1.0031629240687043 1.0631665459166337 1.1355534711713164 1.174955157873442 1.2674465463244673
36 360 -0.2838975293527197 -0.12264833794291352 0.019410030629081886 0.1795835775034197 0.650428641712748 0.7712820488865664 0.8553695862024863 0.9315738975058867 0.984631156482314 1.0031629240687043 1.0631665459166337 1.1355534711713164 1.174955157873442 1.2674465463244673
37 370 -0.2838975293527197 -0.12264833794291352 0.019410030629081886 0.1795835775034197 0.650428641712748 0.7712820488865664 0.8553695862024863 0.9315738975058867 0.984631156482314 1.0031629240687043 1.0631665459166337 1.1355534711713164 1.174955157873442 1.2674465463244673
38 380 -0.2838975293527197 -0.12264833794291352 0.019410030629081886 0.1795835775034197 0.650428641712748 0.7712820488865664 0.8553695862024863 0.9315738975058867 0.984631156482314 1.0031629240687043 1.0631665459166337 1.1355534711713164 1.174955157873442 1.2674465463244673
39 390 -0.2838975293527197 -0.12264833794291352 0.019410030629081886 0.1795835775034197 0.650428641712748 0.7712820488865664 0.8553695862024863 0.9315738975058867 0.984631156482314 1.0031629240687043 1.0631665459166337 1.1355534711713164 1.174955157873442 1.2674465463244673
40 400 -0.2838975293527197 -0.12264833794291352 0.019410030629081886 0.1795835775034197 0.650428641712748 0.7712820488865664 0.8553695862024863 0.9315738975058867 0.984631156482314 1.0031629240687043 1.0631665459166337 1.1355534711713164 1.174955157873442 1.2674465463244673
