% # columns="iteration, evaluation, sigma, void, void,  stds==sigma*sqrt(diag(C))", seed=919176, Mon Mar  9 13:20:06 2020, <python>{}</python>
1 10 0.19409521371374155 0 0 0.1929539553771016 0.18650281625622867 0.19417512342541315 0.193021233712237 0.19349668693404015 0.19587765925501377 0.19137546492480875 0.19499194499235692 0.19226652371486497 0.20115078493249863
2 20 0.19745671891378336 0 0 0.19410081376957655 0.1898087243547667 0.19777112453103268 0.19303353573445026 0.1988884175054423 0.19959579145112485 0.19781729801167477 0.20288295894997174 0.19555026421384744 0.2105671079178724
3 30 0.19607211444767803 0 0 0.1952740274579657 0.19092687959303226 0.1950816918019998 0.1903531780390782 0.19606066545451656 0.1918343052603032 0.19454248118593315 0.202721849763934 0.1943169404823203 0.2036269798002109
4 40 0.20769422740337146 0 0 0.20723642936402037 0.20750612441968505 0.20629832006065169 0.20138723170665382 0.21834143584035848 0.20000294545292369 0.20666568580347747 0.216920660791624 0.2012623991854033 0.2134176144362904
5 50 0.2486498618288286 0 0 0.24960561354448202 0.2546109490763797 0.24770112180885437 0.23754984186895592 0.27366133410827004 0.23787864687096197 0.24064949971244093 0.2659770823014241 0.23852693766211952 0.2562234056457679
6 60 0.29049601752395504 0 0 0.2984783127127197 0.29319228088259386 0.2904064094121857 0.2790158955941387 0.31166628059882784 0.2782772778793653 0.2762450632264659 0.30467318592551934 0.27685614586658785 0.3036403527169013
7 70 0.34024468671123503 0 0 0.34755772326706874 0.34514398636880295 0.33740736720155073 0.32929142140517514 0.3652759615919137 0.3212393397799525 0.32663203333338564 0.3512756752545131 0.3203162437598476 0.35685710371387447
8 80 0.40470249405194264 0 0 0.41195630136211686 0.4162844349699479 0.38340267581473464 0.39315973448225244 0.43479731862563825 0.37683446417540467 0.3994089501319839 0.42699138652192925 0.3883157836329005 0.4109859470346184
9 90 0.4691851251391754 0 0 0.4715780297701876 0.47424860218829173 0.44767659155942496 0.45916808837117495 0.4896953001211736 0.4478404216115429 0.44181055696432664 0.4903048484512613 0.4527531867413002 0.478763034187629
10 100 0.5261735119268184 0 0 0.5295212557189395 0.5307376204590447 0.49831476182024664 0.5173778836074203 0.538914275982411 0.4885299340743137 0.4915454877777596 0.55210224082936 0.4888879777807434 0.5281945631260379
11 110 0.5677246721768474 0 0 0.5609789008044924 0.5717462936875339 0.5421587590205508 0.5398613895701007 0.5836216354698734 0.5168841014710057 0.5366399674882768 0.5840643759253022 0.5224104013114683 0.5634947498601203
12 120 0.5671518605158615 0 0 0.5596195286416589 0.5709167354705216 0.5355481884152172 0.5308556163248916 0.5927424933971536 0.5138462700989564 0.5411755493927137 0.5633983634820459 0.5194712573635882 0.5541977331268626
13 130 0.5662439993629459 0 0 0.5565773225708868 0.5676022921210353 0.5330047264178759 0.5249739257121566 0.5843196370829571 0.5185205443596805 0.55341397463696 0.5496257443603508 0.5113508354562929 0.5429086226669404
14 140 0.5367453680725437 0 0 0.529412670755728 0.5293056434480953 0.5032626713947529 0.5059576109846766 0.5457169752622791 0.49018820456941914 0.5165163706940904 0.5151902043402046 0.4719122770599996 0.4994817625278571
15 150 0.5064289906080286 0 0 0.4974351918945118 0.48164589513491257 0.47870410511114503 0.47383373348004076 0.5076835546523283 0.4564459568178965 0.4905948828561476 0.48583563309477 0.44957091103638386 0.46155221003725594
16 160 0.44227285047001225 0 0 0.4287552081525208 0.41676979194338676 0.4126496551704045 0.3982650063189979 0.44335142285871115 0.3998260398561154 0.42689470054344564 0.4140913370926533 0.3907121953164173 0.4037279743653855
17 170 0.398509029152827 0 0 0.3830583953639185 0.36762650279556913 0.36967303588123623 0.35791197582214396 0.395916336663646 0.3496337963904131 0.381603945325484 0.37473188508188265 0.33721441580460143 0.354363707401052
18 180 0.3672061836662718 0 0 0.3499479775178872 0.3383034633162946 0.33392743287692417 0.3227852040359665 0.36293930543644787 0.31865005325588247 0.3460201726415625 0.3326959910677265 0.3097542550121824 0.3313733290463079
19 190 0.36508780637443516 0 0 0.3470407971220172 0.33768111152103153 0.3533816193779221 0.3127730231415002 0.3543460143816237 0.31494028187864165 0.3338180822183115 0.32338917151898916 0.3039569866155608 0.3299875235454789
20 200 0.3434179320110732 0 0 0.32379732663073096 0.3157771392494581 0.3241401716296002 0.29079258349294324 0.3371393122539142 0.29408481607575804 0.31255881470426955 0.30372068953207604 0.289544340909572 0.3007131179734079
21 210 0.32620932721582646 0 0 0.30908706325692137 0.30341493477541115 0.30516380138977617 0.2775936390644274 0.3198073128885931 0.2854595041742654 0.2927071982684324 0.28113669092497967 0.2698056306828283 0.28036805129990605
22 220 0.3216499666004573 0 0 0.3047821812200435 0.29882890502313936 0.2914357080336825 0.2726552100755208 0.313919520159571 0.28385451644348 0.2811737586925025 0.27083039892368244 0.26472196008440413 0.28191757189746525
23 230 0.3436818966810293 0 0 0.31596015848111936 0.3098706216038694 0.31207438597923054 0.2898524660718567 0.3344194027974753 0.3126900321400109 0.29917886541822686 0.29416858948955416 0.2869673074377113 0.3046305248261857
24 240 0.3436340192439643 0 0 0.31503139925192175 0.31128521400152825 0.3115460428978719 0.29248910309478815 0.3325216894906933 0.31006114011492636 0.3004513103858874 0.2903159302719084 0.28532360746289326 0.29664334325895586
25 250 0.3398758104664507 0 0 0.30594980083785106 0.298587142365008 0.305596511662015 0.2904966919242657 0.3295681076623185 0.31184125637888777 0.29441443164986586 0.2826477577196676 0.27857318400268355 0.2940655866106122
26 260 0.322396263340068 0 0 0.28667262079261124 0.28206834614889353 0.2883602550024237 0.2736076881710795 0.30949828754161524 0.29133343693591207 0.2678114135216349 0.2686124356503905 0.26624808375038683 0.278847634759941
27 270 0.3055778629921212 0 0 0.2689625659100067 0.2656704445764261 0.27844723542838085 0.2502752633101403 0.29039197960283414 0.27634384707073195 0.25423283059433827 0.25885184607682565 0.24724236404328032 0.26735761331647045
28 280 0.26951207242520486 0 0 0.23322887386747715 0.2332243764333557 0.24580399932060304 0.22065650907189446 0.24674778790715715 0.24043091599885985 0.21783850556958245 0.22543928567733856 0.21208603976489157 0.23583700837379568
29 290 0.2501978293271855 0 0 0.21189817552273701 0.21774490850850087 0.22350371548713652 0.20383929133695444 0.23140352737970413 0.2228114042966402 0.2031693407536133 0.2021752218912643 0.1986783616835299 0.2136881972373611
30 300 0.23197153600858839 0 0 0.1949206836944968 0.1964655110448096 0.20650294752855125 0.18187484210842356 0.2152075407908318 0.20697208935870248 0.18594150943838728 0.1818698093843103 0.18591454835346424 0.19858605392064024
31 310 0.20453659720137027 0 0 0.16838675134148978 0.1684332521733196 0.18221826301149707 0.16014284960087166 0.19156099234701443 0.18015035949134056 0.1647763191557101 0.1548379536160861 0.16105746648340588 0.17418798821544795
32 320 0.17530178604882066 0 0 0.14024717944901863 0.14356162470756456 0.153806363617622 0.13606892545519447 0.16312646643918657 0.15164928243866432 0.13881110482357298 0.13097143059669694 0.13581221652416473 0.14697262388790674
33 330 0.1641279743530392 0 0 0.12966240084022074 0.13423416958876036 0.14372512064881418 0.12854000365232496 0.1478054655209413 0.1386993177022655 0.1286396127566403 0.12115051637083797 0.12762496075863916 0.13918342322963623
34 340 0.15880313148422243 0 0 0.12180384387491698 0.12971235455552735 0.13623804535478032 0.12461286476649254 0.14274529512773543 0.13333777654506246 0.12487928229034742 0.11632061782724021 0.12377726426354718 0.1333755768299336
35 350 0.15909240081174655 0 0 0.118421801679084 0.1290273817509799 0.13547415334863314 0.12250172470064617 0.1430024296781627 0.13194437360125466 0.12579001066782317 0.11724647135838459 0.12834812556015074 0.12988531363362416
36 360 0.15629079772150653 0 0 0.11260081024798096 0.12510859467365174 0.13440515385794324 0.1203087126354478 0.1396324804572094 0.13035288764247774 0.11976904894626642 0.11755800705433946 0.12310701537315055 0.12798386423798336
37 370 0.14176353890519902 0 0 0.10145368089518267 0.11159284647481954 0.11825175904321804 0.10838327129229913 0.12615011006608723 0.11819915800534844 0.10933157283580956 0.10329457606742869 0.10924913539677543 0.11571672562616711
38 380 0.1273647396424878 0 0 0.09074743570535494 0.10183365761015192 0.10176507504485649 0.09790778575293002 0.11266491339077991 0.10606458816935257 0.09529399215720004 0.09098145934161025 0.09762930642289762 0.10260165146010794
39 390 0.11427581701562861 0 0 0.08256627591139869 0.08638319994194575 0.09053067282832471 0.0881003020891323 0.1023232001088999 0.09417252956530388 0.08410102276716455 0.08222659545086107 0.085278261865546 0.09251011677950796
40 400 0.10456477726567161 0 0 0.07448853963159445 0.08030879336808978 0.08082909766135045 0.07976635771629102 0.09287469047133481 0.08373721148949449 0.07587025692391704 0.07424460906189771 0.0772685657015668 0.08390788040246241
41 410 0.09624618027323746 0 0 0.06726162735980418 0.0734098786282588 0.07450909179438943 0.07237832023976017 0.08608035175155487 0.07605008790528049 0.06938821736507758 0.06689456064541474 0.07020953032972593 0.07543635961275837
42 420 0.09123169702161549 0 0 0.06244686091396398 0.06557280371487678 0.0684955015836468 0.06856744439388113 0.08104976641746969 0.07419421803808247 0.0658401690997926 0.0654334277928076 0.06727120087825023 0.07045631158882873
43 430 0.08833413021693608 0 0 0.059660786779745595 0.06293854166190775 0.06616886255203945 0.06549430747905337 0.07612231822273541 0.07150783049431035 0.06323971625076918 0.06465541421018568 0.06477435188119521 0.06759844843416711
44 440 0.08252264822642175 0 0 0.05374191886450859 0.05793183142174562 0.06144623802590806 0.061053144993008714 0.06998291168783802 0.06648027447323358 0.058440483376253474 0.05938405520138688 0.060614214890439506 0.06250937923931006
45 450 0.08094149319807402 0 0 0.05266019410133487 0.05618316304591213 0.06087251236130058 0.06039036277108396 0.0681261894333848 0.06328793641244693 0.05733965310078961 0.05801710219575884 0.05960412143694875 0.06004266571248277
46 460 0.07609800805743497 0 0 0.04842802091883898 0.05275625786090063 0.05820782399570561 0.05558030623574996 0.06446170832534227 0.05936425913525442 0.05450566574171407 0.05478457238696449 0.054368643695407344 0.05482367501402881
47 470 0.07574233513607914 0 0 0.047996598433727354 0.05139353794429847 0.05710685562330273 0.054588537797403094 0.06351819284035572 0.05881529505441535 0.05307962968767862 0.054652062684784786 0.055840228921424755 0.05460863059375189
48 480 0.07586000283631861 0 0 0.04764405153563945 0.04937251496515258 0.05578381036620034 0.05434420582177268 0.06392272907932059 0.059657563969541534 0.0530525407526995 0.05380108095191066 0.05684887687091103 0.05390672120644961
49 490 0.07324045535558199 0 0 0.04654464215414416 0.047370924513443595 0.053697481320793064 0.05177865159225054 0.06142228337103214 0.05817934989352937 0.05031997019524225 0.05252378288324601 0.05395140127872491 0.050916381886465585
50 500 0.06867445491798425 0 0 0.044362520249927165 0.04411315259157199 0.04919650768044332 0.047878535108646494 0.057046862850560015 0.053705387285753185 0.045779792135262086 0.048185500745983406 0.05079277670966733 0.04797990327300783
51 510 0.059532621429224664 0 0 0.03815670663784855 0.038469127338307166 0.04148501820634785 0.040480592813605144 0.049263738851165424 0.046695836485854965 0.03874904090105763 0.041046902552011474 0.04392993147296341 0.040955541447969375
52 520 0.05122187259442817 0 0 0.03301942043659696 0.03290985422230392 0.03542849694426995 0.03382882217817782 0.042415689797769586 0.03936448150720308 0.03281952846547668 0.034334133899614476 0.03790259825384997 0.035319221175429426
53 530 0.045468060926465506 0 0 0.029230663421562098 0.02738947715539603 0.030858368595147165 0.029596962842811065 0.03758597192194979 0.03441400790862512 0.029132247082554606 0.030735372709115614 0.03411503283505838 0.0309985245020722
54 540 0.04135914657653113 0 0 0.026257743412596568 0.024964904821045332 0.027767178337404396 0.027224196326688696 0.03315018146843681 0.030520358295927856 0.026471205149965368 0.02800570531310664 0.03067668079086481 0.028041326218313022
55 550 0.038468428159906524 0 0 0.024061326330660198 0.022635442490973098 0.025762861291814293 0.02505377534149631 0.030555857587123654 0.027865452858668923 0.024808059170131097 0.025694053477027322 0.02864844663593932 0.025664290726466372
56 560 0.036928074147881323 0 0 0.02293415947923308 0.02199214114834093 0.024816051062589706 0.023663084714883008 0.028550591751328337 0.026993909936957088 0.023418579420313574 0.024410220387513983 0.028248252907935187 0.024193550458197443
57 570 0.03572018034429003 0 0 0.02172383656712061 0.02150146158308027 0.0239217101561807 0.022396073238800857 0.027723854527154285 0.02577011158122433 0.022629613804460744 0.023463853505656645 0.02725709024009512 0.023371721725014987
58 580 0.03559981912898653 0 0 0.021185010667773466 0.021507746637534273 0.023032376787187878 0.021973137137675847 0.027392871293598613 0.025657913735049383 0.023020827651805537 0.02320743966353624 0.026914118913836247 0.023043833766691273
59 590 0.0337376758771231 0 0 0.020373514174862814 0.020082851174843798 0.02182382165256385 0.02117219162920147 0.026047294032152394 0.024481194155887738 0.021434362708247987 0.021969401838363375 0.025109984185134906 0.02183745290785219
60 600 0.03258585399854123 0 0 0.01936077351876435 0.019211498456235796 0.020897004264456273 0.020344901480779092 0.0250210008176816 0.02376394232312841 0.020637346775189074 0.021095577140639327 0.023785554437367875 0.02100827561090686
61 610 0.03281379684998739 0 0 0.019429929511324304 0.01953270872795294 0.021284763715031026 0.020631605892768436 0.025113083917104373 0.02352205061644772 0.02066819491847846 0.02116057020835712 0.023781470807660444 0.021173729988385657
62 620 0.03591839932352402 0 0 0.021360335018613348 0.021028484688954754 0.02333581154738783 0.022667460776326878 0.02717038607267024 0.025206896950339126 0.02220584414002926 0.02430432449257266 0.026374816459983675 0.02262576401596034
63 630 0.03647139137639698 0 0 0.021365246394230306 0.021118557710443235 0.02318132895751737 0.022540155077179772 0.027583377792118082 0.02545706867922915 0.02299600528568041 0.02455829129733256 0.026776720471777135 0.022941861216851798
64 640 0.035838096339261834 0 0 0.020460845036029768 0.0207162880650764 0.022689887034261842 0.02176113237314731 0.027131928835505578 0.024521719484215693 0.02287368037353547 0.024241351279021415 0.026006511040859156 0.022899274620267106
65 650 0.03562462704739548 0 0 0.020223827219947626 0.020712423831373162 0.02273119721154637 0.022064933905251063 0.026466229127326754 0.02377780741442097 0.022190501423936693 0.024001333522286308 0.025740611936241182 0.022721760415965037
66 660 0.034681591496692664 0 0 0.01919062045198033 0.020110518548484425 0.022226423641141194 0.02161393975905651 0.025451044151035586 0.02366720439364865 0.021463228042308075 0.02330746530456822 0.023909613393989355 0.022038204123934122
67 670 0.03259589887810312 0 0 0.017366848264961307 0.018528817153711352 0.020719653540641043 0.02052476437849504 0.023663030735546264 0.022406706750555443 0.020083372493170385 0.02162938764654392 0.022130553755148583 0.02051302781028708
68 680 0.03168583338767218 0 0 0.01678160140510836 0.018094827381434406 0.019835760744065768 0.019859439064648283 0.02295190447613985 0.02168323102216167 0.01981825364701829 0.021104511340498344 0.020254689800983137 0.019970632849641193
69 690 0.03081881851299234 0 0 0.01621801391457886 0.017344146421110568 0.019523980927837022 0.01940510374746349 0.022025388888017756 0.020859692263194726 0.019010326414042066 0.02065661210167433 0.020539431181810664 0.019214384351374993
70 700 0.0286031449484724 0 0 0.014637453296230705 0.01583690775366246 0.017875409002821776 0.017924732499031357 0.020087108665497257 0.019081607840715428 0.01782324220665392 0.018878912382742846 0.019067143103008888 0.01768750646335157
71 710 0.02539923419821454 0 0 0.012982786345236665 0.014050151597364235 0.015743161971527097 0.016071540281030652 0.017795938615715545 0.01701329451182781 0.015756291121679325 0.016622840747636296 0.016258585413597457 0.0155479296150925
72 720 0.02339910325482242 0 0 0.011663696669901805 0.012832675571060218 0.014569526124686394 0.015042909692405872 0.016015372004801975 0.015450055394299505 0.014495660246911877 0.015084287655805287 0.014845116368740094 0.013913559740870749
73 730 0.02300783591668472 0 0 0.011383072475413987 0.012659567508396285 0.013766292822540825 0.015270367437959011 0.01543678580628091 0.014833045355468711 0.014086720583380884 0.014902273384057259 0.014517719202840678 0.013820388498746883
74 740 0.023211160857397883 0 0 0.011327682486814322 0.012481851926147874 0.013699871769979765 0.01575812673582556 0.016173644502223933 0.014875716376468989 0.014384631501918523 0.01501636338785648 0.014285229683533858 0.013887332291502325
75 750 0.022738833518939832 0 0 0.011040974749726932 0.012276392960794408 0.012980065047908797 0.015349464661125849 0.015941304163961646 0.01454069246289774 0.013754865751951987 0.014801033538023855 0.013843013543817562 0.013542353956818196
76 760 0.020444448937507544 0 0 0.009893284275906918 0.010959121337597282 0.011739514128975562 0.013637332150064425 0.014327844881835973 0.01292811071210767 0.012287033620734189 0.013401674517618254 0.012081876035006342 0.011769413280140398
77 770 0.018023122145696936 0 0 0.008521911989109426 0.00953856596441229 0.01042802026448294 0.011981833931699638 0.012428742403257469 0.01120289827223385 0.01085175725585137 0.011941713424809418 0.010598517243327029 0.010187310323866746
78 780 0.01644834525107245 0 0 0.007796874492571672 0.008732851558100822 0.00943321915936576 0.010901096591855614 0.01129229062737764 0.009979797200813677 0.009874861791917067 0.010549547937525595 0.009564666622520824 0.00933403909376332
79 790 0.01658337350732401 0 0 0.007743578281765432 0.008920192859039666 0.009383371390967534 0.011271979846985065 0.011113559807855623 0.009918572366276253 0.009960095477701936 0.010597723472874522 0.009508083971834023 0.009299308197298604
80 800 0.016046973718422508 0 0 0.007485631010184373 0.008809456497030578 0.009095257693306057 0.010539438490097213 0.010614852688851036 0.009442195336797889 0.009395374606460555 0.010246567163701033 0.009070848532403046 0.009072649095329111
81 810 0.01578566812492848 0 0 0.0073402076858357914 0.00906178063403399 0.008664311590708273 0.0102825553960453 0.01065449288744309 0.009326473303354135 0.009145387821490714 0.009786188646787016 0.009019545944324121 0.008993241631588511
82 820 0.015070955187370868 0 0 0.006995915033963853 0.0085259996950022 0.008004781920027666 0.009669292932682056 0.01026592980206471 0.009052401626684345 0.00834784908329771 0.009343894431182448 0.008682558257189069 0.008554002287555255
83 830 0.0139831542694037 0 0 0.006528161364270198 0.008028749286752897 0.007273700531398639 0.008801444241909368 0.009399572250021988 0.008366384417554025 0.007659033062659211 0.00847694402295822 0.007989613675432975 0.007848061446387984
84 840 0.01320778989712445 0 0 0.00611988414748528 0.0074076638461392326 0.006885207308620162 0.008419447094479574 0.00886410501053871 0.007878382179269516 0.0072689113100505645 0.007783948479166874 0.007501818176203044 0.007214862521684565
85 850 0.011291481730082185 0 0 0.005198936629997339 0.006315056897813283 0.005807867909956377 0.007217642726468527 0.00741112232590238 0.006680646272932046 0.006183341164117486 0.006538277395997652 0.006318215395797705 0.006053209471350483
86 860 0.010340137448696312 0 0 0.004773105796209248 0.005607617731255992 0.00525060469204345 0.0064504340030222375 0.006756101645992094 0.005927784231205232 0.005688271045391153 0.005924595543661074 0.005725283687697313 0.0055251361028845845
87 870 0.009509422776884368 0 0 0.00439586733418452 0.005116798896904579 0.004681342314024728 0.0058759533695113 0.006154214672248283 0.0055352883308205396 0.005201712657727779 0.005429994122180512 0.005219433257434877 0.005097077747159893
88 880 0.008657353577272464 0 0 0.003967173684836745 0.004641945327816878 0.004298019485095683 0.005255623775669053 0.005566730230491914 0.005085818065747031 0.0047512221120579266 0.004944048570550618 0.004726853058656144 0.004494307144879717
89 890 0.008547285843010208 0 0 0.0038696138819292744 0.004457329828271342 0.004222730773336471 0.005221880295314447 0.005603103495627677 0.005044885675571223 0.0046229817325510085 0.004760442735100998 0.004669616193575312 0.004411618955831259
90 900 0.008345912397728335 0 0 0.003622878955909384 0.004312041149094214 0.0041210876148025 0.005021533147939786 0.005389345976375778 0.004915850433967579 0.004562952584332405 0.004556756575133637 0.0044862554110506785 0.004300529535480943
91 910 0.007880463792739446 0 0 0.003437236654663239 0.004009495624133484 0.0038612037325051556 0.00463979977962436 0.005101483498718587 0.004635841286563336 0.0042501500033413795 0.004278171291895042 0.0042151343551493315 0.0040491315568173415
92 920 0.007249920955551289 0 0 0.0031731845751385547 0.003626811524824187 0.0035543883265841147 0.004145579985595658 0.004708849394412495 0.004168743911923844 0.003858909641922631 0.00388695184057395 0.0038252249594344975 0.0037245370786309455
93 930 0.006968022044506457 0 0 0.003060086626479227 0.0034058752523237297 0.0033900841633403627 0.004047922999045189 0.004431372775159172 0.004055732221733925 0.0035978889607411195 0.0036983831665472664 0.003663864433689432 0.003526343106197013
94 940 0.006147827792439313 0 0 0.002671442397978356 0.0029756465809522644 0.0029191912195256154 0.0034864080826351018 0.003913080490831851 0.00358382775773556 0.0032023683525582106 0.0032870082970477004 0.0031965074357414233 0.0031536405136025564
95 950 0.005623852551924553 0 0 0.00242928799361834 0.0027258547515311344 0.002658364258605881 0.003160666472843227 0.0034980081773938474 0.003230825527619008 0.002857082206486962 0.0029772954959263686 0.0029158470305786356 0.0029347798219569485
96 960 0.005239739983844312 0 0 0.0022713767213438075 0.00248487030447709 0.0024706231974150894 0.0029335761862962326 0.0032722485927440433 0.002987452599359196 0.002608578090549883 0.00274942110996193 0.002752014473213721 0.002725402875402955
97 970 0.004909381874480383 0 0 0.002100480326378235 0.0022788017996923414 0.002287052416038176 0.002709879203233299 0.0030603645512102375 0.002755285169536023 0.002490591236691103 0.0025135142021175338 0.0025909024979208074 0.0025924993380324318
98 980 0.004456689509140062 0 0 0.0019412392397728164 0.0020828221123750344 0.002077461293203491 0.0024042655903740223 0.002765600213029398 0.0025344179693551944 0.0021470417321773102 0.0022555546132618696 0.0022936510141776264 0.002356678690146576
99 990 0.004260112173921446 0 0 0.0017956734987473269 0.0019923006334745335 0.0019610748226518895 0.0022471522768270314 0.0025791828794726004 0.002406122420818068 0.0020313505586022976 0.002167525718013101 0.0022126062868583533 0.002202004933678323
100 1000 0.004185216493041163 0 0 0.0017590835606960352 0.0019427618724824761 0.0019055012899533042 0.0021701817309964827 0.0025438581169420402 0.0023562776847821433 0.00198882579212317 0.002109356632219864 0.002203624625483008 0.0021385056385252745
101 1010 0.0042506505773444525 0 0 0.0017993651188101642 0.0019312891135920935 0.0019227787683237306 0.00220990279127006 0.0025445883809295496 0.0023870374792799437 0.001992528365111218 0.002105822751671171 0.0022006481305277817 0.002176658947916587
102 1020 0.004249526478164304 0 0 0.0018102183586167526 0.0019049406701412113 0.002010546151981368 0.0021960641430150796 0.0025482110674335157 0.0023491326794416486 0.0019164183803524449 0.0020746590447913455 0.002177544280457562 0.0021863465492936948
103 1030 0.004260427305350157 0 0 0.001827035908856945 0.0018952077347311478 0.002013916572901059 0.002196844594500021 0.0025615859223539613 0.0023159987488581475 0.0019039156671562135 0.0020984327597739394 0.0021630729199533212 0.002124988373198661
104 1040 0.004271811549496382 0 0 0.0018846432177944763 0.0019838746120829183 0.002025793585770179 0.002186209202320023 0.0025571291254848057 0.0022224420351134606 0.0018802912151969886 0.0020968335952762213 0.0021546724305052983 0.0021132869439231326
105 1050 0.004029356263966027 0 0 0.0017825904089669277 0.001899166718537632 0.001915915766788184 0.001996143730623713 0.002406526681855479 0.002059483098784369 0.0017942894138505204 0.0018778158285433137 0.0020159978498239827 0.0019796593201944265
106 1060 0.003608056595437795 0 0 0.0015979131733389659 0.0016806233021143097 0.0017020301778730232 0.0017462498966145234 0.002162642941459085 0.0018365548951682644 0.0016265444862971776 0.0016780191493656737 0.0016643064722410019 0.0017676358025703446
107 1070 0.0034266963604423963 0 0 0.0015033223834725925 0.001610769872339617 0.0016031739242380345 0.0016658508375338864 0.0020293322142246532 0.0016602153128705698 0.0015710192823422922 0.0015834307787554475 0.0015545466713925234 0.0016788719750056706
108 1080 0.0032768538814394866 0 0 0.0013930606859821858 0.0015415616499914033 0.0015179031538487676 0.001564561887972899 0.0019223613359616724 0.0015937688854963479 0.0015079305002291723 0.0014951336982900148 0.0014784730199558897 0.0016213511272144526
109 1090 0.002854120973427816 0 0 0.0012059508402763883 0.0013136077417528484 0.0013167632864439173 0.001364096519882502 0.0016300119573872142 0.0013763815641465015 0.0012892077699991943 0.001292936918934739 0.0012630178197287933 0.0013611830772172354
110 1100 0.0028407549451949857 0 0 0.001209946319983579 0.0012895311701800708 0.0012937539326386078 0.001362014176057684 0.001636655862638702 0.0013751499744175666 0.0012775953064997241 0.0012763893482104739 0.0012663346030148033 0.0012781273286533168
111 1110 0.002512827476283098 0 0 0.0010579569872484049 0.0011071421103789171 0.0011323316464496981 0.001194278226185181 0.0014299024663961084 0.0011888140025841797 0.001107904231475388 0.0011155090006201047 0.0011116405061503555 0.0011230558810693186
112 1120 0.0022798552983410974 0 0 0.0009574274789925016 0.0009654989243753408 0.0010405602732635815 0.0010724578331060865 0.001310839750056795 0.0010676603534805487 0.000998936225161868 0.0009714670125749743 0.0010048504049631841 0.0009906979043008781
113 1130 0.002156676886313074 0 0 0.0009045470035986174 0.0009057757976373363 0.0009805658993325397 0.0010034462638185387 0.0012695055169541253 0.0009687056076864486 0.0009292328148974562 0.0008969029586854995 0.0009494029991897064 0.0009401870041437612
114 1140 0.002079929169064825 0 0 0.0008727184362980022 0.0008769522687239506 0.0009480063816564917 0.0009365956243868423 0.0012065568741220763 0.0009020749246191703 0.0009202607610481222 0.0008625917036927747 0.0008887592833934583 0.0009182381310695627
115 1150 0.0021081126838901594 0 0 0.0009090221536801353 0.0008907348224479184 0.000977652100706099 0.0009642674875096828 0.0012185209439418436 0.0009321869964086043 0.0009291551689226264 0.0008687896391177289 0.0009038236840615162 0.0009008027669656884
116 1160 0.00205664744208772 0 0 0.000892813841881246 0.0008498112129388285 0.0009522735358052827 0.000931483979965993 0.001159511790441598 0.0009009644036039663 0.0009090190845110091 0.000829178826761099 0.00087723938961821 0.0008814263729600127
117 1170 0.0019365580016236074 0 0 0.0008371697963713283 0.0008000311254961763 0.0008989003659084557 0.0008635462461316686 0.0010974968918043518 0.0008253576965885908 0.000847000208999975 0.0007705942324719729 0.0008105881672618152 0.0008328622734986347
118 1180 0.0017870851827011688 0 0 0.0007538726321320509 0.0007264377469237348 0.0008300911201983137 0.0007886805688244951 0.0009743789255530316 0.0007536063223100206 0.0007600666241218085 0.0007132177385611441 0.0007438245642723276 0.000764207533355188
119 1190 0.0018347610070156663 0 0 0.000804166883995299 0.0007340557113484417 0.0008644220151567678 0.000852177674870541 0.0009898889404064762 0.000741370352597997 0.0008039163389037291 0.0007571761635833998 0.0007837058178328867 0.0007600781845814897
120 1200 0.0021261675482907357 0 0 0.0009229376040988409 0.0008685572352399859 0.0009991048058767711 0.0010148559188534229 0.0011592741287204382 0.000852768979813159 0.0009147485659728017 0.000892420042406462 0.0008861290084244716 0.0008903243844401927
121 1210 0.002198831614577893 0 0 0.0009274399071378367 0.0009045979517324528 0.0010336421899964023 0.0010331171294188553 0.001190668302137767 0.000875104066241376 0.0009431911816171704 0.0009061144936091971 0.0009123683679478493 0.0009113705209347527
122 1220 0.002234260844093534 0 0 0.0009078956333056607 0.0009625260856784527 0.0010569247655085531 0.0010932408268593684 0.0012018918926776847 0.0008838091537523142 0.0009487333692573783 0.0009264074910767048 0.0009037240893519778 0.0009199825898452207
123 1230 0.002108075976834755 0 0 0.000841053029174354 0.0008640414084406061 0.0010173589962418732 0.0010388349837006858 0.0010828470045348845 0.0008398958080213051 0.0008759651051712753 0.0008738460172395722 0.0008579742105833962 0.0008466767147689338
124 1240 0.0021163400245389347 0 0 0.0008366916530574155 0.0008676850263715178 0.0010786792136162062 0.000999288859787804 0.0010687271925392088 0.0008336220943873929 0.0008677040665364293 0.0008795801230196863 0.0008421063777297566 0.0008390526978377025
125 1250 0.001990926548425667 0 0 0.0007754417045944228 0.0008061505655641239 0.0010187876112614112 0.0009337264867921915 0.0009793057161099922 0.0007819714596442873 0.0008207255142778197 0.0008286636989681711 0.0007935575935456938 0.0007857605743899419
126 1260 0.001974867065451355 0 0 0.0007748332514803633 0.0008084646709237567 0.0009978895099974447 0.0009180035855982125 0.0009846629242317162 0.0007756168931511328 0.000795506835733672 0.000821469683261435 0.000786626196287739 0.0007752423977904446
127 1270 0.0019008136818612388 0 0 0.0007431652225357777 0.0007743864509864553 0.0009418865277554704 0.0008720942851910776 0.0009250923678153171 0.0007327021279282246 0.0007655504204249451 0.0008225675595495023 0.0007411622369239936 0.0007461256586157465
128 1280 0.0019106567939287241 0 0 0.0007376636073339617 0.0007970805068140253 0.0009485759177583595 0.0009243425666199438 0.0009149738127640719 0.0007424790989002739 0.0007594193456063349 0.0008189268727724887 0.0007599988457132465 0.0007341223267839674
129 1290 0.0020890606695549807 0 0 0.0008055870448246575 0.0008592357901913238 0.001049610025140386 0.0010230175337255427 0.0009955963289399042 0.0008697990374553619 0.0008177576543959565 0.000897914606644619 0.0008329241123958662 0.0008026405844062134
130 1300 0.0020490077584663386 0 0 0.0007807311418743986 0.0008381000983562492 0.0010358194429866824 0.0009982273703732308 0.0009646605720877903 0.000857486678227889 0.0008015885444089016 0.0008628912957113359 0.0008039434280527653 0.0007860880634480918
131 1310 0.0020351242827272237 0 0 0.0007842048960439983 0.0008214853529421791 0.0010173253289052218 0.0009770872892943413 0.0009664171135611191 0.0008452069503379745 0.0007885954313271142 0.0008584077100033466 0.0007794153264169384 0.0007795626396125196
132 1320 0.0019951747489960884 0 0 0.0007743138132257296 0.0007984852150805639 0.000977099969453553 0.0009480267213363751 0.0009241325253792577 0.000805308334703839 0.0007730400404448008 0.0008414977765809448 0.0007568310515592471 0.0007671397929756623
133 1330 0.001935453022764074 0 0 0.0007677701186356186 0.0007717425858771599 0.0009473015120327222 0.0009115166174267702 0.0008613664119055113 0.0007764769470009697 0.0007295511150359096 0.0008076433563750476 0.0007304483352428242 0.0007255862703288217
134 1340 0.0019595026930958226 0 0 0.0007774268465743579 0.0007788678483128051 0.0009240988644512459 0.0009278760008532188 0.0008848077019922886 0.0007705019764608861 0.0007066878101339533 0.0008326190578333887 0.0007422924078257212 0.0007238590541857698
135 1350 0.0018015989961316055 0 0 0.0007031649022555215 0.0006963948172678957 0.0008394407643225404 0.0008562039685500569 0.0007995053565202845 0.0007054697586627254 0.0006548272777512036 0.0007668916624004284 0.0006714283772260357 0.0006575105453229538
136 1360 0.0016875594109394133 0 0 0.0006572097521798454 0.0006310789899111708 0.0007955107908788467 0.0008107583122007287 0.0007278809307825778 0.0006650725079978114 0.0006237794407010216 0.0006977832981452153 0.0006256979643367552 0.000609185164232017
137 1370 0.0014920442358871704 0 0 0.0005776993890284812 0.0005470668328989415 0.0007099414641332063 0.0007131359822817846 0.0006363714538389937 0.0005557782824879849 0.0005494790947534202 0.0006208873355578286 0.0005503464559990376 0.000539340205527866
138 1380 0.0013278457408331188 0 0 0.0005002252991472582 0.0004873997556260409 0.0006336116206959887 0.0006234648304883615 0.0005543474260054945 0.0004865956633493766 0.00048244057473911215 0.000533775052861122 0.0004893205579355644 0.0004683487403906903
139 1390 0.0012376728496827842 0 0 0.0004561261790320421 0.00044171240911443366 0.0005906781217211432 0.0005814925226126115 0.0005185207383291981 0.00045324490673469785 0.0004550304191030137 0.0004913613829313221 0.000446365858072479 0.0004354609209103837
140 1400 0.0012082387962159974 0 0 0.00044148638522336145 0.0004341009407620805 0.0005713182766854742 0.0005484782619176974 0.0004958315766082499 0.00043852548655157024 0.0004412692689922095 0.00047740629849556907 0.00042199840739866687 0.0004264854789466513
141 1410 0.0011548428844741063 0 0 0.0004162130014851215 0.00041524044123906345 0.0005396980604555432 0.0005254604784362486 0.00047011368936463176 0.00041797254506782433 0.00040726793342261546 0.0004385368658905145 0.00040731082269536764 0.00040660184356796877
142 1420 0.0011027819847995674 0 0 0.00039550245687029593 0.00040168883338727334 0.0005094421873726477 0.0004924083246975717 0.0004509571343312863 0.0003964897563478779 0.0003854774755418206 0.00041566118918049387 0.0003785512712447959 0.00038037116226366676
143 1430 0.0009814124043081261 0 0 0.0003505144218098642 0.0003536782083208347 0.0004438880564331931 0.00043102675252746215 0.00039380503430737167 0.00036082315974824287 0.00034576521778405196 0.00036219714314320836 0.0003357287432856921 0.00033482169271015834
144 1440 0.0008620530875365242 0 0 0.00030232529413338756 0.00030439257777898813 0.00038439827612701805 0.00037763830533507755 0.000338912723388811 0.0003153119079990989 0.00031316817778980155 0.00031695337770183067 0.0002973143366221705 0.0002910945519983286
145 1450 0.000826224016834807 0 0 0.0002899751519297622 0.00029280637843730434 0.00036398271186381464 0.00036052977500815954 0.00032604022004208404 0.000302906855422785 0.00029528798888958364 0.00029682335617505314 0.0002884704392806315 0.00027520663958227967
146 1460 0.0007948575798301342 0 0 0.0002780211004526238 0.0002842685363389969 0.00034417568814576596 0.0003467493720231921 0.00030736968257804437 0.0002786140708539211 0.00028867127289242995 0.00028612085422342843 0.0002733254099448748 0.0002611332407391146
147 1470 0.0006992379639489892 0 0 0.0002392374477699656 0.00024992472632249374 0.00031111614780688246 0.00029687787749528485 0.00026917578647673787 0.000243099564057013 0.0002519530823056605 0.0002524822255421405 0.00024055941976057943 0.0002207665261277857
148 1480 0.0006308664746396947 0 0 0.000206737050241653 0.00022614348465099614 0.00028274198963390654 0.0002657124371804205 0.0002394137398071443 0.00021967129903251056 0.00022881601825249214 0.00022457525787276524 0.00021706929439543573 0.0001997705235431842
149 1490 0.000588272610012232 0 0 0.00019901643989099114 0.00020807058912758556 0.000258942318121441 0.00024238680782834294 0.00021199014212179015 0.0002070361956535984 0.00021456223087525385 0.00020638062469914944 0.00019973039801710692 0.000185638360579346
150 1500 0.0005485234366404022 0 0 0.00018656513054432115 0.00018956815391745667 0.00024169487038906896 0.00022806344437167994 0.00019186155599377157 0.0001895945721630715 0.00019312819535753778 0.00019508924180715063 0.00018671030349312801 0.000170801172694737
151 1510 0.0005695828189257484 0 0 0.0001893692929393493 0.00019622925366679958 0.00024561900408546464 0.0002374992516611566 0.00019753579407620484 0.0001925943951718987 0.0001979045684718632 0.00022007919062235013 0.0001911903706268498 0.00017423344175350878
152 1520 0.0005561519481085233 0 0 0.00018343394392606474 0.00018477013508388845 0.0002373514988687616 0.00022689290234539894 0.00018839899819350433 0.00018671527343221432 0.00019276111578335928 0.00021459392678917276 0.00018440083201648095 0.0001693513938734283
153 1530 0.0005512577026730107 0 0 0.00018298573373488498 0.00018419726331210854 0.00023546311493400347 0.00021848369006124125 0.0001828522028076996 0.00018260334308934257 0.00019059005646572893 0.00021353810300018248 0.00018245025347735284 0.00016559594040520598
154 1540 0.0005004891478650367 0 0 0.00016343388255070455 0.0001673231898284283 0.00021050056975332863 0.00019845711871870812 0.00016482534417058096 0.00016501194928117549 0.00017258166222415338 0.00018533716087072656 0.00016593022556546502 0.00014959439602652873
155 1550 0.0004462704163635362 0 0 0.0001440483862081312 0.00014434604622930899 0.00018892342631710385 0.0001728170641339184 0.0001414714853271818 0.00014655219379225992 0.00015103808936892427 0.00016527058577535728 0.00015051966054267153 0.00013367119110915045
156 1560 0.00040690444870859863 0 0 0.00013120410261344433 0.00013062605136820817 0.0001715560383453387 0.00015656932885794555 0.00012909034483483327 0.00013426573182827978 0.00013707065184614362 0.0001438729532223124 0.00013137755521358934 0.00012141169382180725
157 1570 0.00038621777168448975 0 0 0.00012503753875771774 0.00012282697348700876 0.0001584782281890135 0.0001467876721970787 0.00012164615843564474 0.00012718160121505848 0.00013142957861097385 0.00013669120200185826 0.00012499683253876543 0.0001152311450538932
158 1580 0.0003797074212529742 0 0 0.00012029372171819327 0.00011730016920743065 0.00015623995838997157 0.00014367303202127377 0.00011960761703560957 0.0001211802811429065 0.0001278599020411513 0.00013387521210702022 0.00012282637727380918 0.00011596704867514964
159 1590 0.00034915149152179605 0 0 0.00011011689230436964 0.00010622646380006687 0.00014259600976566702 0.00012971785162870856 0.00011050407953469622 0.00010951089329169628 0.00011762707455082702 0.0001236214126137839 0.00011266686588023876 0.00010431216338253851
160 1600 0.00031456498966916794 0 0 9.923797138107941e-05 9.494756236932907e-05 0.00012848374304093324 0.00011670537844679502 9.818046755273431e-05 9.671199655516432e-05 0.00010472553457298946 0.00010687766458307057 9.966502584103359e-05 9.249710514034362e-05
161 1610 0.00030332643022204183 0 0 9.060848327480281e-05 8.98556766404687e-05 0.0001242113316926282 0.0001104400468893243 9.494012565349527e-05 9.235795431935174e-05 9.749203791826015e-05 0.00010239153539479446 9.71634357494881e-05 9.020183902974011e-05
162 1620 0.0002867644188850482 0 0 8.456688539523478e-05 8.436823177897434e-05 0.00011815084174132792 0.00010132587834188624 8.933181047319767e-05 8.740746174579579e-05 9.129245514728045e-05 9.600570228480663e-05 9.000097627226541e-05 8.492847093436041e-05
163 1630 0.00026989225683161987 0 0 7.802397870741995e-05 7.74169608093061e-05 0.0001098633117115854 9.502211360496875e-05 8.277814862225683e-05 8.237487164987026e-05 8.501254641942906e-05 8.735311621932381e-05 8.514869778370907e-05 8.130270290373447e-05
164 1640 0.00024861148029051616 0 0 6.936878272074742e-05 7.055746780485207e-05 9.814662805253186e-05 8.524174720850466e-05 7.5829628121898e-05 7.668134528656822e-05 7.76769406659042e-05 8.157427537504353e-05 7.821516707323574e-05 7.606335927162537e-05
