% # columns="iteration, evaluation, void, void, void, xmean", seed=919176, Mon Mar  9 13:20:06 2020, <python>{}</python> # scaling_of_variables: 1, typical_x: 0
1 10 0 0 0 -0.8335242746906705 -0.9310271831135547 -1.045722834452029 -1.018329819925579 -0.899636893231055 -0.8472805010303454 -1.097678462967946 -0.8870024026664464 -0.9841554585725015 -0.7154595884808159
2 20 0 0 0 -0.7521339097726101 -0.8629178950258438 -0.9778078845218796 -1.081960288103177 -0.7823298887739839 -0.889359577578411 -0.9409524189367867 -0.6781193206067088 -0.9650429130340398 -0.6503543817112648
3 30 0 0 0 -0.653813332658168 -0.6886731676547996 -0.9780652470559765 -0.9463629556040656 -0.7972326924212726 -0.8261830923504807 -0.9443696112220679 -0.6658088210826679 -0.9563523074381922 -0.7083432757669159
4 40 0 0 0 -0.5991531365296061 -0.5086467661724389 -0.9705111848496922 -0.89518738019504 -0.5664016697002558 -0.7913509385723745 -0.9284241665751292 -0.5310658678485972 -0.9479679791390988 -0.7414643554147436
5 50 0 0 0 -0.488879895394895 -0.32185382408077834 -0.8250085211982593 -0.866811701555379 -0.2252987667178853 -0.8673025800034924 -0.8978475839283743 -0.1982556872280941 -0.8011320706328439 -0.5820856822153528
6 60 0 0 0 -0.09380215255659646 -0.15769749735650007 -0.9308642658551134 -0.8211716025479902 -0.3010653534629872 -0.7710032948510915 -0.889223319172033 -0.05747997478687661 -0.7151534995677208 -0.33994904652043617
7 70 0 0 0 -0.06125867260992288 -0.09990894301074212 -0.7201325171288254 -0.6934055400928972 -0.03967665284426242 -0.576883435559898 -0.8382409078936688 0.15482454200093881 -0.6543615686732398 -0.015806350969090832
8 80 0 0 0 0.11479914486359843 0.14982074851199945 -0.5755567859577684 -0.4830697465730514 0.2719968980634613 -0.48505953031803345 -0.938311453207381 0.4871026454432732 -0.40656756959083246 0.10483770514791461
9 90 0 0 0 0.017206292552351177 0.16088862232245693 -0.2629084980268681 -0.36535229926706503 0.27695462932691994 0.008208405094346227 -0.662951713616771 0.5906505057548386 -0.43240845660199156 0.3104468004759472
10 100 0 0 0 0.17738112871807474 0.35846800702980836 -0.0489825489960114 -0.11368202345209566 0.7256806956954575 0.09979679003270774 -0.5732894442665263 0.21288529979576626 -0.3867703655621214 0.41265968379352586
11 110 0 0 0 0.31501973614223105 -0.08765983022823076 0.32213312094835633 -0.21772803937746119 0.45860346027137766 0.192041775749633 -0.16885387625443027 0.4405779120886616 -0.5815843942859067 0.5102050623730398
12 120 0 0 0 0.37509470381104243 0.11644740442151902 0.10274217233556804 -0.2794239692326886 -0.17017279403078933 -0.1574570818283606 0.2860970310358845 0.32157369617635756 -0.9142940370551731 0.36760715075612754
13 130 0 0 0 0.444139799171378 0.4084210527794426 0.30988627556925646 -0.19940800999868563 0.22970229400605768 0.3213151034358055 0.49372582183146574 0.5970085167532241 -0.5928444296348452 0.565847478234124
14 140 0 0 0 0.21541834845481292 0.20810716413647243 -0.27408922326484103 0.2732928770387963 0.27872063255568463 0.458723698097907 0.2391395233538256 0.3102696215839092 -0.47732616748028817 0.23331831235640133
15 150 0 0 0 -0.1293688057009649 -0.054606720895383126 -0.3836850880512758 0.4244103030212567 0.5257355762342895 0.25663200398224295 -0.12286026665611532 0.07328479767500845 -0.30947567515543617 0.5375491851822743
16 160 0 0 0 0.03837153941672286 0.020974351003725814 -0.45093831370954235 0.1226869930530825 0.2985878444816503 0.5552493980907216 -0.09243481646506575 0.1289209232194615 -0.4617284079120351 0.4792421174618448
17 170 0 0 0 0.027122865253098847 0.03792562700509526 -0.46407435137421843 0.12037679623540844 0.19975656944380013 0.6426450640741083 0.029443741436206816 -0.12899991159614385 -0.43426536505755253 0.6112958284039097
18 180 0 0 0 -0.10374670422832932 -0.16309087115534404 -0.5948817958531847 0.20854761900337107 0.13239319121014884 0.7220605961202344 0.017644367979447805 0.031838232294710445 -0.31637668364734545 0.7665177601242091
19 190 0 0 0 0.13886804567781652 0.21763833621698803 0.009341574081548676 0.1619638331251521 0.07334040108494785 0.634991376391119 0.12393060239403624 0.06208319289748995 -0.16824245417956205 0.8932749324796981
20 200 0 0 0 -0.09286042322270704 0.2895562010832669 -0.4783776350476813 0.0645684909488184 0.3916777259144004 0.5046550552027915 -0.10714379465153635 0.2012628492093165 -0.003032347127229773 0.6929380639659657
21 210 0 0 0 0.20086040586646342 0.20784412515890568 -0.21575200587254123 -0.03714481940053631 0.39968749686673033 0.17899187611790024 -0.11381635892825404 0.13357658516728202 -0.19823043710245203 0.5344444085989696
22 220 0 0 0 0.38751658987575544 0.17764435930562433 -0.18552852685090715 0.21063476634853123 0.3241564175020463 0.21044067119083876 -0.10570599359738414 0.06294485570162531 -0.055654029806120886 0.303385462745728
23 230 0 0 0 0.35069049034223904 0.18648044209837453 -0.16526741421659163 0.345156853581549 0.40398641634371885 -0.06696173919916715 0.10679423158516993 0.4282125749097875 0.11611789258209068 0.20876712572481707
24 240 0 0 0 0.45508101477196616 -0.09571052193009902 0.09574158918090447 0.2498146017606967 0.2906254226699406 -0.07273743067407895 0.2591031335621833 0.25940215325213756 -0.004127507580280548 0.3018987566602861
25 250 0 0 0 0.4823054509330335 -0.1536032971228105 0.07472063353265769 0.16043341283764273 0.0029182576917124448 -0.20807021594252684 0.29603413560184055 0.3256499604540044 0.061679846890532936 0.15607699759969973
26 260 0 0 0 0.5285344578429778 -0.19855260716860357 0.06254337731538605 0.13271767021136482 0.0055550655280597085 0.07805452714114708 0.2749137227613264 0.10611533735032688 0.21069695025248236 0.13004588509864107
27 270 0 0 0 0.3441575511833626 -0.05223419597433257 0.28028242803323566 0.2063733173451454 0.16308198583570824 0.1098651538166006 0.26225357715917524 0.4142977065444545 0.2748927073916033 0.3830767213943693
28 280 0 0 0 0.4389181333332003 0.13986136198580282 0.2298100932341264 0.15912495630140402 0.20375985421464146 0.08323989594535772 0.206498130740505 0.41916618100689645 0.14163057905874302 0.2733483127936579
29 290 0 0 0 0.2192204931371347 0.04560362897605652 0.11596199811281509 0.3191692858284316 0.31847973917163613 0.03889227119219331 0.26225936446729753 0.3055106344191734 -0.019348334145039142 0.14855920381788013
30 300 0 0 0 0.1804135376671029 0.01830388080350909 0.21608322615698028 0.19162042177982175 0.03138260929152581 0.10052218899718456 0.19464716482996325 0.19392828875937113 -0.09220716049062297 0.17798555267169347
31 310 0 0 0 0.18047153295365545 0.012898282558414298 0.2276810275153317 0.2562201026935919 0.10779981736009014 0.20058423506651485 0.18551710058840612 0.15433785636424152 0.0037984491653721697 0.2371074468432709
32 320 0 0 0 0.28059241819193775 0.03956197028232522 0.131852996739327 0.2793539176483924 0.17265038842545855 0.21644382037782678 0.12604498112721763 0.17600935343505839 0.0035276544744873312 0.2137382895539267
33 330 0 0 0 0.27793821012686204 0.08279231883759201 0.18803947079774028 0.12858536190938524 0.1523645205214173 0.223701213390219 0.05283437077823783 0.21563555564515302 0.06722873876530777 0.13343630229266787
34 340 0 0 0 0.16360308115265212 0.08341867980697282 0.11000038716852308 0.038316062621930116 0.09087291228603576 0.2540581799187311 0.17650102393955433 0.20764317130047977 0.013505401537885653 0.07540900105573126
35 350 0 0 0 0.13623617059846982 0.09189790582676266 0.000668179945839148 0.10921413248964328 0.10226960987249928 0.1576501762883273 0.1609516118038009 0.15383587714093272 0.16159817657722397 0.07404047940263667
36 360 0 0 0 0.1329992573271699 0.15715335042813766 0.12985480753358192 0.14084796100525024 0.17425100253743378 0.07493860801282767 0.138039481809229 0.059522804850288935 0.07919777078483287 0.12381665864263422
37 370 0 0 0 0.07443029648607169 0.06016616989417711 0.04272465254524954 0.15755506747911724 0.14992114673788992 0.12554046073296243 0.09161002106064016 0.08063166688607216 0.04416626564891483 0.04257945645361072
38 380 0 0 0 0.1275968203922577 -0.02741839796179414 0.08287354820065612 0.07369366117960938 0.12254121817931306 0.09986019023330527 0.11530233814851114 0.05480475711399665 0.0286933420507072 0.09007302814639527
39 390 0 0 0 0.08441445427625256 0.00045665464056787383 0.08029483304635615 0.10858678524454042 0.026486106899148876 0.0898456671003771 0.1091153302463479 0.05732392328235257 -0.0017892587851922742 0.1229964644845947
40 400 0 0 0 0.09715467013144802 0.0635293217530844 0.10121689950368985 0.10662307174418571 0.05009921651859228 0.1269304441819346 0.14290656353448258 0.03599601307768782 0.08351304171188607 0.12428089824934521
41 410 0 0 0 0.09794994729316242 0.08497061736506455 0.0934118601190377 0.12635121877096234 0.02794796779953221 0.13608755438186948 0.14740382854298412 0.08368828445567814 0.12255175607469126 0.1353396948055114
42 420 0 0 0 0.08583038211616603 0.09384498924219013 0.056281560294030225 0.11362271463873186 0.07495480403043973 0.0560823352268644 0.17765298983969827 0.16331633153109004 0.08521359911956478 0.15071006121163483
43 430 0 0 0 0.12483259182280938 0.12990054794891553 0.07486640219755926 0.15219690006006115 0.05559825640089975 0.03304206570399558 0.14947086266875365 0.19296472733518463 0.07511226982299295 0.17289125154494625
44 440 0 0 0 0.1051015763028377 0.13107283332624506 0.08775210024410068 0.158196849206556 0.05010037826059806 0.019364536854360792 0.11942036999997903 0.18225191802037488 0.03288011997074149 0.1550240287357113
45 450 0 0 0 0.07659536980173103 0.13116773835810136 0.13533815953696218 0.17150766853186433 0.04694561537025414 0.053011009036945986 0.1028667549178381 0.2247175209516332 0.08566298834915997 0.17286397076283466
46 460 0 0 0 0.11137566966673287 0.1419496462091693 0.16097411638391737 0.13254993956901578 0.08798602721876306 0.03521615360000647 0.10272789393298445 0.22254648995891269 0.08889012555224446 0.16755400042366145
47 470 0 0 0 0.10593045016760334 0.16181430738149705 0.12157906505810415 0.11713250617044432 0.03682431094118389 0.06535698639063478 0.09388014528634676 0.21786367542086058 0.15745776453680013 0.15520671468125932
48 480 0 0 0 0.12292867250209294 0.14815874947933882 0.14266536369751515 0.09770883913897953 0.08567724409022752 0.022861865556221717 0.10830922627154174 0.19647716619465147 0.1960477146916295 0.13572415846118918
49 490 0 0 0 0.15547679191296962 0.119165952144497 0.13066027160567428 0.08840844151958627 0.054977500799763344 0.10151015576227573 0.11601373284196638 0.15675397096361024 0.17098637583228485 0.16146847561422814
50 500 0 0 0 0.18323430027344279 0.1346093934612357 0.15224574925491657 0.11833152379499526 0.07710807831845143 0.09733968836354656 0.09566366036527665 0.17323583642481394 0.18779164760099057 0.12911696532181577
51 510 0 0 0 0.14966363363593851 0.14136244769995646 0.15385680874906257 0.13287205470418112 0.06703098969267457 0.10614706456524357 0.099267206095476 0.1632917736137232 0.17878628840681735 0.14826266333669255
52 520 0 0 0 0.13500522738579676 0.1560529451819846 0.14181107557400527 0.12726088254226306 0.06901525867100472 0.09966938588706163 0.12057094847881497 0.17450811430100713 0.17562679857746027 0.15545591371899553
53 530 0 0 0 0.13323394655691223 0.15181174677949397 0.12816020665749142 0.1247837567047082 0.05902436847686235 0.104057421502607 0.12216430577382142 0.15262701564898082 0.14094084680231803 0.1460108495886265
54 540 0 0 0 0.12470172743411138 0.1573992632475253 0.11262865251504388 0.11902405697905971 0.08720064556546966 0.10124529813444874 0.11590243612093865 0.1687025812317923 0.13879889435159323 0.13865860881550554
55 550 0 0 0 0.14590912802433365 0.14257122805595718 0.12948684994707715 0.10596990206599752 0.10302006907476605 0.09317029706387468 0.12008341597271484 0.15449736074074819 0.13205303179237393 0.14747413831180697
56 560 0 0 0 0.1414374252757173 0.16226989917002696 0.11023202522807247 0.10423968240234353 0.0831431178787033 0.11009408027951244 0.12126089502935293 0.1611208480378197 0.10561214545975062 0.14845640123538006
57 570 0 0 0 0.13765583522447122 0.17194944685780444 0.1350575713243851 0.11236049116943721 0.10204370533312865 0.0946475910105871 0.11642872283905324 0.15041444358262215 0.09991840570819267 0.12781846781975742
58 580 0 0 0 0.13126385688453554 0.17771309633518623 0.1394534613738923 0.11925210293609795 0.11095327663346945 0.10298844031642546 0.11590798823461806 0.13900738388217265 0.09623960715630134 0.11246674425303009
59 590 0 0 0 0.14994504334069034 0.15286708386458367 0.1132686232747001 0.11966615826260568 0.1084400213055553 0.12269019374857848 0.11599366908372612 0.12775287126059254 0.11880850928780427 0.13270798566530106
60 600 0 0 0 0.13364820192234875 0.14764474479990336 0.11358925924797623 0.1394396783576588 0.11536628547501064 0.12523085511096738 0.11627370916610547 0.12410692239710497 0.12586143213908724 0.13566026278264495
61 610 0 0 0 0.15131413157858856 0.13347601923513897 0.10770688082951245 0.14404467827941594 0.12511377901638937 0.11212889407836756 0.11393885623491352 0.11246269933133281 0.14347941285696925 0.14014062235632407
62 620 0 0 0 0.15619706072921177 0.1258580867492289 0.105733368100388 0.13729537394759095 0.14181542589290738 0.10256633620201837 0.12114425818728208 0.08673604728382608 0.15391405669331315 0.1448857703617419
63 630 0 0 0 0.14507733037536977 0.12577607392333875 0.11715540351965463 0.13022245536420718 0.14848162470927798 0.09939979374991843 0.09738185554488513 0.09162421505334031 0.14908118624930797 0.13279242439441263
64 640 0 0 0 0.1388503130780285 0.1399614046291957 0.13473140608442458 0.11856134812426654 0.13453731731573992 0.09424773699896546 0.10154985682540904 0.09458318978482372 0.14379378924168196 0.14785763862705226
65 650 0 0 0 0.133045161290599 0.1276844714206847 0.12068116403594428 0.10031722132125205 0.15815911305159833 0.1080448248707564 0.11580363973485427 0.10273855901165956 0.1481915862873618 0.14465858377945764
66 660 0 0 0 0.12845960174037344 0.142332596950985 0.11408343363631113 0.09627770118418093 0.15256248238985234 0.1367145662613288 0.12319377826601575 0.10559100270562037 0.13588601264187672 0.13154491642775984
67 670 0 0 0 0.13015562653218662 0.13788747846236946 0.1214925975891272 0.08577117954632348 0.14457274116240978 0.1345963506312127 0.12675167516110145 0.11718761377286094 0.1300295659829761 0.15026486477242273
68 680 0 0 0 0.14550024983386464 0.1270129112051637 0.11862137906559266 0.07865534016784828 0.1507319511348198 0.12815706724321319 0.13948110606199954 0.1272769740389467 0.1264522608264885 0.13159922050908834
69 690 0 0 0 0.13561895849773326 0.1431377172132361 0.12580344774282234 0.07773746343660369 0.12390648037139983 0.13649171956138953 0.13641728520734075 0.13481733717578107 0.10194428207457304 0.13944091267385397
70 700 0 0 0 0.14410721777996063 0.13186903732803704 0.11500173654660964 0.08134431292634733 0.13421484998488503 0.13595890813721112 0.14650379707766512 0.13939981663637996 0.11515991037949516 0.13704991553354495
71 710 0 0 0 0.13496843657369817 0.14515612676629863 0.11654426416778386 0.10299939476021963 0.12841443678788209 0.12860453561512478 0.13443405231762637 0.12682085898190612 0.12469098931178467 0.13698321825365978
72 720 0 0 0 0.13163731422655164 0.14743188080679745 0.11144897298603362 0.11059395997874234 0.1347357459580608 0.12272522099452474 0.1307294518617993 0.1335912311478502 0.11283957473905071 0.1366814135537181
73 730 0 0 0 0.1307314509200523 0.14882387738619418 0.11833356588311 0.12479452439187991 0.1365163272467125 0.11856143923044038 0.13320545010475507 0.12141895141109685 0.11650364038039146 0.12540705165511123
74 740 0 0 0 0.12863827152430654 0.15453687930016946 0.12161294690665987 0.12872562144643962 0.11424985703971814 0.11484955235060905 0.12231727002985852 0.14040436391417044 0.11582140543553836 0.12376308521296427
75 750 0 0 0 0.12946145103846562 0.1434377122487433 0.12059800672813037 0.11942799139198476 0.11694927530032233 0.11384870386268467 0.12945915446486184 0.15006764266546602 0.12682150835040018 0.12048678122695607
76 760 0 0 0 0.1316177871779593 0.14427900107323074 0.13077380612497866 0.12432720599892316 0.12392192619857892 0.11211263757180553 0.12498843714013252 0.14084853798877925 0.12483665858427265 0.12468460852566098
77 770 0 0 0 0.13470611313297612 0.14293528841178849 0.12460397581600623 0.11926767122767651 0.12443761196686358 0.10909760342046373 0.1321145266666411 0.12874604618985291 0.12674899714572704 0.1289912351372986
78 780 0 0 0 0.1299702804385711 0.13980079207398596 0.12940298290046315 0.1243230840591538 0.12693874644484449 0.11483454881251276 0.1316276009546409 0.12787577507792597 0.12794075481859885 0.11985096761867302
79 790 0 0 0 0.13370228462938533 0.13276166813803003 0.1296279426432324 0.13500741644511877 0.12793457442199127 0.11598087125648424 0.12508004747526508 0.12652058702279398 0.12399157912286068 0.1197935564756705
80 800 0 0 0 0.13422015721839556 0.12923620679748252 0.1352360835656219 0.12602713282537045 0.12789227110952953 0.1108423844279366 0.1294902903128839 0.12687950072407775 0.1266808583526074 0.11290020277241238
81 810 0 0 0 0.1385614888953265 0.12205811984444763 0.12929242444067712 0.12839710131341026 0.1188432543091068 0.11658018279783024 0.13163553641297468 0.12611637605504294 0.13381599149407383 0.12366121748993796
82 820 0 0 0 0.1317018925002865 0.12958978294545567 0.13100674423462977 0.1222815648563148 0.1137637430107203 0.12323631293205523 0.1308335691715401 0.1330066763030854 0.13089989382948874 0.11780655464390377
83 830 0 0 0 0.13077966119677376 0.12241933813932326 0.12923363206674368 0.12722650220929935 0.12152139446196615 0.12453635411194966 0.13308825559524917 0.12715414054477742 0.1336418368152646 0.11791686344973011
84 840 0 0 0 0.1300205800124338 0.1241796514340779 0.12950334817088122 0.1169528057388392 0.12340790578634847 0.12395653803620203 0.12807988773693268 0.12811788489715564 0.13561415337041924 0.12150706462306934
85 850 0 0 0 0.130969164430171 0.12807069980812383 0.13276513781965718 0.1262957784557365 0.12182243354422143 0.12104690096234376 0.12703409889323752 0.12490217350284834 0.13361660013733775 0.11912805498754839
86 860 0 0 0 0.12825760758524457 0.13196024316499042 0.13081421928037093 0.1273185690456732 0.11936037210261571 0.1245089766453034 0.13156383322164408 0.12440240721256315 0.13264781957584393 0.11614597845629171
87 870 0 0 0 0.1282506740527162 0.13303328462204098 0.12963462056539732 0.12610841790159252 0.12208030349486947 0.12696341047508108 0.13285592243451824 0.1210490995499001 0.13064901707175702 0.11853308656379699
88 880 0 0 0 0.12941137552541698 0.13178496436803147 0.13201271553238733 0.12538601740556904 0.12335438616410867 0.1274113760748299 0.13344775623722102 0.12202819254447846 0.12961544328041344 0.11989749745934336
89 890 0 0 0 0.13039293608222086 0.1298793602455196 0.12942164867922878 0.13127688695130585 0.12928402150775964 0.12315853756485592 0.13027730609458368 0.12081852860667852 0.12804304518691273 0.11937589744754169
90 900 0 0 0 0.13214067532819576 0.13101178031661634 0.12823472481799694 0.13210509992221545 0.12724859430598523 0.12537052337534 0.1258211806140362 0.1218797157670827 0.12816631528210887 0.11969422329210443
91 910 0 0 0 0.13018050994501232 0.1344926498103265 0.12828982168526937 0.12985014754987328 0.12643985057283919 0.12254600017382686 0.12468394237302947 0.12302293443201864 0.12923759573199367 0.12260305678070128
92 920 0 0 0 0.13236968877382782 0.13227553913969337 0.12859239284932847 0.1292585312842418 0.129132546270456 0.12487045952186542 0.12405181185833036 0.12357661889573845 0.12895462399584084 0.12148764031284161
93 930 0 0 0 0.13119065824480172 0.13369687955068918 0.12748708920258128 0.1257571985238315 0.1293219808539406 0.12854375934622703 0.1238763225284513 0.12268502238619838 0.13130542449385535 0.12060519820637351
94 940 0 0 0 0.13202167544349597 0.13259428731975256 0.12709637494567333 0.12578041681504412 0.12885055290927103 0.12639503958326875 0.12583603918546812 0.12271398122193332 0.13135710552725346 0.12331712540527749
95 950 0 0 0 0.13133930575349953 0.13203833245776142 0.1267566033584334 0.12578506057383515 0.12652671488258146 0.12519303418188535 0.12529868959200582 0.12492339011822598 0.13086319338859037 0.12521715041513537
96 960 0 0 0 0.12923815554278328 0.13325623228248837 0.12597352495868913 0.1263984865738977 0.12817158918880764 0.12510527584603406 0.12743309930801516 0.1250785347775358 0.1276578354479182 0.12393728399162485
97 970 0 0 0 0.13005034767851206 0.1337537120752784 0.1253091485029943 0.12734979155156462 0.12609236662216497 0.12570284958007816 0.12427019620745622 0.12585746462513922 0.13039746727103818 0.12583939140654957
98 980 0 0 0 0.12959981429235454 0.13288238492888743 0.12504193088497956 0.12663486080954053 0.12511542520542526 0.12469303226394143 0.1260841520725644 0.1258390451550645 0.12974167631475653 0.125102829560779
99 990 0 0 0 0.129226068336658 0.1319152009268063 0.12527838867194493 0.12630387639486046 0.12747245036470892 0.12631556789055332 0.12446697144534288 0.12653982237697373 0.12854327698749587 0.12538935982425048
100 1000 0 0 0 0.1297510109322838 0.1314432116307189 0.12429327902581061 0.12752342695677504 0.12646446587460483 0.12714399574654828 0.12565227724311548 0.12660832406124808 0.12663513167737198 0.12685813178933278
101 1010 0 0 0 0.12882811874284683 0.13146839976466404 0.12400821154667199 0.12663337417656076 0.1282109290869068 0.1271232797355421 0.1247902866774553 0.12651683522958698 0.12524609043427717 0.12745358603432025
102 1020 0 0 0 0.12799710395462 0.13142475461712314 0.12764131035021137 0.12738429826306602 0.12814031907774973 0.12729912441730415 0.12411183356807952 0.12599451963444722 0.12598991058405098 0.1254761166963016
103 1030 0 0 0 0.12748492240204123 0.1302826470195088 0.12769230392804223 0.12675757384730696 0.1275889533424902 0.12589924292683954 0.1248941250059632 0.12767694566441573 0.12602418611378982 0.12500947134341864
104 1040 0 0 0 0.12966377030393134 0.12847257656467811 0.12899609694509634 0.12725273752274974 0.1270879744738299 0.1257487520915688 0.1257065947318 0.12727774681691534 0.12698399869893084 0.12487943530684653
105 1050 0 0 0 0.12731726566841745 0.13017307371819292 0.12802227853845013 0.12750406235880218 0.1264430489696338 0.12605632475041983 0.1269196030004857 0.1264023159093168 0.12532960102511678 0.1261522020126566
106 1060 0 0 0 0.12790471080792587 0.12982126837973385 0.1273091966088889 0.1273786389518674 0.12736086233041335 0.12567618193314578 0.12710562783372115 0.12524097935489908 0.126706627820349 0.1258174942582592
107 1070 0 0 0 0.12856578716222036 0.12861175827823434 0.12844132231190894 0.12854255755450641 0.12696512985361266 0.1251631856293078 0.12761892926442836 0.12563031426706972 0.12633398444283644 0.12603945657306875
108 1080 0 0 0 0.12846073745236902 0.12778902509403228 0.12705889048996863 0.12793380641284868 0.12658585728635954 0.12663151385053617 0.12808809776715824 0.12524880363376148 0.12728829644063439 0.12685420995205832
109 1090 0 0 0 0.12805382337505836 0.1282164992122536 0.12746192031613474 0.12764029715945263 0.1267016569331597 0.12689502813292383 0.1277293282784714 0.12567931857672354 0.12703832219623096 0.12565550948332727
110 1100 0 0 0 0.1273198707758991 0.1280906030430107 0.1280308497551055 0.12667984623935538 0.12577582993921865 0.12729482233311526 0.12696830018616112 0.12642775345290108 0.12816272311024823 0.12534018607296846
111 1110 0 0 0 0.12763623812689245 0.12873492141957557 0.12723545421245355 0.12640360932637168 0.1259143480784304 0.12756684938165433 0.12731290536880754 0.12586381107829686 0.1276972016115929 0.1260208618142413
112 1120 0 0 0 0.12848444935696074 0.12857803903955028 0.126456299257698 0.1271434439774243 0.12690473920907938 0.12728730850097167 0.12752010015182522 0.12595897065093017 0.12735791017635456 0.12534197587555748
113 1130 0 0 0 0.12876001154048158 0.1286192058952008 0.12633753542702977 0.12701879128997287 0.12820427082912367 0.12691499288090483 0.12729371464250344 0.12554541583435663 0.12703081313401224 0.12593303652160345
114 1140 0 0 0 0.12878077845808794 0.1290460130466618 0.12600580837053615 0.12656592670627173 0.127502021551822 0.127107675735704 0.12633156787458627 0.1260355465170497 0.1270692971152663 0.1266739391703477
115 1150 0 0 0 0.12958734029613564 0.12869215167875192 0.12632646295279118 0.12596011649653846 0.12754010155959558 0.1279970742990344 0.1269717215336997 0.12597141420686628 0.12667344677030695 0.12624330473161485
116 1160 0 0 0 0.12962771936439477 0.1284614828940261 0.12625931056307912 0.1262645758306098 0.12717030117253625 0.12825057978085894 0.12724478377133946 0.12558542014528884 0.12643252108414982 0.1267881598477751
117 1170 0 0 0 0.12919268234481474 0.12799120506782963 0.12590599225481397 0.12641554159226193 0.12755353165934394 0.12812219335383856 0.1274549279936385 0.1256702079299027 0.12616426197214978 0.1270729636855211
118 1180 0 0 0 0.1297339103095531 0.12826834361949804 0.12637666021863656 0.12643090087763492 0.12730935253300288 0.12754551597501418 0.126919115236627 0.12625433853390083 0.12601451762092533 0.127219464650085
119 1190 0 0 0 0.128682847044081 0.12854598009673224 0.12560780227048324 0.12750627020418626 0.12760462516100585 0.12752683426239267 0.12779199935344943 0.12529308199143666 0.12536785862218297 0.12672799658189352
120 1200 0 0 0 0.12845999697812532 0.12966337106875714 0.12496461796432236 0.12776899792837113 0.12582652460200627 0.12739777489517598 0.12738140943686777 0.1253400946443414 0.12571554090141093 0.12661054254422857
121 1210 0 0 0 0.12842020526222264 0.12883155956531772 0.12534906979227697 0.1278194990674419 0.12603933753763608 0.12685863740093786 0.12702874353716373 0.12553040037616703 0.12628469980608037 0.12673321213104946
122 1220 0 0 0 0.12865747592927962 0.1280366862011076 0.12585784510636483 0.12899822885812445 0.1255500124786234 0.12691791399857538 0.1269750654320007 0.1254759560716867 0.12589666597127752 0.12718554509119992
123 1230 0 0 0 0.12839344664964286 0.12842814302987038 0.1266989107059026 0.12853870276907953 0.1259399852528901 0.1265368483191725 0.12681088673489155 0.12590441624119408 0.1254220431822388 0.12737926230074792
124 1240 0 0 0 0.12804587366205278 0.1281696312090692 0.12810632543765121 0.1277375638334653 0.12574961303176002 0.12665364268076615 0.12669521348399962 0.12611625037490087 0.12610970004192965 0.12699804268305984
125 1250 0 0 0 0.12863514406909238 0.12852118684712582 0.12766377913385393 0.12719508348245365 0.12589772260860185 0.1261457725320529 0.1262634182660727 0.12659858980869002 0.12650243949323312 0.12716080905065347
126 1260 0 0 0 0.12810567452971747 0.12791587403309415 0.1280124682244547 0.12754969964768686 0.1265984165158696 0.12575481185136633 0.12594783907237048 0.12632219093023225 0.12611475265019742 0.1270982708573429
127 1270 0 0 0 0.12820669004431776 0.1283034582729198 0.12755618108487043 0.12736350913783248 0.1263552314616183 0.12583605838702702 0.12548404973803287 0.12721278227304697 0.12586946342534577 0.1277723169929563
128 1280 0 0 0 0.12779138329091194 0.12777373218548554 0.12808090918480536 0.12654274307104765 0.12683061188107575 0.1261960618803799 0.12597293019005187 0.12715698127684136 0.12644484814501009 0.12758791234358452
129 1290 0 0 0 0.12742275896209376 0.1280880687705055 0.1285540230631072 0.12617067587618602 0.12731011110355608 0.12750391851457066 0.1261351090168171 0.12684765738689846 0.1262916850828992 0.12724006513530567
130 1300 0 0 0 0.12710394262998034 0.12834810900983876 0.1288326447838881 0.12638114987191892 0.12720456975682207 0.12712351214487272 0.1261927320185359 0.1265475118465942 0.12649123925381045 0.12697153696911803
131 1310 0 0 0 0.12675415904352266 0.12816605324366975 0.1284910440400733 0.1260224406300957 0.12711675964808697 0.1272451535466528 0.1265956413457441 0.1263720800042593 0.12694194969111747 0.12750890206856744
132 1320 0 0 0 0.1269028571634162 0.12764815180941982 0.12830890798134262 0.1266053793221794 0.12688076581602012 0.12721151142227569 0.12667749877124035 0.12628990365707743 0.12728715743922012 0.12782421704809843
133 1330 0 0 0 0.12635094253966442 0.12800458688471653 0.12793069134965676 0.12660857729782113 0.1272072482333739 0.12738658473801445 0.12678100152424118 0.1265974382229264 0.12726092958747753 0.1274491071320673
134 1340 0 0 0 0.12626093585491843 0.12801112317544502 0.12751896157761322 0.1274890752080677 0.12654661662774175 0.12731489237304228 0.12661089266086092 0.12749829658542644 0.12687032703737716 0.12720972231457509
135 1350 0 0 0 0.12668955292298453 0.12787932068800034 0.1275801624881744 0.12740995018826226 0.12687279843977026 0.12740710647530956 0.12711358485149787 0.1271506486980029 0.12634527093434916 0.12723989303824895
136 1360 0 0 0 0.12703891532144274 0.12808698426004922 0.12683367861792422 0.12791103529853126 0.12637074881906704 0.12711436386147723 0.12723875959992864 0.12671290437632365 0.12641698503215315 0.1274441487352926
137 1370 0 0 0 0.1271949709074753 0.12799743829976495 0.12764122643793427 0.12757043841304427 0.1269177950054631 0.12697010091548494 0.12684149006771683 0.12693904003803547 0.1263305169787697 0.12707696778113375
138 1380 0 0 0 0.1271410309810553 0.1277877962149865 0.1271111074686599 0.12780811711862428 0.12658147709385342 0.12730170771224772 0.1268265654760942 0.1270378853290409 0.12659453551723246 0.12712048576350063
139 1390 0 0 0 0.1271855344415433 0.1277712926760784 0.12743274513658556 0.1271067296653706 0.1271056146764984 0.12702929847058067 0.1273359014961364 0.12668524449532348 0.1266462549672743 0.12711175543602965
140 1400 0 0 0 0.12703513024415744 0.1276011636038156 0.12752214264985007 0.12673634696974095 0.12735421045092532 0.12701179256508607 0.1272724104293015 0.12653252838856874 0.12695381966207514 0.12716339154441328
141 1410 0 0 0 0.12740596870056625 0.12739600492534492 0.1273373508002287 0.12694468737518919 0.12712163910336036 0.12683830368025517 0.12725460689195128 0.12664547499461662 0.12719508256722842 0.1271288502054328
142 1420 0 0 0 0.12751150439338504 0.12719198140141452 0.12719458916312298 0.12731587429896488 0.12681853363459902 0.12704469364383733 0.1271468786176723 0.12694113491396336 0.12717154456625696 0.12729372180421297
143 1430 0 0 0 0.12748305804929008 0.12739789826755096 0.12699469735188676 0.12734779510522362 0.12688945783503902 0.12689482641331826 0.1269481285036533 0.1269084942360187 0.1271087830793604 0.12741417063564203
144 1440 0 0 0 0.12737102780124185 0.12741156997351405 0.12709071782400086 0.12722875149258514 0.12705480590796295 0.1269856524225158 0.127419716959611 0.12662231533098472 0.12690583463377525 0.12728924904200756
145 1450 0 0 0 0.12745772055918914 0.12710421780674114 0.1272895992745971 0.12703750001428496 0.12717151352041525 0.12673627519401331 0.12738272970787995 0.126616915284372 0.12719275371081873 0.12736075830093424
146 1460 0 0 0 0.1274368824500064 0.12698323575857667 0.12711757242449445 0.12718405415194178 0.12725467650999633 0.12680860167551564 0.12718013219095992 0.12683211931992938 0.12731967223482835 0.12725115046664398
147 1470 0 0 0 0.1274872392737647 0.1270691986514951 0.1273199017027836 0.12717094404249324 0.12707976742612337 0.12677752055084257 0.12706448188651526 0.1269141793648479 0.12723278777567992 0.12724737342775858
148 1480 0 0 0 0.12726033855437655 0.12725742130330492 0.12741686947610367 0.12715398465265224 0.12714847413845354 0.12687000285877123 0.12728523941972394 0.1266805890572389 0.12710800599282332 0.12710539566338047
149 1490 0 0 0 0.12707510006104172 0.12716302260841447 0.1273641285206382 0.12723515029643906 0.12714322331851238 0.12707785208775485 0.12738245053638472 0.12672827528037447 0.12704141050047704 0.12713454426407933
150 1500 0 0 0 0.12726508996468847 0.12716327910527095 0.1270994000850542 0.12702997853525194 0.12713908626809622 0.12693819711791174 0.12737160221268104 0.12687639318910907 0.12717089036648654 0.12719815200154783
151 1510 0 0 0 0.12728834897771021 0.12710119395294772 0.12713387233665602 0.1268945741285509 0.1270080606717688 0.12690129864946426 0.12723851666304695 0.12719132799504976 0.1271928503027467 0.127262554073897
152 1520 0 0 0 0.12734696294648953 0.1269894662909364 0.1271544227096853 0.12687218424071414 0.1270316198050222 0.1269484037628706 0.1272007563393889 0.12705519679773913 0.1272647667628107 0.12728154454845123
153 1530 0 0 0 0.12730935452523298 0.12697390098396835 0.12704915010281875 0.12698093149440196 0.12689543762291605 0.127060131673004 0.12723499672134178 0.12709726192112117 0.1271518736014598 0.1272699914100925
154 1540 0 0 0 0.1272562116179157 0.12700183396256226 0.12710349792171907 0.12698001701390657 0.12712911543363636 0.12695220222304596 0.1271962961716635 0.1270788315500191 0.1270924006849606 0.1272983573053817
155 1550 0 0 0 0.12719782346382513 0.12709754978523866 0.1271960992555079 0.12700912161400402 0.12708080055437995 0.1270275495154717 0.12723916794953724 0.12694063368751068 0.1269991405818856 0.12731735628755503
156 1560 0 0 0 0.12714877884477765 0.12706670394420552 0.12716121739451217 0.12712706511746286 0.1270760410256416 0.1270914751885562 0.12716619915403277 0.12691447804579817 0.12704043087510478 0.12727012542793376
157 1570 0 0 0 0.1272296334336169 0.12709831905277394 0.12717019669853394 0.1270131521111181 0.12707334418308822 0.12708450167097896 0.12709291126472783 0.12712107876869524 0.12701812174761717 0.1271882421924748
158 1580 0 0 0 0.12727432643045827 0.12711219898072096 0.12718215953871082 0.1269662649368288 0.1271013689575434 0.1271175774410712 0.12715129814717038 0.12707754836253946 0.12693294708178 0.12710398388510416
159 1590 0 0 0 0.1272796837252652 0.1270873107805261 0.12716279075931536 0.12704917446293562 0.12710028497561446 0.1271068272777744 0.12708775999990507 0.12711818583624326 0.12695976434458495 0.1271028379599665
160 1600 0 0 0 0.12725337552050106 0.12708411444871318 0.12711235995936584 0.12711312346599185 0.12710984782975893 0.12711892454701443 0.12705999290178344 0.12711553968288497 0.12696207898324263 0.12712081892466762
161 1610 0 0 0 0.1272223995757786 0.12707920107915022 0.12715433448863864 0.1271432459299409 0.1271712773073842 0.1271427665126 0.12706006457602903 0.12709063276868374 0.12703588866013957 0.1270731974789087
162 1620 0 0 0 0.12724664404301828 0.12713194600695812 0.12711136871828702 0.12717748025838788 0.1271534374235687 0.12709942389684678 0.12709878584544312 0.12710739098177598 0.12699888185805513 0.12707402142621232
163 1630 0 0 0 0.12724922199351346 0.12713929062002835 0.12708709797205808 0.12713989269926623 0.12719691931487614 0.12701187157758898 0.12706875503286397 0.12713541273431503 0.12694911124320762 0.12716392782144556
164 1640 0 0 0 0.1272376446754233 0.1271379690232841 0.12707055000855555 0.12712842357210752 0.1272161855849238 0.12710445543638804 0.12705994323016026 0.12706089423796618 0.12699568648332382 0.12706867201774863
