% # columns="iter, evals, sigma, 0, fitness, xbest" seed=1057069, Wed Mar 11 16:01:24 2020, <python>{}</python>
1 10 0.19855145924197937 0 2.498016308491406 -0.8814908551007796 -0.928815187072751 -0.46461024842774357 -1.055047074505495 -1.1899624479689903 -0.8157110577158585 -0.9051091212709894 -0.6891296895384798 -0.7586462832645967 -0.8703875856988577
2 20 0.20511926794652216 0 2.307372349137816 -0.8978656529358097 -0.8667682066098944 -0.46430726147764867 -1.0260673177876634 -0.8755773602549768 -0.899356252088862 -0.919441146255596 -0.73817031500668 -0.7516156939025773 -0.6823463556364316
3 30 0.2245913695985101 0 1.9583626618663712 -0.8000215112355931 -0.9944145984490522 -0.13540151487496288 -1.2353805375345923 -0.5019742757298338 -0.9642500283628095 -0.6735779554403774 -0.7082019441289238 -0.4646709805800897 -0.5009612652393391
4 40 0.25709348636683654 0 1.5754529577380771 -0.6430227755273495 -0.6986212637305185 -0.05979838438376761 -1.0774248382488294 -0.39359168571394737 -0.8074827761381353 -0.6065071524073102 -0.4673274801323547 -0.6519369795059672 -0.5820870060981919
5 50 0.3174171688750923 0 1.0557795901663947 -0.45544201781132854 -0.37145899593712356 -0.10499500467938103 -1.3744315975003167 -0.16392473562852755 -0.37891577512994734 -0.05121794460492746 0.07558736077509803 -0.7268854546094561 -0.43092406823841034
6 60 0.38470201602205784 0 0.8361727891402089 -0.7337653675613214 0.08441088125957008 -0.5278975060871386 -1.1936363900301232 0.12329299836340724 -0.5167357745851051 -0.09064707388749826 -0.1487957298493877 -0.350489551424063 0.27476602554790575
7 70 0.4647524220283253 0 0.5176377821830731 -0.3573296717287075 -0.11385572607024019 -0.09506366002047946 -1.2926732676079693 0.3860459875434509 -0.2822966644192745 -0.35057686877558736 0.3066187418445244 -0.06551730236280429 0.18004675890865685
8 80 0.5150519662665229 0 0.49117183446812823 -0.1765796729129786 -0.3206459599383835 0.6879396791051451 -1.3377479503631802 0.10145245788513219 0.06155033188791814 -0.39135260172755076 0.23494877825894556 -0.10669147624586742 -0.0338103974868143
9 90 0.5610438374365535 0 0.32099041719189714 -0.5594075090431772 0.5992979187790748 0.08128407326471461 -1.0108979537612923 -0.096293249887815 0.2870868338046758 0.09607427106802105 0.8525173031556192 0.7892847455510572 -0.2571458208777416
10 100 0.6076247709371296 0 0.5436477093152601 0.7522029641579506 -0.5458030611721244 1.0686953931530145 -1.0657072886821277 -0.7890430425228204 0.09274101089103938 -0.16432890891059135 0.28305082408401516 0.5576260968867792 -0.28255988451252734
11 110 0.5993870431959689 0 0.45578429235685575 1.5007714619438783 -0.17270144008631563 0.24021196906657216 -0.6505604620308142 -0.09066721567294829 -0.23164896040268101 -0.04323492918012181 0.3460949341710611 1.274327217024925 0.24926960124528896
12 120 0.5734599522709538 0 0.2869026962988374 0.5934081805215798 0.09310872247426749 0.7517141663410666 -1.0252145474387753 -0.6392842831727965 0.40754109864351595 -0.1765323763237173 0.150970779647683 0.395621435108385 0.42619898315624205
13 130 0.5428114065945726 0 0.29211615304677063 -0.10682702690404555 0.3811657200683806 -0.056981107650585616 -0.20265482047762695 -0.2241101341144846 0.10755309714631175 -0.7456186068161452 -0.7951799282713259 0.538121774321259 0.47187161611185424
14 140 0.5674812974963349 0 0.2683352501056115 -0.6341811579277498 0.5797826487620581 0.36489241482845586 -0.08236737898548296 0.700380111055964 -0.04184178210204128 -0.41931197403968046 -0.7434615414325851 0.610923798582089 0.5345617703033531
15 150 0.548450209286217 0 0.19271981388761578 0.3736288868255701 0.24090417183070387 -0.18230531244319337 0.523697712701469 -0.5829639269618319 0.37419963250504323 -0.30511187964241715 -0.8120171802332214 0.11623084608522483 0.23036978542050313
16 160 0.5067771140962457 0 0.21321936612756212 0.2457269653771137 0.12928708324034405 0.6111556767898019 -0.2277350965407677 0.14707099318691724 -0.04225085284844085 -0.8469757846680884 -0.31050853892506425 -0.3789142020401946 0.13044264148637846
17 170 0.47036838394529634 0 0.1026852797625593 0.12800017923447615 0.6228216557010695 0.18685284085883297 0.4964456012517585 0.12260650378439357 -0.015357632889390613 0.21311075837104276 -0.5000838128535292 0.1610496224718948 0.5625400533993093
18 180 0.46505839192779613 0 0.0895325165693467 0.36422444348134164 0.23549557047484748 0.013275793197142727 0.043704455322624486 -0.36136082861992874 0.09346282028071198 -0.2255317022016618 0.23223288435172207 0.5544202265119306 -0.4779459402604645
19 190 0.4161674696858704 0 0.09247310553281635 0.15364101144476006 0.5986496154967436 -0.029095886493688092 -0.12221525072991832 -0.41703159593214306 -0.34989020615081523 0.27942913124610413 -0.29738169574089723 -0.1012323183174364 -0.014424876286584981
20 200 0.36132938070799947 0 0.07828873392775831 0.3193859599082065 -0.0493277796515893 0.19025368071730236 0.1335976542792879 -0.3535204980350662 -0.33557062635868445 -0.3792973486021 0.1310255507092869 0.09462791113785053 -0.22524843059596444
21 210 0.31362590518134786 0 0.0441113416035423 0.28132602268775975 0.4950314072802294 -0.09381178284193678 0.07641212094573964 0.01193003581007604 -0.2745893887736978 0.19115654050050476 0.14643675607674342 -0.11467922478906722 0.2841875327357732
22 220 0.3004379963538604 0 0.07064360109841962 0.16721341947551763 0.7996651925429299 -0.038732563042986376 0.0908115660821349 0.20871134873723818 -0.19748680463128993 0.3219805587968019 -0.07130704438034768 0.15732569497251864 -0.005024285586536961
23 230 0.27834767011949935 0 0.04305611519461748 0.30039710094643135 0.14805747625573396 0.11688357119642384 0.024468252284281386 -0.044332538161074964 -0.004734220559982516 0.45433974778644337 0.411511240939961 0.34755320051807626 -0.25413659444032394
24 240 0.2696542210450888 0 0.01756270962646229 0.439356083775048 0.48102817116622476 0.18991767656937958 0.05509170511485397 0.38899157207742796 0.11019895344272249 0.6881674629764523 0.33032958151603276 0.4817872946719668 0.45515686829903174
25 250 0.28897200716625926 0 0.01593922631101624 0.6963612311394611 0.13212818470137455 0.2285019302433383 0.25053553420255237 0.3324457330047991 0.4457958704588817 0.3638672018289601 0.16646288698950956 0.5116778852959848 0.5816763132785476
26 260 0.28571366631192807 0 0.009409973640495964 0.36982821833074503 0.144327406419772 0.2856917877734888 0.40047610055533134 0.5794009426193476 0.1279418850487793 0.1500356800216053 0.25757026296094226 0.2990510376240593 0.3924027072209228
27 270 0.266739464702602 0 0.01537239592740279 0.06068033802483186 0.32952863925182635 0.05113663107478028 0.17280632535691964 0.12912800238615113 0.3328746569138703 0.2113687501293292 0.4043966846972381 0.20996859706606133 0.5159176943160273
28 280 0.2462519791477327 0 0.010507492279145977 0.18834084287356612 0.4163028262187709 0.5650703577072468 0.10641235025992951 0.44754606535009234 0.3099309563206591 0.224421760616454 0.11749374813397262 0.1467617415331008 0.34184491205904327
29 290 0.2263975088223536 0 0.03924828061713015 0.39910684993730916 0.6245103057229231 0.27892005143054294 0.2773898434694493 0.45490346137074816 0.0886123382369266 0.10016658990719902 0.41727374185507493 -0.0692880736322205 0.5239700690781869
30 300 0.2083614825634642 0 -0.00014371617095414624 0.5203067072880098 0.418787211611399 0.5344789193680545 0.34376834130046785 0.28228471888651663 0.3920184948312234 0.4398335375553397 0.3774315766210617 0.2302043344758712 0.400437235033809
31 310 0.191709561096216 0 -4.6317206360052903e-05 0.4960440636563656 0.518325254434779 0.38323357179039974 0.2730680459014613 0.5962195214121121 0.2794068104939167 0.46971950093982673 0.3479691349592306 0.4126905141861785 0.6053145118401597
32 320 0.18260343961595993 0 0.005548767111473563 0.6178997884142262 0.5731760675246345 0.6051876857837488 0.3103088865476936 0.8879487380862505 0.6644725240720417 0.45955483895960525 0.45615435296560475 0.7144849620779705 0.6172349556983353
33 330 0.17159247675529568 0 -2.1299122009061712e-05 0.5820820886798062 0.38757388182199537 0.31750876879254675 0.2746490345367764 0.6816169108459118 0.4623445109091092 0.263345858314312 0.4606484821432818 0.5893674287784147 0.4547844186641551
34 340 0.14832121107173246 0 0.0027919045672784534 0.45834610985836155 0.44324103810467375 0.2940543747512393 0.3771914908572547 0.503755235306673 0.49146798063991576 0.2796729713124343 0.3998424689666347 0.48162048899914756 0.5078734741055625
35 350 0.13439741555861293 0 -0.0001609815769526757 0.5398454308304605 0.35741228508377715 0.4508205126533079 0.41745166215987084 0.42833235126924246 0.3084825294481215 0.32029271352958644 0.3492520299727666 0.33959612348586204 0.39281155238069604
36 360 0.1155230239775791 0 -0.00020607697946384192 0.3890136052853986 0.43613166783960056 0.3791420224416128 0.3378751588548422 0.3977650021703121 0.22737033191720984 0.2391614568728002 0.33943461598557034 0.4037607980881101 0.41963113026901305
37 370 0.10786118337403258 0 -0.00025013227525594875 0.5121214505316235 0.3596904976349557 0.3798159079347705 0.31381059019262303 0.2873081040670462 0.25144810605961415 0.4348598027196709 0.4696648599870555 0.35889452305850333 0.32815292498368515
38 380 0.09657158041370298 0 -0.000417395321988628 0.4996975732678618 0.422231813787068 0.44445999140160913 0.42569051264846897 0.48813307654396604 0.3763470389765902 0.4009805144509069 0.4144285972394247 0.5009270547945712 0.5222589065654015
39 390 0.09326125301471319 0 -0.0003236183053658207 0.5027974870783505 0.33870085989102827 0.39275773552169063 0.46560748507568017 0.46324856287634286 0.42693587457260773 0.44219412511945516 0.4326930819071452 0.4852415999007244 0.5790726331326983
40 400 0.09126558018184863 0 -0.00018976083626763064 0.43541530363210934 0.45929762221028037 0.40001336589181175 0.4060886899081362 0.3017836233192759 0.3758604174476617 0.32427257931702136 0.319683038824655 0.4389129402701814 0.4913495855626667
