% # columns="iteration, evaluation, sigma, void, void,  stds==sigma*sqrt(diag(C))", seed=936834, Mon Mar  9 13:20:06 2020, <python>{}</python>
1 10 0.1883915046584561 0 0 0.18790759000479756 0.19100279234151984 0.18336509894001815 0.18932900413568468 0.18643839316529198 0.1946180080120544 0.18882887101124537 0.18736615596674583 0.18541940319074895 0.18387328603131448
2 20 0.2037037971173585 0 0 0.2125799060725579 0.21057903221272628 0.19633860498139405 0.20234238126924567 0.2032653924826376 0.20803764524006169 0.20621778286179707 0.19758634544830012 0.216114676003345 0.19449394256468522
3 30 0.2253598586287801 0 0 0.23478537081179177 0.24223342804621367 0.21724399374722983 0.22498979364134025 0.22171160450548935 0.21972513064678478 0.2224916335432363 0.21858171636824175 0.2519395167096065 0.21467491925558121
4 40 0.256656448057018 0 0 0.2707395302672399 0.2752356014912538 0.24639607263272936 0.26496990184952485 0.252168300118537 0.2659384011363514 0.2608205276979115 0.2448456202322652 0.29119860938248743 0.25689450377170814
5 50 0.3035850097708269 0 0 0.3159226761695358 0.323265906455637 0.28831778522144247 0.32430084097355716 0.3039705093663048 0.3227754656961039 0.306809618835613 0.2888366285604348 0.3455058985379759 0.3108695926801641
6 60 0.339763954430322 0 0 0.3531792283204451 0.35312275755339984 0.31018775619518174 0.35227732055386823 0.344631165174613 0.3594333616446204 0.33901996117852967 0.32626724937108453 0.3944758861553453 0.34886090765820815
7 70 0.39805775405103333 0 0 0.4190486587472979 0.4179179225608279 0.36329991599490746 0.4111846698086443 0.3978996687027166 0.42595629685771735 0.389042757217664 0.3855917233712899 0.4622154770919021 0.40875415253246405
8 80 0.4810349270283405 0 0 0.5116848811706423 0.5130294447900363 0.42907705065422275 0.49385075895161407 0.48208108820819395 0.512414385900408 0.4715466545934815 0.46583381875761776 0.560640127911253 0.4976449869897586
9 90 0.5344724953733242 0 0 0.5527251717701887 0.5684196967115535 0.47933814758948257 0.537679289614809 0.5320321647256616 0.570859285459568 0.538109991610547 0.5141205752082779 0.6066380425081381 0.5487203666417454
10 100 0.5593046377486771 0 0 0.5759790589956416 0.593987843454993 0.49893823747054017 0.5320878703481692 0.5967287032875069 0.5879832636810927 0.5592753179242275 0.5324388603626327 0.6394708890544186 0.5763953422689175
11 110 0.6123254991645916 0 0 0.6448653131033572 0.6447741712689379 0.5569308150540494 0.5745236279995217 0.6667063728808729 0.6394764531722381 0.610257418341702 0.574218119827336 0.7131046945314046 0.6269232602583321
12 120 0.6352418333976256 0 0 0.6601139433788357 0.6561444618030671 0.5901438911059023 0.5991585661800238 0.6866733304066082 0.6797746240518729 0.6159130457081435 0.5792616143129512 0.7124684629425168 0.6445806536656414
13 130 0.620532920966301 0 0 0.6400429968107785 0.6339140095456097 0.5881076390943341 0.5842871415819864 0.6446187183462613 0.6442211916784162 0.5933051010679313 0.5497773822569376 0.6900467430898172 0.6301255357753826
14 140 0.603834884895018 0 0 0.6218533789903334 0.6163422738143219 0.5654704168982209 0.5609175032105934 0.5980686622505882 0.6135319669188853 0.5788526328972473 0.5465251341458927 0.6602928523620489 0.6205768234620426
15 150 0.5538250766011188 0 0 0.5494955826872426 0.5653448164538296 0.5112777776546632 0.5131084866745009 0.5412126107068811 0.5567321643949458 0.5209307194443015 0.49615574859845946 0.5956457364190061 0.5604763181318363
16 160 0.5124214487791164 0 0 0.49726448081447516 0.5256846441168425 0.4669945196174875 0.47346062412204953 0.49598999836915453 0.5162123368885821 0.47727023358336806 0.446749215844148 0.5600010252473812 0.5152814482563675
17 170 0.4750833101923349 0 0 0.45095705534918323 0.4819001505644776 0.43291337686317666 0.4361843824240506 0.4621239172169683 0.4758745454127663 0.4426632585398021 0.3986085532467063 0.5161178421634917 0.4811855850540769
18 180 0.4651806850604201 0 0 0.4380265821897552 0.4665857251215167 0.42788553706074084 0.42430378354528114 0.448139400191032 0.47067206508053533 0.4334057156673277 0.39677888110540904 0.47880824012969037 0.47015448488331846
19 190 0.44178938090684483 0 0 0.4165321417564478 0.43932229734438794 0.4035996874423345 0.39764204943567766 0.42133298607438435 0.44618970329175267 0.4008572797740925 0.37456278388889247 0.4491725004498599 0.4436605998818506
20 200 0.41525008747069025 0 0 0.3829398844364966 0.4052438007259217 0.37832634355685735 0.3740331604355192 0.3896882081020103 0.41930474716687927 0.37518072809672864 0.3463952459764405 0.4087921267061238 0.4154057608961472
21 210 0.3986440583246826 0 0 0.3545944997230639 0.39024998971405 0.3568004020243948 0.35968647975789014 0.3694747768389176 0.3972684910049791 0.35933361897620497 0.32211361480404693 0.3953332414556017 0.40002820160223496
22 220 0.3737564021223517 0 0 0.33088522694421124 0.36352707595562833 0.32848694746316154 0.34138414338789874 0.34603182307345726 0.36267392205444876 0.3361655238028328 0.29465154054390025 0.36416120852328576 0.3744979109715105
23 230 0.3364112784067387 0 0 0.29798512896073 0.32118133982148805 0.2951162966828568 0.3057180032026108 0.29465518156454634 0.3271017218896742 0.30082817047952937 0.2598131529345989 0.31264504789021946 0.33391293092648594
24 240 0.2935641623395588 0 0 0.25592686292767813 0.2743188095095538 0.2536844133489084 0.2583439097663035 0.25473058488315387 0.2848646344831908 0.26383223499561304 0.22246253784155026 0.26740205626092123 0.29004876362011967
25 250 0.2705283796592394 0 0 0.23024529476760128 0.25548663170563257 0.22953081395370753 0.2374150728952851 0.23267357856483875 0.2573159014217238 0.2388960279515724 0.20436658213179257 0.24139387977736498 0.2601045692252082
26 260 0.24505335792436228 0 0 0.20345767433355746 0.2229797516013958 0.20949382094907884 0.21127100181246894 0.21001385635523337 0.23516167768191315 0.21737236326947973 0.1812734912509099 0.21470842712734303 0.23523791485726636
27 270 0.22698714900792683 0 0 0.18747245143152413 0.20875391872215113 0.1927356616316153 0.19534541499696517 0.19384324565249375 0.21263661519753327 0.19974854648028048 0.1686725831378275 0.1964334532072558 0.20998521484977972
28 280 0.21520655137677142 0 0 0.17698357917653465 0.19682011315561135 0.1828876778059497 0.18534529541336017 0.1832537531394925 0.1986613831499743 0.1877961769085277 0.15695066618853293 0.18694139908877688 0.2001888475745293
29 290 0.20415061399617743 0 0 0.1630339774298124 0.1896141637148763 0.17656823257035872 0.17348905928656788 0.17120134811547322 0.18802974848593945 0.17017729913220186 0.14877844921738673 0.17770004394817154 0.1896993930433632
30 300 0.18333227608819988 0 0 0.145556199092823 0.16724277868089152 0.15553077631324552 0.14791259924549002 0.15431292553317577 0.1682641579021218 0.15289942627794073 0.1341600119913136 0.15734988993418528 0.16806418291549194
31 310 0.15959433786284855 0 0 0.12613812519881215 0.14294330008904288 0.13525298832005772 0.12677021602234553 0.13399413711146277 0.14449422313095597 0.13283052013235666 0.11354624384648353 0.1344712825858339 0.14451155492926696
32 320 0.1488055043183204 0 0 0.11452526101466194 0.13551305546850412 0.12672100678952952 0.11665916736928686 0.12450644096985852 0.13288377557397046 0.12360063918128773 0.10354657097651611 0.12424851561474068 0.13677712011947513
33 330 0.1495518935419443 0 0 0.11505972628494772 0.13327279785855795 0.12767645991504722 0.11515246503708622 0.12421073407709785 0.1341138140448926 0.12896434385504876 0.10790461833447788 0.12261398161865279 0.13399527266849995
34 340 0.13445917873630714 0 0 0.10067016290159003 0.11767144665787477 0.11323796383073788 0.10319942751820531 0.11097101524096245 0.11797889244707704 0.11558380541678392 0.09561238938140773 0.10991370175023189 0.11746971392923823
35 350 0.13015000618270176 0 0 0.09744533172059963 0.11468950462421867 0.10960794206142974 0.0988801623361791 0.10607824984714524 0.11311793131595771 0.11166200215245206 0.0889206847677916 0.10717573872707742 0.11279817287086112
36 360 0.12412740129755619 0 0 0.09234027316683503 0.10562388575415896 0.10309754103799272 0.09400404877811845 0.1015214331401128 0.10778941810641425 0.10516556131450376 0.08724209195851541 0.10321656507874832 0.10705229924501078
37 370 0.11662424732708564 0 0 0.08582636569764243 0.09731478158208719 0.09662250228750967 0.08780418962833031 0.09468177669695338 0.10025264957851016 0.09527745611196475 0.0831371708313514 0.09708577395675701 0.09907721091048277
38 380 0.11560364780724909 0 0 0.08307241673817355 0.09736836709513672 0.09603977888241501 0.08590081203502768 0.09269467476935618 0.0993386756195368 0.09380792817780947 0.08219137633081798 0.09322390244037355 0.09810848973719065
39 390 0.10954028210985085 0 0 0.07852214587340242 0.09188505850830758 0.08953362834431279 0.08106334833385608 0.08705768331558099 0.09433777111201302 0.08600098078006031 0.07816990873527388 0.08688724966081979 0.09197280532710113
40 400 0.10432987193789485 0 0 0.07341488631848225 0.08710503932610555 0.08489745421833228 0.07743667132677705 0.08234889111136735 0.08885722601056105 0.08068104793306656 0.07507068068079539 0.07950390224017971 0.08677136110931839
41 410 0.0935456968571635 0 0 0.06530125927092549 0.07627436400658802 0.07453669462612941 0.0681879985342508 0.07140002676401318 0.07867074723695779 0.07215957532474691 0.06806084550411597 0.07107565332753706 0.07750375861174884
42 420 0.08539425296775101 0 0 0.05991301076870469 0.06874153115438825 0.06738812774347318 0.060496566062200954 0.065004638111129 0.0704665057661094 0.06490621384756586 0.061110204352290545 0.064564196144756 0.0682890994185232
43 430 0.08604801005865503 0 0 0.06434746892090523 0.06687795053623789 0.06688906294486287 0.06071277991363361 0.06563727134150014 0.07116972627352047 0.06496064867306654 0.059093665916061834 0.06388875541894493 0.06805472017110242
44 440 0.0799590304338794 0 0 0.05789186884878776 0.06185102286119335 0.06196675611722192 0.05610034139552683 0.06028265685734452 0.06675184010720231 0.06046391096510129 0.053757713621292114 0.05790160272736303 0.06376210622291194
45 450 0.07427619930921589 0 0 0.05387414321907476 0.05704161358791168 0.057902091865254135 0.05147960266503906 0.056227218559558784 0.05892233073371617 0.05352177973981981 0.04931768800100984 0.05404002805534757 0.05895615811869374
46 460 0.07142800323655833 0 0 0.051321910939023316 0.053864511715391424 0.054979138967862044 0.050423951076519175 0.053740077569052254 0.05660117884617358 0.051038835147014294 0.04687073204516487 0.05224012363466538 0.056202596239657815
47 470 0.06691433536460706 0 0 0.04782466928450836 0.05015750957159927 0.049334936637029814 0.04714831249097909 0.050743036640083734 0.052581935154390656 0.04734604446984617 0.04304209924337679 0.0473362282581916 0.05400803196100435
48 480 0.061333532001777706 0 0 0.04267184768322001 0.04575518818043005 0.044925792759800506 0.04295739124286126 0.04657196218437212 0.04805891828214409 0.042312139956636206 0.039871508839374493 0.043576107601370956 0.04828778799580837
49 490 0.05442637714870352 0 0 0.03718469747592244 0.03975690220555804 0.03976491285895206 0.03870858539156203 0.04141043592749756 0.04219493051710826 0.03669112477441049 0.035304572021530325 0.038530679606685145 0.04222501900789082
50 500 0.05240889828942339 0 0 0.035071045885820516 0.03696711464239228 0.04021850725237828 0.03764937513508998 0.040009734244121006 0.03838809484607038 0.03522733765286221 0.034085429490258196 0.03689648077968457 0.04090444597426979
51 510 0.05042501515668866 0 0 0.03248449166525209 0.03521084030084347 0.0396064992922251 0.035979739714655276 0.037853789231023914 0.036601690144605147 0.033071122747774497 0.03222338578109692 0.03564975677413818 0.03946717662318612
52 520 0.04726279588422843 0 0 0.029677735116849954 0.032834052323298585 0.03689700351039684 0.0336120684769735 0.03557130656146027 0.03424095986770617 0.030519883880224235 0.02990246291947956 0.032604963401569785 0.03698614965760558
53 530 0.047544147262324 0 0 0.029436901633940495 0.03372537486866432 0.0383506811158099 0.03384598940549934 0.03476903917412173 0.03407950113235383 0.030386463412538672 0.030265647707174433 0.03192407283287115 0.03634474567938043
54 540 0.045158370637978666 0 0 0.028309850671509516 0.03207252883664072 0.036577647240881105 0.03163927177755452 0.03263833144251471 0.030875975060531746 0.02834532995614559 0.02860855351221552 0.030289317304986123 0.03423814076261582
55 550 0.04240419463928678 0 0 0.025952156285264906 0.029250403064930226 0.03383269078405442 0.029127954178789293 0.03057581927513731 0.02819744337072542 0.026632780140052974 0.026953141058458186 0.028557331625381408 0.03222139870475854
56 560 0.03787625415046233 0 0 0.023299015337027613 0.025851043671091607 0.02897551542876992 0.025607701759337357 0.02734526541332484 0.024570835244866394 0.023791109767886665 0.02412757456194741 0.025061962665683873 0.028832179707561544
57 570 0.033381114290552516 0 0 0.020059728393550566 0.022821644619404825 0.025823951268832607 0.02267713022976509 0.0241465333648936 0.021554853129502147 0.020773926302277496 0.02104998674042726 0.0211009376862374 0.024795445318048608
58 580 0.03120737848499455 0 0 0.01864549597956827 0.02056168402356267 0.024006460868271958 0.02140898979640892 0.022780036825322366 0.02010199292953345 0.019570822021173388 0.01966011923275437 0.019674147980097728 0.02296496203140611
59 590 0.030823201696373977 0 0 0.01802211590957901 0.02000759114567795 0.024608849860692943 0.021233369826168625 0.02228169414321427 0.01953820044623388 0.019622810113019893 0.01974204911435658 0.019442970367332484 0.022205064108741422
60 600 0.03083421546978506 0 0 0.01810831974046535 0.01974661044596872 0.02523866899839165 0.02118277900281512 0.02170987453101181 0.019595488662652337 0.019370163601460384 0.019267406021946765 0.019413157308532148 0.021749302556876526
61 610 0.03160480118995731 0 0 0.018566249141307202 0.02010597800592239 0.026829002536435224 0.021146526882355306 0.021636970996759004 0.01964644417146678 0.01978417856056443 0.020401017336269957 0.020373517306966092 0.02258817833390502
62 620 0.030557817586841687 0 0 0.018033782571324774 0.01950302487272897 0.02651137420712699 0.02044573578047864 0.021164150856084706 0.0189973332510204 0.018995664061840275 0.019511349432521554 0.01920769103447391 0.021343826283064696
63 630 0.028584221981920163 0 0 0.016545391583682106 0.01753610125144911 0.025154142396087435 0.01880079739361838 0.019538760169836723 0.017715036332562717 0.01756381974988116 0.018089069073949072 0.017730093393874595 0.01987348179873133
64 640 0.026550987180791574 0 0 0.015154316175242766 0.016130912880400486 0.023267838734986626 0.01746092863484576 0.018037314868644308 0.016384896840408263 0.01594403418032161 0.01688263384605663 0.016638109438214897 0.017440326621415324
65 650 0.024412629129807475 0 0 0.013686246324842638 0.014684143071253677 0.02147629514061497 0.015811951595222907 0.016365085842946676 0.015326516520413539 0.014558207624744033 0.015177937963666016 0.015166488866316706 0.015922400108452108
66 660 0.022393198817934463 0 0 0.012607406167266832 0.013397600684695006 0.019543689470392648 0.014386640871854045 0.014888159339236094 0.01374191053075162 0.013231205168225109 0.013808453428341524 0.01379551840861712 0.014569648792519305
67 670 0.02041205991277578 0 0 0.011253769368636918 0.012175077318913279 0.017771757539352565 0.013129779710028084 0.013358222650060814 0.012458712482807091 0.012048780976326879 0.012692034170172317 0.012488225309175266 0.013361559982159824
68 680 0.01741237378500246 0 0 0.00955154580900779 0.010310358945617312 0.015095712049387863 0.010670037353281491 0.011330894964783315 0.01059876203925412 0.009859433858688963 0.010619276620236952 0.010546449742022334 0.011420181200093141
69 690 0.015701125570302045 0 0 0.00839143264198875 0.009237456205968797 0.013424397452992138 0.00948067276152399 0.009949584566644467 0.00941489664725357 0.008839544574705278 0.009569932355740112 0.00939130560066343 0.010097435421010069
70 700 0.015239223153443325 0 0 0.008169942480669594 0.00890665634020963 0.012876816779052395 0.00908901387976263 0.009635003632119834 0.008968657273641266 0.008872791984987123 0.009417397411080764 0.009167043371914842 0.009627275277079728
71 710 0.013990087036152555 0 0 0.007595695183774391 0.007942408203369432 0.011558613205221488 0.008355455187811747 0.008550457528380746 0.008043418967374696 0.008198214379118312 0.00857056494744812 0.00831616284606508 0.008700878728303585
72 720 0.013869506862149711 0 0 0.007532399930233245 0.0077611059990714305 0.011157160340525454 0.008234217495935 0.008305457627247943 0.007996035153000746 0.008430055573908165 0.008590327985016723 0.007964622159313392 0.008389359829213015
73 730 0.013598543498697643 0 0 0.007411528280766034 0.007464948694183258 0.010966005359334343 0.008202868219160775 0.008037248970574219 0.007686834455783571 0.008084871139087046 0.00821405443127271 0.007924588005007706 0.008209502875172898
74 740 0.01342053702493086 0 0 0.0071509735167686935 0.007221987378496613 0.010544451868705043 0.007976761565982303 0.007999489317176662 0.007402291197263783 0.00802013047562087 0.008125029374925598 0.007845006799002617 0.008146673905851052
75 750 0.013465349869326838 0 0 0.007130048664458247 0.00716074901823739 0.010593230347529563 0.008081221664786142 0.0082266544556944 0.0077667073183543215 0.0078711392995872 0.008062260383612498 0.00761816413873756 0.00802691910103833
76 760 0.013240452367345496 0 0 0.0069741146055658405 0.0069906508515915075 0.009984123418432073 0.007930296191350428 0.008078452301941243 0.007788369156546861 0.007505517911712037 0.007772486011567147 0.007495186331684121 0.0077674793323366355
77 770 0.01449830117363436 0 0 0.007695119502945784 0.00770548119087421 0.010929920234587607 0.008717152018928665 0.00874730993122934 0.008531208346317924 0.008371970366692209 0.008435601066538295 0.00852292476074139 0.00851690393771847
78 780 0.014152420745599525 0 0 0.0070952646616104734 0.007523489893687462 0.010612551385682286 0.008431592981113917 0.008504257532879254 0.008313025174745643 0.008205614678803371 0.008187327969708282 0.008299143860768226 0.008322735801132394
79 790 0.013414702934327996 0 0 0.006825174450356355 0.007165639691279779 0.009994503865744433 0.007980365603691105 0.008043723855477318 0.007764965810768811 0.007579170580239927 0.007861067177627435 0.007705960109582091 0.007893255000765376
80 800 0.012053503660518867 0 0 0.00605030152040211 0.006416046034881268 0.008791788071692121 0.007124843500273937 0.0071528160922578595 0.006967167222591255 0.006798736431255693 0.006920866760712189 0.006874947583740276 0.006963361286814727
81 810 0.011437590056290458 0 0 0.005939973995876168 0.006047435935966637 0.008271592008523003 0.006841582234525959 0.006631776018890562 0.006507530052658029 0.006597218483778159 0.006513077318227585 0.006529929339543218 0.00645232799008012
82 820 0.010391810652452423 0 0 0.005381088519699607 0.005439009049925555 0.007621980137768507 0.006065417900008246 0.005968978027708541 0.005767005527127852 0.005968440327366648 0.006014099583525017 0.005889729266179551 0.00578027575522406
83 830 0.009593070260149356 0 0 0.00490445880882221 0.004980582287064263 0.006920484862319198 0.005585812379535204 0.005499039972987962 0.005112552287702484 0.005590875595799115 0.005494312521167255 0.005353286467256582 0.005318672700123826
84 840 0.00921906878173489 0 0 0.00462280554395636 0.004890555631892263 0.006373322282697831 0.005341503814973332 0.00525849231630503 0.004954167088636493 0.005227797644588808 0.005241105622465558 0.004978316322409277 0.005056024866303554
85 850 0.008707484701170224 0 0 0.004418889087030047 0.0046829512107374495 0.0058045400319842655 0.005032709367582967 0.004767326013286858 0.004758686907512664 0.004907373287522316 0.004974244114403755 0.004593951515499318 0.004700626165984371
86 860 0.008620152905040422 0 0 0.004314326371870582 0.004598329756876539 0.00574752798571729 0.004935559765120089 0.004705792190095629 0.004831155702488073 0.004940351092044627 0.00482989482451329 0.0045074180303288055 0.004669985997354611
87 870 0.008572640867285123 0 0 0.004236703231006169 0.004638791996448077 0.005689265241509123 0.004923251464833326 0.004678797396323828 0.004803690580253949 0.004904705248604326 0.00474199088187651 0.004344389150820409 0.004655255142384757
88 880 0.008114037141719906 0 0 0.003964747628129272 0.004341514426334561 0.005246979343536782 0.004611969484942819 0.004492631153489111 0.0045310920093404134 0.004648895570408985 0.004372697680904659 0.004075921908764706 0.0044267503549809805
89 890 0.007567765854953187 0 0 0.00371520101501229 0.0038830563502561056 0.004878961345605676 0.004345684056577237 0.004169135065403363 0.004174865843419901 0.004294365308984199 0.004089153867103368 0.0037742427946183075 0.0041887297828806765
90 900 0.006601755797856388 0 0 0.003242129555777978 0.0033780410135439165 0.004258648236504561 0.0036376334994358073 0.003569425325989505 0.0036306075936117337 0.003715202712407679 0.003472867128841694 0.003251957862955959 0.003631231683949962
91 910 0.0059332301395613055 0 0 0.002893954321694588 0.002929978571429876 0.003738520434340523 0.003231644106378484 0.0032053410078697058 0.0032000436233898086 0.0033241954383958975 0.003140797439181092 0.0029354591608596395 0.0032380113633917636
92 920 0.005582861812351506 0 0 0.0026702387083574284 0.0027143752744806147 0.0034899434097074977 0.003033420179544603 0.002959446197038145 0.0029715497870158917 0.003098804625814598 0.002965704643756964 0.002703720507409116 0.003027135985952582
93 930 0.005434563140110915 0 0 0.0024846004608943904 0.002635449901782716 0.003407255562501828 0.002978677010320255 0.002863764243232709 0.002917615396456924 0.003047339019985757 0.0028555782250974096 0.002601998194321347 0.002913502778430036
94 940 0.005010978369255064 0 0 0.002255072071250959 0.0024241752495885466 0.003077491796172619 0.002732343149355228 0.0026489789228443033 0.0026303884623296516 0.002761855805150763 0.0026237307113492338 0.002331884089291926 0.0026928932797675603
95 950 0.004515617260708746 0 0 0.0020222421619504986 0.002246487686243479 0.002708321227734666 0.0024451238810607318 0.002385490679506185 0.0023217155419160184 0.002489767060969321 0.0023574810769010275 0.002017183915077832 0.002390892871601355
96 960 0.004096532814497818 0 0 0.0018284067361275563 0.0020235439291041188 0.0023820609976621257 0.0022007568021578496 0.002178298745080114 0.0021039438791214393 0.0022240456556312676 0.002122815956331648 0.0017721737933493545 0.002130470313526191
97 970 0.00378831375423842 0 0 0.0017052412925751459 0.001845257993570838 0.002154964787827714 0.001981611293791074 0.002019424101331134 0.002011269247917847 0.002059745601313024 0.00191611787181132 0.0016420703611810953 0.0019307626850436255
98 980 0.0034078773756343194 0 0 0.0015377459682366541 0.0016062401537750982 0.0019051489638291057 0.0017634037835525434 0.0017992078463257275 0.001842875683223128 0.001843613927873946 0.0016715910218036817 0.0014874089010015294 0.0017255293698504532
99 990 0.0031239281025931378 0 0 0.0013686448536618233 0.0014668557363290396 0.001742572337712659 0.001626286682154236 0.0016212515658367483 0.0016611707658779637 0.001705360378376099 0.0015092527434762532 0.0013418345665575783 0.0015870516281505432
100 1000 0.002896259310063983 0 0 0.0012317007906511564 0.0013548191126930853 0.0015801518679755204 0.0015150199151211094 0.0014568484352868397 0.0014960013818590035 0.001579083721834636 0.0013668683453339299 0.001278087662017965 0.0014258583512598648
101 1010 0.002760546597582799 0 0 0.0011618527648426529 0.0013024332323535032 0.001502010210234819 0.0013980168280202099 0.001362485420359739 0.0014285521460068345 0.0014943874340812154 0.0012919573272719145 0.0012062980542931964 0.0013559927077144188
102 1020 0.002571544548837855 0 0 0.0010888877535781697 0.0012164635145795934 0.0013749078600074679 0.0012764080989203202 0.0012700183598866193 0.0013112649460397178 0.0013859271363791126 0.0011966356512481961 0.001130284115077508 0.001263344814234908
103 1030 0.0021923201453270167 0 0 0.000927326097119014 0.0010324929852549855 0.0011372656370306098 0.0010533037752296249 0.0010740787592443078 0.0011133976016063525 0.0011600411806391958 0.0009871322265692136 0.0009495204514522237 0.0010606807071569802
104 1040 0.002068358564596415 0 0 0.0008906402439541031 0.0009897897720213878 0.001062623501593996 0.000972415461506091 0.0010140611174568588 0.0010462097786757593 0.0010531442051473659 0.0009288762238415961 0.0008746294794377607 0.0010316443852755137
105 1050 0.0019550413449563164 0 0 0.0008469695613020825 0.0009335876828114278 0.001014227508712437 0.0009095541270851245 0.0009477344055425083 0.0009829580641507688 0.0009655300552164886 0.0008619919994491236 0.0008212099567092434 0.0009781669239181498
106 1060 0.0018167353306114767 0 0 0.0007676170473017688 0.0008667764817750273 0.0009443216324660392 0.0008390768749052123 0.0008730606843530274 0.0009161459490851184 0.0008651049046102009 0.0008067279168918532 0.0007535816765718513 0.0008939033917982151
107 1070 0.0017031895095908408 0 0 0.000713124236332394 0.0007866343056802579 0.0008831166218223698 0.000777826853590263 0.000818702730716063 0.0008585457818900242 0.0007937273203955428 0.0007723304668922537 0.0007024356945676781 0.0008382667508079804
108 1080 0.0016170131277194373 0 0 0.0006695492216897888 0.0007402990060948866 0.0008406667009238849 0.0007330545174527045 0.0007811178622993638 0.0008090529269669837 0.0007428314449959841 0.0007369368203132693 0.0006329169437026803 0.0008192866722958348
109 1090 0.0015306246877997082 0 0 0.0006396573412592325 0.0006801716675782182 0.0007869050897237893 0.0006926266427661459 0.0007298335267039423 0.0007552779225634207 0.000708463948710203 0.0007042498482067928 0.0005962176562441463 0.0007969295514347992
110 1100 0.0015474384491959766 0 0 0.0006321675239553454 0.0006893724316965653 0.0007856784609241981 0.0006904045865361922 0.0007408313444161979 0.0007453193832172383 0.0007493170419661784 0.0007086719371193304 0.0006104556525516611 0.0008007670539214766
111 1110 0.0014391485541986498 0 0 0.0005717380281437802 0.0006503867717831498 0.0007362872365172968 0.0006323143718297531 0.000665996844217585 0.0006924330054319183 0.0006990945438677614 0.0006695822525302267 0.0005690552719224513 0.0007335867864681978
112 1120 0.0013258646319051048 0 0 0.0005255976465139125 0.0006051852211409568 0.0006653777015967877 0.0005840956499920257 0.0006080699069787807 0.0006295705122067582 0.0006312501953149601 0.0006160541029765178 0.000514614254601226 0.0006795852977000273
113 1130 0.001291705376639168 0 0 0.0005074212902562564 0.0005727007321483102 0.0006328003457038888 0.000554805524924683 0.0005946671254743324 0.0006337249839466981 0.0006180531326775826 0.0006002414745433284 0.0004952983037801125 0.0006508516453016916
114 1140 0.0012576911011433895 0 0 0.00047706451919955425 0.0005756574710754964 0.0006106986851393782 0.0005210961520518115 0.0005767076380642415 0.0006302362674123179 0.0005912115250745175 0.0005691583695074794 0.0004839686112032457 0.0006299682801267314
115 1150 0.0011818462608317389 0 0 0.00045588791261940293 0.0005356589540222278 0.0005570463244151874 0.000470280627919692 0.0005381848749972501 0.0005948096117392102 0.0005498280588165655 0.0005265919807078834 0.00045118244608426637 0.000587994552754033
116 1160 0.0010933093073938274 0 0 0.00042075511693996637 0.0004900884146452941 0.0005148497739199017 0.00043099736494621026 0.0004955196027779017 0.0005435520339022106 0.0005026692834740815 0.00048296136996700426 0.0004124730145348059 0.0005208997120216292
117 1170 0.0011338150774014468 0 0 0.00043408765716762993 0.0005005718648454597 0.0005504919740863788 0.00043768860607070473 0.000516683429871639 0.0005604628049929892 0.0005129830232019106 0.0004968069989546501 0.00043231743891262764 0.0005401007266359339
118 1180 0.0010799013712346358 0 0 0.0004231248208740203 0.00047561215465260326 0.0005260662914901651 0.00040620897516577416 0.0004940669710826043 0.0005270734100910118 0.0004757080147988011 0.0004697095324587919 0.00041545169565804403 0.000515346938303892
119 1190 0.0010521575762089744 0 0 0.00041135102355726916 0.0004577855766387407 0.0005154096661216252 0.0003952933848936786 0.00047684816129494944 0.0005154530275864927 0.0004573693343612165 0.0004598341526624127 0.0004056074895053204 0.0004916142386068563
120 1200 0.0009646127036854554 0 0 0.0003715940885499144 0.00041603750606620035 0.0004684831788408243 0.0003556185990453924 0.00042762794562471745 0.0004699370584055831 0.00041069537210286456 0.0004233754700378217 0.0003735093993889764 0.00045120280651830754
121 1210 0.0009920292745673246 0 0 0.0003810853812848855 0.0004539589256398284 0.00048418782179603527 0.00036771384990125146 0.00044914970781035756 0.0004677394822932363 0.0004410210233422642 0.00043119114755670073 0.0003798204701524794 0.0004631091038615398
122 1220 0.0009623347493286362 0 0 0.00036821244991778313 0.0004398597535279933 0.000454610550020197 0.00035456602722358553 0.0004333618381316349 0.0004376756496948237 0.0004322530437608682 0.00041488057406443977 0.0003665756334350625 0.0004466678652785813
123 1230 0.0008830353392821259 0 0 0.00033423556887669787 0.00039389567752456744 0.0004123453465521409 0.00032648494650794704 0.0003932885052080792 0.00039876249256299776 0.0003923095521102026 0.00037986459360782234 0.00033534891836953115 0.00040659808668752764
124 1240 0.0008666026739443041 0 0 0.00033284330713569967 0.00038259395796757416 0.0004078638746104993 0.0003176881303136075 0.0003804803558215959 0.00038405350996321156 0.0003802900424998059 0.0003729449030530879 0.0003250058350335617 0.0003955502594136218
125 1250 0.0007805412462755484 0 0 0.00029502661457548056 0.0003456271642864965 0.00036918559411913747 0.0002821517114420972 0.0003337871192010765 0.00033693677590641326 0.0003414220955666942 0.0003343397790470699 0.00028820883065934 0.0003460882284515595
126 1260 0.0007296683902707432 0 0 0.00027909228964485675 0.00032455915741693987 0.0003394391850466616 0.0002610617036389032 0.0003064202473355507 0.00030894093728691654 0.00032052704603911304 0.00030267014373099515 0.0002671469729257536 0.0003228044187739091
127 1270 0.000732027559532714 0 0 0.0002773855591989657 0.0003208509512291169 0.00033455301985778764 0.00026052302860911993 0.00030810233389539667 0.0003101022550762529 0.00031171354172461566 0.00030334391126638464 0.0002719714085398629 0.00033304907645627325
128 1280 0.0006582353829191342 0 0 0.00025292854734703394 0.0002834743197279804 0.0003009932417035136 0.00023439876835056758 0.0002632216300556352 0.0002795752135636307 0.00027551269110225756 0.00026849953068127763 0.00023877149679556544 0.00030102719901501675
129 1290 0.0005982241519923341 0 0 0.0002196563365173598 0.0002580454759742635 0.00027168983354191543 0.00021031905574406528 0.00023488213620160615 0.00024736961765840825 0.0002501616785396167 0.0002504163522042154 0.00021500734862972597 0.00027640579647735875
130 1300 0.0005754204833089191 0 0 0.00021227569452419854 0.0002481074082555197 0.0002632776902257116 0.00019701756006759204 0.0002259557139628737 0.0002359927891970993 0.00023719719336286573 0.00023845372720833496 0.00020812821435178016 0.0002673384564498264
131 1310 0.0005325604027289575 0 0 0.00019613670007145517 0.0002257574289264972 0.0002382003828972649 0.0001819572517311286 0.00020367105092505188 0.00021504533972597936 0.0002209311058514854 0.00021370384294015343 0.00019096135649371719 0.0002494089900582202
132 1320 0.0005063381643533766 0 0 0.00018433799287818786 0.00021153492869519023 0.00022110124450005727 0.000169593949731444 0.00019625498391907708 0.00020600406788464935 0.00021281240555809166 0.00020619108932870515 0.00017534470410480784 0.00023342735381421377
133 1330 0.00047810421205280097 0 0 0.00017362434690082752 0.00019252172442964802 0.00020884221435263283 0.00015827198500596647 0.00019058972559125645 0.00019042211583129043 0.00019716879063631405 0.00019571842905008726 0.00016517575282010613 0.00021453628587706286
134 1340 0.00043993012425916594 0 0 0.00015936120588536906 0.00017923444840004023 0.00018883628472370837 0.00014225022658116614 0.00017290135099474026 0.00017534429373845358 0.0001797256679408883 0.00017681594187040587 0.00015051981871383411 0.00019174203097472976
135 1350 0.00040557965274575555 0 0 0.00014750730179305987 0.00016266098409828733 0.00017097533599786023 0.000131528435879634 0.00015847014590835128 0.00015755812605240422 0.00016156987664292988 0.00016147949781960907 0.00013780413713439604 0.00017585360024436022
136 1360 0.00035676284048138593 0 0 0.00012897031681645806 0.00013962045259833722 0.0001489385724504506 0.00011502109631616576 0.00013650133177750155 0.0001391259112382045 0.0001383302030643609 0.0001430808510995396 0.00012136210797131625 0.00015261804225305835
137 1370 0.00034928779095144555 0 0 0.00012645127909170873 0.0001335867603613935 0.0001457639587136728 0.00011174599733559747 0.0001324984713404035 0.00013709592064490577 0.00013511055392803576 0.0001373459299463312 0.0001185865836019196 0.00014771106923545802
138 1380 0.0003437380261157854 0 0 0.00013046471779996435 0.00012995790373033147 0.00014320642177587255 0.00010814830438011062 0.0001262641404025405 0.00013607276181320564 0.00013196795725549726 0.0001326402086269851 0.00011655701569841283 0.00014259637294484467
139 1390 0.00033247391151525413 0 0 0.00012536726184595213 0.00012293591399181465 0.00013653491794300004 0.00010532068378848807 0.00012367240517320894 0.0001307048436591175 0.0001250832384827015 0.00012842726934083755 0.00011169408412233169 0.0001360585467732301
140 1400 0.0003339208728788345 0 0 0.00012480338067939132 0.00012058735692906416 0.00013832803293493698 0.00010571875450852899 0.00012601645883117578 0.00013064761169868935 0.0001232190202443872 0.00013145145870130062 0.0001118198262661342 0.00013567572923515737
141 1410 0.0003344888288481947 0 0 0.0001223893355045435 0.0001200865940423664 0.00013811598510181416 0.00010593517612732032 0.00012657396440713897 0.00013049960592180913 0.0001248391496035646 0.000131513521926648 0.00010710030961660394 0.00014008093420121438
142 1420 0.00030797986191200813 0 0 0.00011125395189247585 0.00011067008474289718 0.00012395058700033487 9.711248536636612e-05 0.00011343448481085926 0.00011906544886956027 0.00011426750705881617 0.00011592992668884574 9.813513665752137e-05 0.00012994519540617097
143 1430 0.00028418690647374396 0 0 9.980157585842964e-05 0.0001009580455497028 0.00011544713549029633 9.016855388270299e-05 0.00010019054875518919 0.00010771815897324771 0.0001061079264273497 0.00010763848597441856 8.975052300553828e-05 0.00011956875874993283
144 1440 0.00026466210531327414 0 0 9.305218254481346e-05 9.362035084913112e-05 0.00010586114042561448 8.333926591714708e-05 8.967238518739377e-05 0.00010030786697981734 9.89684516250127e-05 9.72523859224286e-05 8.420343220360761e-05 0.00010609532970371987
145 1450 0.00024293818433457584 0 0 8.384879709038309e-05 8.602423201161928e-05 9.599069318701419e-05 7.497901737920593e-05 8.12493355851655e-05 9.374094528102034e-05 8.991821828032767e-05 8.987449134952812e-05 7.770293423074743e-05 9.600437673764502e-05
146 1460 0.0002378547594746008 0 0 8.242413908898462e-05 8.752658844975807e-05 9.233789634189469e-05 7.257009761347063e-05 7.974760597373834e-05 8.992996793554634e-05 8.99339107172502e-05 8.622211045803709e-05 7.481421204562633e-05 9.500607156445592e-05
147 1470 0.00022088571793878122 0 0 7.535568928345074e-05 8.218698532355655e-05 8.578806987206323e-05 6.639056011123745e-05 7.315954473382301e-05 8.069907260187348e-05 8.241147921463069e-05 7.811612713409429e-05 6.91880679277886e-05 8.811693840269106e-05
