% # columns="iteration, evaluation, void, void, void, xmean", seed=936834, Mon Mar  9 13:20:06 2020, <python>{}</python> # scaling_of_variables: 1, typical_x: 0
1 10 0 0 0 -0.9007063614829529 -1.1079956829636788 -0.9650241521505251 -0.8904344723601624 -0.9366610373883539 -0.7711436754095514 -0.8275403325088931 -1.0074544263328689 -1.0018843637439512 -0.9226871658057854
2 20 0 0 0 -0.7135952734282747 -0.8863575653039618 -1.031651183415779 -0.7954064226721047 -0.7972786858197805 -0.7729771931283365 -0.751399939782908 -0.9673321606166871 -0.6573128673681716 -0.8610392733931315
3 30 0 0 0 -0.6871911232676869 -0.6287042096862826 -1.04029067992143 -0.8695417719289057 -0.7243858644064156 -0.766382818489107 -0.672567498618131 -0.8973398187947834 -0.4806716414832878 -0.8089386987831856
4 40 0 0 0 -0.6904073114447251 -0.6935958840740755 -1.0386522578931905 -0.601785164180578 -0.698954773289391 -0.43438933766187887 -0.5964149026663569 -0.9268724397452397 -0.3321321988157542 -0.5619997835537992
5 50 0 0 0 -0.48022465695082983 -0.8131124965723595 -0.9983176018158829 -0.22226947456713203 -0.604292607806155 -0.2416567113768964 -0.4553395168726519 -0.7466889919549499 -0.32689917507941296 -0.3199604265521124
6 60 0 0 0 -0.35749397526399074 -0.7661929628590376 -1.0712991911661907 -0.29657331818837496 -0.442535621545245 -0.06869243870748992 -0.2794717111832388 -0.5656201990570128 -0.22663684760484118 -0.20807031743478419
7 70 0 0 0 0.19257321994509635 -0.4461668188742933 -1.3110692668233614 -0.023427709547582498 -0.4098198450730684 0.1898182644477982 -0.2372506112363675 -0.4311007598263402 0.1544486290799821 -0.177014276065031
8 80 0 0 0 0.3880255991810632 0.17117753077540376 -1.3825899727819022 0.3628533618355872 -0.6599695624944452 0.26985232716641105 0.08106256791975294 -0.4447610703098031 0.5220263318754456 0.1988697175388378
9 90 0 0 0 0.17482401495498914 0.14534248549402257 -1.397798390891068 0.467519716706119 -0.6157224602295762 0.10250479573211646 0.5754467620080898 -0.20639648703214863 0.33536612337499727 0.4825525764308732
10 100 0 0 0 -0.06183684940812309 -0.08908310648258505 -1.3024548461864176 0.4081018232758721 0.29254904264933834 0.2367750023247882 0.5524267097390232 -0.005618724111629281 0.9090530702189332 0.3906131771831328
11 110 0 0 0 -0.5243993916608146 0.7323420896261779 -0.7672471974634505 0.262656952650625 0.42364114313234236 -0.2414095277020855 0.6604005782345563 -0.03547000500448807 1.3024623253538956 0.3329897309063011
12 120 0 0 0 -0.16233700829500186 0.790118802786941 -0.37526392716107065 0.6562151133770637 -0.015336456525564979 0.56556071256467 0.3702774759894731 0.09384684376425811 1.0115870778118152 0.5018333842224132
13 130 0 0 0 -0.47809893341664134 0.332083702434217 -0.034298503670156855 0.6165808574581237 0.07428312934095617 0.6329231900440955 0.27483753336417993 -0.07002605072237172 0.5643447678563251 0.2810789672875308
14 140 0 0 0 -0.29543932168269804 0.6413606406422574 -0.03932578064246258 0.20678451762677458 -0.16738390437440692 0.4267204755071211 0.5051754763428882 0.5418625832794999 0.45045237299115215 -0.03028197434944513
15 150 0 0 0 -0.1157386715057262 0.7220359325430818 0.1277269444030674 0.506903008020833 0.05883451547794799 0.4025355743384923 0.21009609882979108 -0.018210213865921476 0.6407487146403065 -0.225705799965181
16 160 0 0 0 -0.10593940033086745 0.6012456464120576 -0.257925205043148 0.7847438235179095 -0.28640604250941265 0.2564980940012133 0.15049340854182494 0.30198021616049386 0.2708696865845109 -0.5430147740121068
17 170 0 0 0 -0.0351106700017559 0.9146451401595443 -0.10414350323280469 0.7727963254199863 0.30360696626765876 0.3517384241894524 0.03538251310598095 -0.03642560601077749 0.4538948858001982 -0.22149205198578054
18 180 0 0 0 0.31082150756647636 0.50779968765423 0.18550896057107463 0.7060880819569368 0.17285839825834576 -0.025483716831860126 0.1374426313498891 0.3159435245460295 0.2515975581099799 -0.12797552604839885
19 190 0 0 0 -0.27399531148962636 0.15248805952165834 0.30346599547083986 0.5639578120763988 -0.05065938013212282 -0.07433651901315816 -0.09051856944496589 0.3252050707939707 -0.07842017107334537 -0.4627295437333974
20 200 0 0 0 -0.21406084484937016 0.2989452226433696 0.32995374078402023 0.6003209275891772 0.18249787593651773 -0.1426636075575416 -0.012149644817658387 0.5166262748548032 0.33047878465150593 -0.04248379506206962
21 210 0 0 0 -0.12536831044470734 0.19764273184709025 0.26338999889318154 0.3251595355660005 0.11911287300435137 0.14093513870446506 -0.03242049254298751 0.47612488597377367 -0.030088678711067685 0.28063936492456626
22 220 0 0 0 -0.2269652260117177 0.11279563026489274 0.13275967361609847 0.2521597108658209 0.14458339449589536 -0.040219752877634685 -0.017306456486068617 0.4082215041404914 -0.23862980542146792 0.28364433723899896
23 230 0 0 0 0.0032809086796524167 0.09042725876622815 0.06211535879421633 0.2862823002607977 0.08178418606004757 0.18283782822579342 0.07333223531695961 0.516804944111996 -0.1501131345860447 0.3010524437518423
24 240 0 0 0 -0.044580629808955614 0.12793306240712887 0.031861001087283916 0.20187484120656715 0.04613567312481687 0.09619971026580504 0.19102656493280495 0.5357468445602687 -0.12608078430294975 0.08675186097331591
25 250 0 0 0 -0.005191188488617847 0.43141003807830286 -0.006931860854526496 0.19250168707225684 -0.060437636907992226 -0.0804598906090084 0.17261785407479327 0.4283504820604459 -0.1625039741597732 -0.009723976189297046
26 260 0 0 0 0.006645069975687784 0.33427900500234753 -0.23094130329223803 0.18482402452592267 0.0497978420963448 -0.026437864199814337 0.2391887915509763 0.4801069717739237 -0.080202099253162 0.12568351816539886
27 270 0 0 0 -0.09453886492171928 0.11994935889487923 -0.21030466321453484 0.12502655308200333 -0.018637790398483428 0.024253281375787236 0.14930644004799548 0.3252299688557273 -0.14981783898588205 0.21035248113327443
28 280 0 0 0 -0.03706106943235374 0.026073133745800448 -0.07992434335726206 0.07801155468564229 0.04164573867724202 0.12630113545697155 0.21856063923600552 0.3685593003811281 -0.00034093474759849807 0.32171998946741154
29 290 0 0 0 -0.07656421912153728 -0.03861096473497083 0.021719073098917407 0.09257932893788828 0.1761904665732939 0.13634225086710114 0.23101920854155233 0.3034718844266405 -0.06772452074972769 0.1744686401586846
30 300 0 0 0 -0.018923144146167956 0.07893565735721828 0.034973727535596515 0.19622363973558452 0.21021634734720301 -0.012797354966865127 0.132349385644504 0.36033973444933565 -0.07634517358431034 0.1251059168459892
31 310 0 0 0 -0.0599735996240981 0.05180250817112663 0.09581324836877717 0.15588105829091536 0.2091637442445483 0.08295826034541229 0.14490539199663013 0.3410601546902568 -0.09540532522794803 0.21176608265462937
32 320 0 0 0 -0.009957975389284175 0.2095242206229022 0.10552778502216764 0.17875790569343242 0.1924993118608928 0.05328977212375946 0.046839937137783644 0.39521595859845876 0.0032184308828042546 0.06044296489373652
33 330 0 0 0 0.028409590831999565 0.10703417562997314 0.14597052430311377 0.16189796505544138 0.18650287473142146 0.11757801717150994 -0.04440144480866867 0.26159687755470734 0.06524935239500501 0.06090053334197262
34 340 0 0 0 0.030714507380558243 0.077943253318396 0.048792356237583934 0.14644230515104334 0.14098642341973902 0.05969175962667669 0.03342472165753094 0.3002585710894779 0.06017498296886741 0.07010270587392158
35 350 0 0 0 -0.0242766456870744 0.19483819524242973 -0.03558018798544338 0.07607637150320166 0.11977341712139013 0.07721724119438439 -0.02706450484455513 0.26759086645036584 0.10896906967018868 0.11221433951499497
36 360 0 0 0 0.03712821036831457 0.16730173844975232 -0.03697344968243159 0.10892817861541784 0.10497288541730533 0.005058612328430703 0.04983556098890097 0.1949190365453146 0.13192499727671284 0.12139577455983586
37 370 0 0 0 0.0038491317183359033 0.18726833246633073 0.06939637973410265 0.0843784103903241 0.08842506436693652 0.07195219322168023 0.0589484741463177 0.1857946292421796 0.035455592179604006 0.08870981611917605
38 380 0 0 0 -0.016140955726966073 0.12909329396425304 0.13988244033345404 0.09137059033536848 0.06808939877144314 0.020812912013531776 0.0842268991228073 0.15827438833524254 0.057860585651671605 0.028943211149226766
39 390 0 0 0 0.033563001518485305 0.06670961646687767 0.07923055157272285 0.09574746173060227 0.1066622087951372 -0.0020951733717577484 0.034524845260722185 0.12414077934405018 0.10090920926019471 0.07559271097413194
40 400 0 0 0 0.03363838335706983 0.10605364892946707 0.09818115593346231 0.07144760225858583 0.08064569097179979 0.013951250753057629 0.03286189671943257 0.07026991553642774 0.1265805284711433 0.05532424250071813
41 410 0 0 0 0.06291396299549105 0.13831454182421404 0.10322093130634849 0.07753531095174376 0.10861958001634002 0.05529303338482151 0.031071456378493848 0.09224606215471799 0.14399225535145127 0.055690719241416234
42 420 0 0 0 0.09836173878173057 0.17387935524667153 0.08960644574073552 0.07882431421718854 0.07159465562162301 0.05634926660433583 0.047502217004567714 0.11385341203489202 0.15294619306999968 0.07054787306413049
43 430 0 0 0 0.16760050513613461 0.2046539621629925 0.09903412015642572 0.09533745892651938 0.04065917735910253 0.07620656417640705 0.07621021702612704 0.1333064121379255 0.1508266638089911 0.08168894842527549
44 440 0 0 0 0.12187140301442659 0.16763082909022262 0.07939173183349992 0.10236392644319403 0.031079060071509967 0.04063336774522226 0.0886495826583664 0.0798246434491728 0.14240802206851552 0.12550153491798283
45 450 0 0 0 0.10131533485801479 0.16971688853553044 0.033021424864822825 0.10275250361652288 0.06351877078012835 0.09116822800505371 0.07875426778057097 0.07893355895023149 0.11317441520466534 0.06863149553191107
46 460 0 0 0 0.1013446369376363 0.12415309905744144 0.028626815086864217 0.06409732721340133 0.07952733049830664 0.11492364863462037 0.08915888642633658 0.08919493507773338 0.06285099555424267 0.07919125957870782
47 470 0 0 0 0.1112710732161042 0.13155252423280303 0.06328870269981939 0.06484583047661198 0.10772914412779849 0.09952189995445518 0.0710731306737257 0.10597062041337431 0.06016948259270129 0.021154334327366228
48 480 0 0 0 0.10577707704631971 0.09957992720071784 0.06831951242072375 0.08456962015575481 0.0662482230397627 0.07313027944087373 0.05005576746136182 0.11868500226563407 0.04897572232474337 0.06601203709641706
49 490 0 0 0 0.10097444434080147 0.10235017762894774 0.07575999282697077 0.08973729397998674 0.09164306845944274 0.12052109805928594 0.07593150594595031 0.09834310003013114 0.07011383750479779 0.07734074533205262
50 500 0 0 0 0.12855975901105476 0.10568164361490257 0.1323997049139623 0.10889226427356379 0.10349179330000395 0.1052947159697385 0.09703728979405883 0.10617960273937693 0.07313269364723159 0.08004708203673946
51 510 0 0 0 0.11701799483608397 0.09419439181795507 0.14444151738133612 0.11117784196521405 0.1041464697130092 0.11600830780612428 0.11834324689794465 0.10870153871796351 0.0807562000745737 0.09731474907207657
52 520 0 0 0 0.09438687577468834 0.09053101285956051 0.1618786288153795 0.1066564743034326 0.10766204779662264 0.11208169676519127 0.08485231868035455 0.11355723458931705 0.06760181495879751 0.07147861277382776
53 530 0 0 0 0.08874186559104669 0.07321526608148297 0.19001185970690096 0.08567068782852096 0.09245291911576918 0.08725883529692048 0.08933467313558409 0.09753420300302933 0.07797330999493707 0.08952940281371893
54 540 0 0 0 0.12065472102451526 0.08883555930286799 0.18687716565906004 0.1086463856189185 0.08276967624149534 0.09862326510984988 0.10360063434337899 0.10089063206170056 0.060301879524627566 0.05055826559247729
55 550 0 0 0 0.1301616707990818 0.09534309865215096 0.1948476233765477 0.11742046876965184 0.09054404069824538 0.09090656962226887 0.1019312560210114 0.08198012360663777 0.06748872041693259 0.07956999836368325
56 560 0 0 0 0.11704562997348233 0.08130299723424661 0.19801526151035434 0.105382376457172 0.07825678125594972 0.1039005234785087 0.09419634801863401 0.08174396602099844 0.06245746610842559 0.0848129835901815
57 570 0 0 0 0.11823944382981474 0.08365829637591281 0.1742267098724418 0.12658434622739556 0.08807798454664023 0.10871568478596609 0.10069359123592747 0.07753080423318165 0.07577953588536068 0.07847424122440104
58 580 0 0 0 0.11689024938649592 0.08980751020219818 0.1571365208250446 0.115247230735661 0.09993858201168966 0.11902600026310545 0.07624389036807229 0.08278657268937918 0.0844036305260849 0.0740726745852209
59 590 0 0 0 0.12425910245031536 0.0926205385584523 0.1354762062236498 0.0968607932997015 0.0868568602503087 0.10430849979094915 0.09513653804006068 0.10707948756868838 0.08347432375621491 0.08742551302608179
60 600 0 0 0 0.1307283443153746 0.09519758959897452 0.12034590000217416 0.09931591781413818 0.08602199779844369 0.11605464419084989 0.08036258732494819 0.11267375152290812 0.08702439107935989 0.0919880618658327
61 610 0 0 0 0.11643836720743155 0.08211962474962871 0.09971232236548093 0.10511037260740098 0.09136619335175016 0.12093750790420439 0.09244008555972673 0.08519121172737719 0.10340190193577603 0.10037026564622734
62 620 0 0 0 0.11364616795725047 0.09180594995053121 0.09559017668023227 0.09600945586291915 0.10006724089310096 0.12161822871133288 0.08863975651482447 0.11167481660841266 0.09937731845171587 0.10361886478582527
63 630 0 0 0 0.11198832163104322 0.09222512684896926 0.0865838640371313 0.1057841603885548 0.10304828607766886 0.12158306086308122 0.08981955809930896 0.11146031322157667 0.10054667562478772 0.09540672990897688
64 640 0 0 0 0.11647243669094051 0.08745189445540964 0.08347669937886086 0.1158946278209252 0.1044773869765064 0.11385835595243246 0.0875468486555595 0.11311857667526348 0.10831588360792653 0.08919698409685094
65 650 0 0 0 0.11506866950882276 0.09844504569589554 0.0880162222352516 0.11427133646556516 0.10627532266809735 0.09900633571506025 0.08685565344903597 0.11168205584694865 0.10695271375736194 0.0949313102130764
66 660 0 0 0 0.10387829334238487 0.10356366493843303 0.09155379963444475 0.11514474269366119 0.10303566099502573 0.10332012915503665 0.09554472316044418 0.11364368067733836 0.10654494498069855 0.08885865119739031
67 670 0 0 0 0.10471506535077524 0.09483124545505169 0.0838958756486476 0.10442485992197617 0.10688404363849165 0.10932221113263284 0.0823398345991329 0.10421990635562287 0.11105600280830126 0.10402128931054186
68 680 0 0 0 0.10699280498670126 0.09249486848483733 0.09093663780023553 0.10566016693752212 0.10355236150953402 0.1042982446973239 0.08297254635547818 0.10822626894740943 0.10659171650280289 0.10157742778865463
69 690 0 0 0 0.10214808485172006 0.09779005542287172 0.09399097467977917 0.10772881787703642 0.10903646079556668 0.1018077083524125 0.08481494841925102 0.11501299258811853 0.10322408615542758 0.09783216331506954
70 700 0 0 0 0.10020770549282615 0.09342299645317279 0.1041151416494192 0.11348183422317332 0.10334845480102577 0.10154651722989402 0.09635084312616733 0.1041257955195092 0.09802375554552008 0.09593429245608869
71 710 0 0 0 0.10804152567289374 0.09170768519421155 0.10406249542916071 0.11637495945917034 0.10514689625135959 0.09967788499439127 0.0964715345177771 0.10271004764402196 0.09975738326328151 0.09541286852775971
72 720 0 0 0 0.10789200288403178 0.0950818612514765 0.10531683335114286 0.11021263109661425 0.10716244358054236 0.09456501253600248 0.10544196072085098 0.10119164307848265 0.10001707131148925 0.09543037316592919
73 730 0 0 0 0.10234490984553764 0.09601149351487029 0.10633007353967933 0.10428983667810418 0.10695566595069725 0.0967143643044176 0.1055502817544646 0.10429396245749457 0.09304455591328054 0.09367889530461483
74 740 0 0 0 0.10506800408797622 0.10117967126117942 0.10164995004419412 0.10332508659368454 0.11139304176939607 0.09479231986913218 0.10373200446624029 0.09896149062502745 0.09981094509770716 0.08928785128417088
75 750 0 0 0 0.10268634762709264 0.09539458886650728 0.09826823701527028 0.09880014725746715 0.11862649358182618 0.10676228018149536 0.10448201878260494 0.10169488758857087 0.09956819555983773 0.08769097128359797
76 760 0 0 0 0.10046582585131475 0.09667096438998461 0.10333804400941164 0.09805723194139071 0.11444302302559359 0.11194398132532701 0.10727901026441541 0.10191221799893588 0.09533212790570138 0.09269821585759874
77 770 0 0 0 0.0966032416928044 0.10444571512456671 0.10824875135174693 0.09561989503809973 0.11375092713871703 0.10638014420409928 0.11654415143287127 0.0957391720268445 0.08601615694197877 0.09247608489974476
78 780 0 0 0 0.09655317999238248 0.10358521480120542 0.11138648394612367 0.09477049909956957 0.11134916447962794 0.11158375986612797 0.11106323389263884 0.09636746887226205 0.08662947116489063 0.0875738681062077
79 790 0 0 0 0.09996859221425242 0.10417240785374732 0.11225567771387525 0.0986905927454384 0.10805733064924444 0.1157965707203065 0.10976347495053403 0.09308916026451414 0.0892858548239555 0.08882118363544601
80 800 0 0 0 0.0986722075069402 0.10537411415013608 0.1135375339101547 0.10174780312442158 0.10740831182454365 0.1114779774867412 0.10514764258449955 0.09323379821351087 0.09173580317121356 0.08866518501874318
81 810 0 0 0 0.10692596151033214 0.10139260404423513 0.11029863393957975 0.10617020395653308 0.10710252866842156 0.11008904864646776 0.10087683155165492 0.09268574556650644 0.0938101291942551 0.08963415583851182
82 820 0 0 0 0.10609268618530011 0.10036984707579658 0.10372949019275873 0.10530378112120246 0.10555580362154364 0.11119685342173471 0.1026741680049474 0.09810131971164737 0.0939454903762155 0.09419473170630727
83 830 0 0 0 0.1058826923630031 0.10093887750645993 0.10380123568724617 0.10661464161509912 0.10140031094714469 0.10972723822970203 0.0996240051267827 0.09992971631322156 0.09417286980017482 0.09463593927722093
84 840 0 0 0 0.10570965468364059 0.0963949253430283 0.10506632827373354 0.10715533204047982 0.10006130337728034 0.1065648176763324 0.09943099236024719 0.09986645448399224 0.0946602979165226 0.09485379181418356
85 850 0 0 0 0.10165516182103268 0.10266145406011695 0.10175830207133667 0.10733680934635288 0.10230757099001349 0.10410534985998657 0.10013117570695058 0.10332135492737507 0.09621119899098882 0.09619480401668415
86 860 0 0 0 0.10183107371287309 0.10279982385339902 0.10001609340758473 0.10422642409611821 0.10120234080082045 0.10088008013640407 0.10615042326206993 0.10187047992537962 0.09368173443243559 0.09832257830598502
87 870 0 0 0 0.10240032373672261 0.10717309992477202 0.09801549599562005 0.10115876436969358 0.10449981584359302 0.10223711250237312 0.10081902786909049 0.10080664790152587 0.10032621648075807 0.09807098622765154
88 880 0 0 0 0.10300930146857293 0.10326628310432714 0.09897136383398263 0.10312842265770739 0.09950457111102166 0.10433914309222839 0.10007474510524632 0.102987660931377 0.10124311557735473 0.09886647991695781
89 890 0 0 0 0.10458320758792165 0.10590374140596566 0.09503962842337343 0.10462698263104243 0.09899231678962293 0.1012545828742041 0.1015173940816163 0.1018109022015762 0.0996377390738466 0.10149278748819375
90 900 0 0 0 0.10197570280700788 0.10528031795983345 0.0991194509312661 0.10339360704573738 0.0998999173973285 0.10237790248667786 0.10051878207432792 0.1015378800841569 0.10041566120970978 0.10051126519777948
91 910 0 0 0 0.10145030958449884 0.10416499501380753 0.10004742486422488 0.10331652564650258 0.1013925509888025 0.10400002434616988 0.09797114456082238 0.10303408814230736 0.09920011625885487 0.10046345793218724
92 920 0 0 0 0.10221899036566283 0.10434820617930932 0.1004894572900709 0.10125676926791821 0.10140490357585277 0.10252598122003535 0.10020254322570103 0.10261588600745951 0.10035501504572428 0.10282972973215886
93 930 0 0 0 0.10216303576158996 0.1037912729099221 0.10143151029480876 0.10002956843956162 0.10294387513065303 0.10064992711055319 0.09915855215554546 0.10268628143225808 0.09981303692113705 0.10416726244009011
94 940 0 0 0 0.10233886114781116 0.10277540282424862 0.10202408918920113 0.10065424860936834 0.1012756728665826 0.1021761956692537 0.09876857778146396 0.10071131477612293 0.10047732541471033 0.1044681198292418
95 950 0 0 0 0.10237894594591479 0.10378731102708 0.10314065560317198 0.10190953037269881 0.10148601269237861 0.10113935540920772 0.09825927773603334 0.09999725225924187 0.1010380673683156 0.10228106333413815
96 960 0 0 0 0.10281616576034834 0.10368286344732515 0.10299728091051323 0.10173095363603311 0.10017432211847671 0.10252708474218139 0.09922443676134998 0.10008237142918441 0.1017479738220298 0.1016663240633943
97 970 0 0 0 0.10273042317115104 0.10296746148096897 0.1035289394971668 0.10059485232424645 0.10144037834483535 0.10033169222170256 0.10014916441441823 0.10086919579723228 0.10177767748913179 0.10199379485846384
98 980 0 0 0 0.10304723737477156 0.10340829215437293 0.10325918345116013 0.10202717642901754 0.10113027315604414 0.10185345677232702 0.10078859226722155 0.10091185807733316 0.10013689015787712 0.10198422069454102
99 990 0 0 0 0.10272686547422565 0.10264367431500568 0.10144799302529973 0.10167078836685185 0.10108906548625739 0.10217050537328295 0.10134879249956559 0.1009325258221111 0.10030270648464974 0.10190925767235866
100 1000 0 0 0 0.10259250484426188 0.10226586194192967 0.10173475246324679 0.10155897825368612 0.10156054117450006 0.10279101865794744 0.10113405692452111 0.10061197015335663 0.10185957728542987 0.10132478522295195
101 1010 0 0 0 0.10245691442146164 0.10120020804526852 0.10153197840322042 0.10231371731967694 0.10254709973065886 0.10229517572428687 0.10139490548430044 0.10077126379374718 0.10107694486014222 0.10139148050943171
102 1020 0 0 0 0.1023378303955151 0.10125370454557622 0.10086909359636695 0.10261079217587438 0.1022838299497992 0.10158278426497111 0.10124093980865997 0.10081729551937246 0.10190937818436169 0.10237030113696906
103 1030 0 0 0 0.10247112726761141 0.10124753112476086 0.1013209613854328 0.10235268989293722 0.1018382335654043 0.10181234162672632 0.10137275893029103 0.10093547765131092 0.10158094470381404 0.10221699277873497
104 1040 0 0 0 0.10156711225997947 0.10236260935104792 0.10194034021706555 0.10220868790827992 0.10219916411964897 0.10243980520927638 0.10163198337562256 0.1009257180235204 0.1015741795337818 0.10072795761210339
105 1050 0 0 0 0.10109075641062268 0.10249751734127811 0.10236300162622033 0.10209457272629785 0.10187941047275834 0.10123463579727765 0.10159084821726685 0.10091372062065396 0.10166345682496926 0.1014913854676699
106 1060 0 0 0 0.10138290843380521 0.10242942154194382 0.10186971068669716 0.1018022346920612 0.10172062182924525 0.10089085925654391 0.10149978540271497 0.10171666737559554 0.10147973485316773 0.10221990330836218
107 1070 0 0 0 0.10174694866865683 0.10248471745233181 0.10188859775714999 0.10179924335829063 0.10240535176560626 0.10113195380862999 0.10080722212711976 0.10202356446987475 0.10108302102322726 0.1018879533489407
108 1080 0 0 0 0.10196188341591547 0.10202252059414052 0.1011530735584551 0.1021083400552787 0.10169701782580962 0.10122763628246274 0.1012315025132967 0.10199114448298705 0.10098593259243739 0.10308490164086521
109 1090 0 0 0 0.10118948194094614 0.10185314960604192 0.10149308453398662 0.10167205992582844 0.1021896955166073 0.10139986891332022 0.10171183003932775 0.10226622615401938 0.10133048731176729 0.10176897681526992
110 1100 0 0 0 0.10124028494043232 0.10171236691885605 0.10149693232438763 0.10145542220994748 0.10251997552876538 0.10188890719587038 0.10248083087006624 0.10186250833074971 0.10148182613418712 0.1010403636785562
111 1110 0 0 0 0.1014527728370529 0.10164892053386108 0.10111012470357456 0.10138297159268746 0.10231844830078848 0.10167122643498243 0.10192569991861991 0.10253011531186723 0.10161399840102316 0.10200584312953122
112 1120 0 0 0 0.10150608251597873 0.10141778135191792 0.10195227432954773 0.10187016768663494 0.1024357217624937 0.10160077152954818 0.10216079658770483 0.10183801085726635 0.1016721435335807 0.10127767329376487
113 1130 0 0 0 0.10150468889649515 0.10157667470358255 0.10174854330235256 0.10174964574520509 0.1020664352728838 0.10218248826811195 0.10251237164347735 0.1020958773466454 0.10180407704295871 0.10116243723950237
114 1140 0 0 0 0.10170715606050673 0.1009221003886718 0.10190956902004393 0.10172329112537379 0.10205073235114127 0.10255320460500984 0.10224579965953173 0.10210373069926874 0.10188210899706149 0.101027302064494
115 1150 0 0 0 0.10117809569084393 0.10117865387814116 0.10203636186223976 0.10169909411150417 0.10173723502356448 0.10239948748320961 0.10211112842767024 0.10186190794425114 0.10195084462528442 0.10151542391511878
116 1160 0 0 0 0.10127757935150054 0.10094016708014977 0.10243899586859509 0.10174948795104495 0.10170899442606499 0.10193434879826348 0.10222059978090628 0.10188042892315673 0.10189525529943268 0.10151052916256122
117 1170 0 0 0 0.10119978665713356 0.10095967103375118 0.10289508843474905 0.10146853493261727 0.10152421236577677 0.10170602582327365 0.10227069179021535 0.10138519865956686 0.10152263334930864 0.10160307705693969
118 1180 0 0 0 0.10169308249590649 0.10110534890439803 0.1024280283467502 0.10153427287534388 0.10138656169039935 0.10174738119776018 0.10222870019269621 0.1014521265569876 0.10180147437686068 0.10142406068333377
119 1190 0 0 0 0.10194301925007017 0.10146139696856489 0.10267178933866074 0.10155038709253247 0.10144128078174368 0.10203123534141202 0.10211834738417185 0.1013463209894622 0.10148968976980298 0.10126939292146858
120 1200 0 0 0 0.10169369757456054 0.10151041689211587 0.10245994820660263 0.10191944805286272 0.10135222442483342 0.10196714953611873 0.10199837074364133 0.10138503465730188 0.10176445865700876 0.10166039005875398
121 1210 0 0 0 0.10141576992531443 0.10214151759935786 0.10208093906992041 0.10197006971349559 0.1017163307185535 0.10168343065487934 0.10155882431174035 0.10152566902809396 0.1018851796225584 0.10173154394130335
122 1220 0 0 0 0.1014014594251899 0.10179003893462622 0.10201521079412507 0.10175335281011924 0.10173639371720014 0.10180858184373734 0.10148822711570896 0.10123790586342805 0.10215946633348139 0.1018664832640385
123 1230 0 0 0 0.10133473010141221 0.10187048897167203 0.10190308793546758 0.10151720904215743 0.10180229526136378 0.10184539376676703 0.10158356933567805 0.10160289729632163 0.10203649651092976 0.10179534911443569
124 1240 0 0 0 0.10177887102027408 0.10201741019156219 0.10173053379990551 0.10169227036759604 0.10187511939247577 0.10159498283557801 0.1014059646719533 0.10183186759848298 0.10199814747149685 0.10145321625820192
125 1250 0 0 0 0.10164688784883798 0.1020424171730451 0.10169026447308734 0.10181320760425981 0.10184407317489863 0.1015914948610844 0.10160250463831226 0.10181306519762838 0.10199864262444099 0.10143608872198209
126 1260 0 0 0 0.10197056099709784 0.1018278915786746 0.10168529268663766 0.10175971021516307 0.10150467080044503 0.10158971080482063 0.10164255580632164 0.10182986693249188 0.10206459911132687 0.10158662069411767
127 1270 0 0 0 0.10206653010428804 0.10197736311016088 0.10174270286410196 0.10167301863074649 0.10161039286953001 0.10130000737371608 0.10158851561439264 0.10163554363048212 0.10181992282472495 0.10205012425059058
128 1280 0 0 0 0.10176571443331663 0.10191758066403064 0.10168743691163369 0.10183515198682233 0.10165514528945876 0.10131665300062165 0.10157653827919223 0.10185271241052533 0.10180230993654957 0.10195923791251198
129 1290 0 0 0 0.10175249102256427 0.10193928789297824 0.1018367868584775 0.10195775736122474 0.1017423417099445 0.1013497252163236 0.10155322368586185 0.10154337776800386 0.10187553006286489 0.1017779855185701
130 1300 0 0 0 0.10163354132477477 0.10200027259139763 0.10170886650366096 0.10203145086159483 0.10162453414371028 0.10128875408823064 0.10177874028537219 0.1015774610405713 0.1016718771092341 0.10203304033163876
131 1310 0 0 0 0.10157259819650814 0.10194649360446817 0.10185824443835086 0.10206013909711574 0.10162400110980646 0.10147538689906727 0.10183221449704033 0.10152649918905118 0.10176222252329653 0.10174191819628188
132 1320 0 0 0 0.10166773657842704 0.10196183550149357 0.10180712511057821 0.10186116860465635 0.10178132990530897 0.10158513210972886 0.10190812435340006 0.10138791504552185 0.10177221476512834 0.10161450458152038
133 1330 0 0 0 0.1016367031994066 0.10202558042971462 0.10188626569517639 0.10185305733995777 0.10200630124453212 0.10149229274333135 0.10179028735355883 0.10138888338167362 0.10175093489565792 0.10155589652640516
134 1340 0 0 0 0.10160296902887701 0.10181627842713892 0.10185598806026899 0.10184151041480673 0.10200096537612596 0.10142810540806775 0.10184745104068399 0.10148449208096803 0.10181376573980531 0.10163224988548403
135 1350 0 0 0 0.10150903352785468 0.10184741425231812 0.1017781805893261 0.10178272679094214 0.10200076897342093 0.10151265106754856 0.10189167369069464 0.10153118060850859 0.10182911633564205 0.10159075404311965
136 1360 0 0 0 0.10150559562054319 0.10179390486849856 0.10183617390389775 0.10182963973794654 0.10188501371090851 0.10156343772876175 0.10183573637800437 0.10159101118819272 0.10180875705195408 0.10162493920744121
137 1370 0 0 0 0.10156407101020415 0.1017452294716741 0.10191330583121926 0.10189611649287825 0.10183983518192781 0.10143992023457102 0.10187358938861701 0.10163264349447318 0.10181074160273708 0.10176227758015627
138 1380 0 0 0 0.10168648501801861 0.10174502896910989 0.10177742458854812 0.10185247299893435 0.10187627361317367 0.10158971204145355 0.10188550156132418 0.10165489723163353 0.10179771289874712 0.10170297735555235
139 1390 0 0 0 0.10161356682155512 0.101809823534848 0.10177539499793611 0.10179754744430368 0.10176728878192999 0.10171746007487946 0.1018948310482083 0.10165975906932648 0.10182071961140202 0.10168042699890219
140 1400 0 0 0 0.10165476225449291 0.10187196287410645 0.1016733814583998 0.10172545263890277 0.1017032271789246 0.10170873519410681 0.10183898374574893 0.10177169306419839 0.10182682014067047 0.10174107266786982
141 1410 0 0 0 0.1016279446035792 0.10186953137463121 0.10165616425869627 0.10168245226596054 0.1016948394718688 0.1016641689221542 0.10177990418500502 0.10181928588094069 0.10179559665064954 0.10188054888501455
142 1420 0 0 0 0.10173385326434442 0.10184950568268175 0.10167584510770977 0.10166352713724139 0.10174541080121127 0.10165285244982873 0.1017604865842242 0.10175504992369844 0.101796500339792 0.1017647970455046
143 1430 0 0 0 0.10171202148369651 0.10177686089139366 0.1017753129926504 0.10163896420284031 0.10180260092223907 0.10171863062960444 0.10187593853283392 0.10164126846724218 0.10181635659986119 0.10167156104072665
144 1440 0 0 0 0.10167705364306855 0.10175640817931311 0.10180207647250542 0.10164205934134396 0.10175620132726201 0.10176530492237426 0.10188497578391348 0.1016711082060288 0.10172675344094682 0.10174809576656157
145 1450 0 0 0 0.10161832576709967 0.10174152374193988 0.10173096710088822 0.10171328275399034 0.10173694088238644 0.1017977494552648 0.10183672551324084 0.10173205852648405 0.10179540083291165 0.10172846023477224
146 1460 0 0 0 0.1016073321128135 0.10167302599285026 0.10175567714202427 0.10170835494116037 0.10173015057367997 0.1018166502387604 0.10176653717320079 0.10177265522806234 0.10183916860791607 0.10179215637475955
147 1470 0 0 0 0.10164611378588939 0.10164931891221239 0.10176631271672497 0.10174409929297308 0.10175712907465455 0.10182319432008206 0.10179837955858724 0.10169265824513482 0.10182057250917942 0.1017563911099605
