% # columns="iteration, evaluation, min max(neg(.)) min(pos(.)) max correlation, correlation matrix principle axes lengths  (sorted square roots of eigenvalues of correlation matrix)", seed=783039, Mon Mar  9 13:20:07 2020
1 10 -0.05498060031584707 -0.00826768148992353 0.020281411236618488 0.057372384974567786 0.9214930178820903 0.9726029139911069 0.9903988585420819 0.9910721634070554 0.9942517703916663 1.0004217500039791 1.0105065791942782 1.0181739013994802 1.0285878522937515 1.0661169667670358
2 20 -0.09292190339884507 -0.009018961692941072 0.03194261399163332 0.08218856270023389 0.9214930178820903 0.9726029139911069 0.9903988585420819 0.9910721634070554 0.9942517703916663 1.0004217500039791 1.0105065791942782 1.0181739013994802 1.0285878522937515 1.0661169667670358
3 30 -0.09163901185810008 -0.007611207138530495 0.04982256078636554 0.12342055726205707 0.9214930178820903 0.9726029139911069 0.9903988585420819 0.9910721634070554 0.9942517703916663 1.0004217500039791 1.0105065791942782 1.0181739013994802 1.0285878522937515 1.0661169667670358
4 40 -0.11074964838075402 0.00045883786994508377 0.07665082228142941 0.1752189170705822 0.9214930178820903 0.9726029139911069 0.9903988585420819 0.9910721634070554 0.9942517703916663 1.0004217500039791 1.0105065791942782 1.0181739013994802 1.0285878522937515 1.0661169667670358
5 50 -0.10918779637318077 -0.007877483118775673 0.09587807181755362 0.22568476635694268 0.9214930178820903 0.9726029139911069 0.9903988585420819 0.9910721634070554 0.9942517703916663 1.0004217500039791 1.0105065791942782 1.0181739013994802 1.0285878522937515 1.0661169667670358
6 60 -0.1053510432313789 -0.014337988718147726 0.10888606129058914 0.22504679395136482 0.9214930178820903 0.9726029139911069 0.9903988585420819 0.9910721634070554 0.9942517703916663 1.0004217500039791 1.0105065791942782 1.0181739013994802 1.0285878522937515 1.0661169667670358
7 70 -0.10588831735506869 -0.008176019608632814 0.09390468256857415 0.22441308160974588 0.9214930178820903 0.9726029139911069 0.9903988585420819 0.9910721634070554 0.9942517703916663 1.0004217500039791 1.0105065791942782 1.0181739013994802 1.0285878522937515 1.0661169667670358
8 80 -0.10378487722700132 -0.013795522063899836 0.09502297401600909 0.24935662495631472 0.9214930178820903 0.9726029139911069 0.9903988585420819 0.9910721634070554 0.9942517703916663 1.0004217500039791 1.0105065791942782 1.0181739013994802 1.0285878522937515 1.0661169667670358
9 90 -0.07053630115145933 0.004750707114968845 0.10031123403668982 0.25059499298049515 0.9214930178820903 0.9726029139911069 0.9903988585420819 0.9910721634070554 0.9942517703916663 1.0004217500039791 1.0105065791942782 1.0181739013994802 1.0285878522937515 1.0661169667670358
10 100 -0.09536674151051297 0.006121447375937328 0.1035636173638967 0.2666478632365193 0.9214930178820903 0.9726029139911069 0.9903988585420819 0.9910721634070554 0.9942517703916663 1.0004217500039791 1.0105065791942782 1.0181739013994802 1.0285878522937515 1.0661169667670358
11 110 -0.08755023630641924 0.0034993597734240423 0.10457717457095289 0.26031045819441917 0.8003494449363002 0.8141382156684228 0.9082265318845528 0.9219940066549688 0.9604449393531269 0.9906218812398039 1.049078781523659 1.0574182357200135 1.0845197752515159 1.3126318597167896
12 120 -0.08343428137133929 -0.00027001603162688393 0.1053328580036528 0.25871751572363855 0.8003494449363002 0.8141382156684228 0.9082265318845528 0.9219940066549688 0.9604449393531269 0.9906218812398039 1.049078781523659 1.0574182357200135 1.0845197752515159 1.3126318597167896
13 130 -0.1006829345804517 0.0011719786053375708 0.11127844654222763 0.3104531540776202 0.8003494449363002 0.8141382156684228 0.9082265318845528 0.9219940066549688 0.9604449393531269 0.9906218812398039 1.049078781523659 1.0574182357200135 1.0845197752515159 1.3126318597167896
14 140 -0.12793983691712693 0.006257350068320004 0.11499855311169421 0.30704481660138816 0.8003494449363002 0.8141382156684228 0.9082265318845528 0.9219940066549688 0.9604449393531269 0.9906218812398039 1.049078781523659 1.0574182357200135 1.0845197752515159 1.3126318597167896
15 150 -0.1240169941199553 0.001347931851928854 0.12590617845075747 0.32200022267444695 0.8003494449363002 0.8141382156684228 0.9082265318845528 0.9219940066549688 0.9604449393531269 0.9906218812398039 1.049078781523659 1.0574182357200135 1.0845197752515159 1.3126318597167896
16 160 -0.10795644285285291 -0.026544707998347405 0.1045415395599038 0.28687378332081737 0.8003494449363002 0.8141382156684228 0.9082265318845528 0.9219940066549688 0.9604449393531269 0.9906218812398039 1.049078781523659 1.0574182357200135 1.0845197752515159 1.3126318597167896
17 170 -0.11493988306416845 -0.03624086271158414 0.09953817049412152 0.2886614777300456 0.8003494449363002 0.8141382156684228 0.9082265318845528 0.9219940066549688 0.9604449393531269 0.9906218812398039 1.049078781523659 1.0574182357200135 1.0845197752515159 1.3126318597167896
18 180 -0.13457482440839832 -0.027022172268760032 0.10579951516941433 0.3005277847240029 0.8003494449363002 0.8141382156684228 0.9082265318845528 0.9219940066549688 0.9604449393531269 0.9906218812398039 1.049078781523659 1.0574182357200135 1.0845197752515159 1.3126318597167896
19 190 -0.13093336068999237 -0.016235769088403938 0.11617800503040528 0.30659461171104513 0.8003494449363002 0.8141382156684228 0.9082265318845528 0.9219940066549688 0.9604449393531269 0.9906218812398039 1.049078781523659 1.0574182357200135 1.0845197752515159 1.3126318597167896
20 200 -0.11885914403945717 -0.013413166789287174 0.12869162324176958 0.3032170639492776 0.8003494449363002 0.8141382156684228 0.9082265318845528 0.9219940066549688 0.9604449393531269 0.9906218812398039 1.049078781523659 1.0574182357200135 1.0845197752515159 1.3126318597167896
21 210 -0.12496943180899428 0.0030752845429808445 0.1296476163226249 0.2835449454952902 0.7814713573522022 0.8070977945855755 0.8622503570509535 0.9010031583046716 0.969157421796929 0.9940922723467411 1.0150298606678545 1.0583555031896537 1.1202310510920739 1.3600765224538132
22 220 -0.1287785956714032 0.0002077241390875447 0.12834256271399797 0.2692016258815128 0.7814713573522022 0.8070977945855755 0.8622503570509535 0.9010031583046716 0.969157421796929 0.9940922723467411 1.0150298606678545 1.0583555031896537 1.1202310510920739 1.3600765224538132
23 230 -0.12618757787458804 -0.0028542043253332156 0.13407979245980306 0.28499995175218495 0.7814713573522022 0.8070977945855755 0.8622503570509535 0.9010031583046716 0.969157421796929 0.9940922723467411 1.0150298606678545 1.0583555031896537 1.1202310510920739 1.3600765224538132
24 240 -0.14901326862551859 -0.009450120209859372 0.12745053085774968 0.2866909767265963 0.7814713573522022 0.8070977945855755 0.8622503570509535 0.9010031583046716 0.969157421796929 0.9940922723467411 1.0150298606678545 1.0583555031896537 1.1202310510920739 1.3600765224538132
25 250 -0.12215318187984062 -0.019316945449516832 0.09824110051619306 0.31736055318254663 0.7814713573522022 0.8070977945855755 0.8622503570509535 0.9010031583046716 0.969157421796929 0.9940922723467411 1.0150298606678545 1.0583555031896537 1.1202310510920739 1.3600765224538132
26 260 -0.10523619941972873 -0.03408231888282125 0.09796067500873863 0.30202177931194374 0.7814713573522022 0.8070977945855755 0.8622503570509535 0.9010031583046716 0.969157421796929 0.9940922723467411 1.0150298606678545 1.0583555031896537 1.1202310510920739 1.3600765224538132
27 270 -0.13603171693326033 -0.02575726134659837 0.11197781430838011 0.3071285745203979 0.7814713573522022 0.8070977945855755 0.8622503570509535 0.9010031583046716 0.969157421796929 0.9940922723467411 1.0150298606678545 1.0583555031896537 1.1202310510920739 1.3600765224538132
28 280 -0.13602260668304933 -0.01807153922943968 0.09906946584004758 0.3492653947187049 0.7814713573522022 0.8070977945855755 0.8622503570509535 0.9010031583046716 0.969157421796929 0.9940922723467411 1.0150298606678545 1.0583555031896537 1.1202310510920739 1.3600765224538132
29 290 -0.13850149612887008 -0.03146084687256136 0.09146309676976284 0.348620111919148 0.7814713573522022 0.8070977945855755 0.8622503570509535 0.9010031583046716 0.969157421796929 0.9940922723467411 1.0150298606678545 1.0583555031896537 1.1202310510920739 1.3600765224538132
30 300 -0.16546401854103962 -0.020768308105567623 0.09698435545615837 0.3166872209086113 0.7814713573522022 0.8070977945855755 0.8622503570509535 0.9010031583046716 0.969157421796929 0.9940922723467411 1.0150298606678545 1.0583555031896537 1.1202310510920739 1.3600765224538132
31 310 -0.17474975992190683 -0.02211252114066352 0.1106535209096172 0.33549479876783345 0.7497721389387038 0.7740125099328204 0.8236499989850252 0.8579630635797211 0.9748846247629963 1.010633281609485 1.065189770368897 1.07577904193788 1.1844778579087567 1.3257259081349193
32 320 -0.19112281254701274 -0.005459819323776952 0.11860421134845923 0.36139263005169897 0.7497721389387038 0.7740125099328204 0.8236499989850252 0.8579630635797211 0.9748846247629963 1.010633281609485 1.065189770368897 1.07577904193788 1.1844778579087567 1.3257259081349193
33 330 -0.17540261980422422 0.003744915585298581 0.1220436557270495 0.3771070085870495 0.7497721389387038 0.7740125099328204 0.8236499989850252 0.8579630635797211 0.9748846247629963 1.010633281609485 1.065189770368897 1.07577904193788 1.1844778579087567 1.3257259081349193
34 340 -0.17519248572202722 0.01117374969011799 0.13049053725163814 0.3768320912449825 0.7497721389387038 0.7740125099328204 0.8236499989850252 0.8579630635797211 0.9748846247629963 1.010633281609485 1.065189770368897 1.07577904193788 1.1844778579087567 1.3257259081349193
35 350 -0.15995188833716806 0.0078012346923604925 0.12498932709754622 0.3780926476927037 0.7497721389387038 0.7740125099328204 0.8236499989850252 0.8579630635797211 0.9748846247629963 1.010633281609485 1.065189770368897 1.07577904193788 1.1844778579087567 1.3257259081349193
36 360 -0.15221003277614548 0.01932531101675085 0.1350797133448673 0.39721070495465177 0.7497721389387038 0.7740125099328204 0.8236499989850252 0.8579630635797211 0.9748846247629963 1.010633281609485 1.065189770368897 1.07577904193788 1.1844778579087567 1.3257259081349193
37 370 -0.15571150974893194 0.015400460274403656 0.148468939820047 0.3986271660956973 0.7497721389387038 0.7740125099328204 0.8236499989850252 0.8579630635797211 0.9748846247629963 1.010633281609485 1.065189770368897 1.07577904193788 1.1844778579087567 1.3257259081349193
38 380 -0.1711106492474025 0.001591457994784527 0.142716604475267 0.43628338645416254 0.7497721389387038 0.7740125099328204 0.8236499989850252 0.8579630635797211 0.9748846247629963 1.010633281609485 1.065189770368897 1.07577904193788 1.1844778579087567 1.3257259081349193
39 390 -0.15586383134632473 -0.004847333830460053 0.13094278806256604 0.4360453967097818 0.7497721389387038 0.7740125099328204 0.8236499989850252 0.8579630635797211 0.9748846247629963 1.010633281609485 1.065189770368897 1.07577904193788 1.1844778579087567 1.3257259081349193
40 400 -0.1907326568819631 -0.012447092735228807 0.14418387288488765 0.4243242863601227 0.7497721389387038 0.7740125099328204 0.8236499989850252 0.8579630635797211 0.9748846247629963 1.010633281609485 1.065189770368897 1.07577904193788 1.1844778579087567 1.3257259081349193
41 410 -0.18991272836626769 -0.030656542544928583 0.1330334520062696 0.45994930176929033 0.6779524537322761 0.7233012009413133 0.7777673754201551 0.8621973841884877 0.9793241355843816 0.9890578659408049 1.0249307545822068 1.1661105833826062 1.2060019775214053 1.366331030445192
42 420 -0.21067765642096958 -0.030926154208427925 0.14017470572134735 0.4745133113550303 0.6779524537322761 0.7233012009413133 0.7777673754201551 0.8621973841884877 0.9793241355843816 0.9890578659408049 1.0249307545822068 1.1661105833826062 1.2060019775214053 1.366331030445192
43 430 -0.21195836243198984 -0.031023064807695004 0.13325286654777516 0.46565989204930625 0.6779524537322761 0.7233012009413133 0.7777673754201551 0.8621973841884877 0.9793241355843816 0.9890578659408049 1.0249307545822068 1.1661105833826062 1.2060019775214053 1.366331030445192
44 440 -0.2206919830183541 -0.03065203235606074 0.11862510642926988 0.45586371963834066 0.6779524537322761 0.7233012009413133 0.7777673754201551 0.8621973841884877 0.9793241355843816 0.9890578659408049 1.0249307545822068 1.1661105833826062 1.2060019775214053 1.366331030445192
45 450 -0.2211561977436959 -0.03569700420461161 0.1105301800637114 0.4534939654746982 0.6779524537322761 0.7233012009413133 0.7777673754201551 0.8621973841884877 0.9793241355843816 0.9890578659408049 1.0249307545822068 1.1661105833826062 1.2060019775214053 1.366331030445192
46 460 -0.23133194207389596 -0.03898289316017042 0.11901593159019644 0.45475634275667975 0.6779524537322761 0.7233012009413133 0.7777673754201551 0.8621973841884877 0.9793241355843816 0.9890578659408049 1.0249307545822068 1.1661105833826062 1.2060019775214053 1.366331030445192
47 470 -0.28063217801351653 -0.05115394056863694 0.11106864466464325 0.42251217088085147 0.6779524537322761 0.7233012009413133 0.7777673754201551 0.8621973841884877 0.9793241355843816 0.9890578659408049 1.0249307545822068 1.1661105833826062 1.2060019775214053 1.366331030445192
48 480 -0.294699847866559 -0.044677549635161073 0.10579806093288238 0.3715251343562714 0.6779524537322761 0.7233012009413133 0.7777673754201551 0.8621973841884877 0.9793241355843816 0.9890578659408049 1.0249307545822068 1.1661105833826062 1.2060019775214053 1.366331030445192
49 490 -0.3011707108820245 -0.04842939378006815 0.08550370453218875 0.3727555452799896 0.6779524537322761 0.7233012009413133 0.7777673754201551 0.8621973841884877 0.9793241355843816 0.9890578659408049 1.0249307545822068 1.1661105833826062 1.2060019775214053 1.366331030445192
50 500 -0.28717050429175506 -0.04645688912648103 0.08252727718109093 0.37905994578643104 0.6779524537322761 0.7233012009413133 0.7777673754201551 0.8621973841884877 0.9793241355843816 0.9890578659408049 1.0249307545822068 1.1661105833826062 1.2060019775214053 1.366331030445192
51 510 -0.2599025729600097 -0.04838271112726599 0.07419560199009191 0.36445499532519554 0.6699960625653778 0.7049211397832 0.7998863433089134 0.8919408234819263 0.9499090305135237 0.9765536117752069 1.1118793038394423 1.1503567643620713 1.200631953108324 1.3272970227725265
52 520 -0.29817914302774423 -0.04141286223048458 0.0863389308476648 0.3610019663868947 0.6699960625653778 0.7049211397832 0.7998863433089134 0.8919408234819263 0.9499090305135237 0.9765536117752069 1.1118793038394423 1.1503567643620713 1.200631953108324 1.3272970227725265
53 530 -0.28458525960535086 -0.028352716684418425 0.12252283346492675 0.3744214169560174 0.6699960625653778 0.7049211397832 0.7998863433089134 0.8919408234819263 0.9499090305135237 0.9765536117752069 1.1118793038394423 1.1503567643620713 1.200631953108324 1.3272970227725265
54 540 -0.2816938171961909 -0.03149193772363622 0.12382493255546712 0.3631260776691343 0.6699960625653778 0.7049211397832 0.7998863433089134 0.8919408234819263 0.9499090305135237 0.9765536117752069 1.1118793038394423 1.1503567643620713 1.200631953108324 1.3272970227725265
55 550 -0.2684034310975188 -0.039548260820518245 0.11313174190628542 0.40342787043952655 0.6699960625653778 0.7049211397832 0.7998863433089134 0.8919408234819263 0.9499090305135237 0.9765536117752069 1.1118793038394423 1.1503567643620713 1.200631953108324 1.3272970227725265
56 560 -0.27860962619078067 -0.03177080609185359 0.11441056582412655 0.38436777689863644 0.6699960625653778 0.7049211397832 0.7998863433089134 0.8919408234819263 0.9499090305135237 0.9765536117752069 1.1118793038394423 1.1503567643620713 1.200631953108324 1.3272970227725265
57 570 -0.2393295716990883 -0.031284346738939886 0.11497547980807472 0.37173419995581325 0.6699960625653778 0.7049211397832 0.7998863433089134 0.8919408234819263 0.9499090305135237 0.9765536117752069 1.1118793038394423 1.1503567643620713 1.200631953108324 1.3272970227725265
58 580 -0.24928784444332697 -0.03025988842566548 0.12055986943179722 0.39181621721512727 0.6699960625653778 0.7049211397832 0.7998863433089134 0.8919408234819263 0.9499090305135237 0.9765536117752069 1.1118793038394423 1.1503567643620713 1.200631953108324 1.3272970227725265
59 590 -0.238221355212236 -0.05047895263368145 0.12071508650844781 0.3773267641794893 0.6699960625653778 0.7049211397832 0.7998863433089134 0.8919408234819263 0.9499090305135237 0.9765536117752069 1.1118793038394423 1.1503567643620713 1.200631953108324 1.3272970227725265
60 600 -0.2276062545805816 -0.049913582518806295 0.13207442079816412 0.3922209508605942 0.6699960625653778 0.7049211397832 0.7998863433089134 0.8919408234819263 0.9499090305135237 0.9765536117752069 1.1118793038394423 1.1503567643620713 1.200631953108324 1.3272970227725265
61 610 -0.2052987114635769 -0.04920774732380187 0.11997369602407212 0.41564262581345 0.6769090036846979 0.7132778160575381 0.7720067545648239 0.8972267922039179 0.9520324403211193 0.9865826626080162 1.1031154357204453 1.1547316676147865 1.1861707561434998 1.339790111576752
62 620 -0.2136103564326862 -0.022107556776587576 0.11045876467156979 0.43048158534818654 0.6769090036846979 0.7132778160575381 0.7720067545648239 0.8972267922039179 0.9520324403211193 0.9865826626080162 1.1031154357204453 1.1547316676147865 1.1861707561434998 1.339790111576752
63 630 -0.19914104575159366 -0.028257196656458174 0.1051097127448236 0.4070006416571059 0.6769090036846979 0.7132778160575381 0.7720067545648239 0.8972267922039179 0.9520324403211193 0.9865826626080162 1.1031154357204453 1.1547316676147865 1.1861707561434998 1.339790111576752
64 640 -0.22054746725588803 -0.032529472576935024 0.1007120311446664 0.37957258208301214 0.6769090036846979 0.7132778160575381 0.7720067545648239 0.8972267922039179 0.9520324403211193 0.9865826626080162 1.1031154357204453 1.1547316676147865 1.1861707561434998 1.339790111576752
65 650 -0.24024922947945404 -0.04605573885016728 0.09833516079883292 0.38127825696075895 0.6769090036846979 0.7132778160575381 0.7720067545648239 0.8972267922039179 0.9520324403211193 0.9865826626080162 1.1031154357204453 1.1547316676147865 1.1861707561434998 1.339790111576752
66 660 -0.2063563807609055 -0.06259851721996725 0.10560548723606311 0.32590545577574626 0.6769090036846979 0.7132778160575381 0.7720067545648239 0.8972267922039179 0.9520324403211193 0.9865826626080162 1.1031154357204453 1.1547316676147865 1.1861707561434998 1.339790111576752
67 670 -0.21713547276432815 -0.06823179678236951 0.10998426085688388 0.2826057030739274 0.6769090036846979 0.7132778160575381 0.7720067545648239 0.8972267922039179 0.9520324403211193 0.9865826626080162 1.1031154357204453 1.1547316676147865 1.1861707561434998 1.339790111576752
68 680 -0.2507723666987106 -0.05202239236402398 0.090758640604756 0.27639970105442585 0.6769090036846979 0.7132778160575381 0.7720067545648239 0.8972267922039179 0.9520324403211193 0.9865826626080162 1.1031154357204453 1.1547316676147865 1.1861707561434998 1.339790111576752
69 690 -0.2814868918564998 -0.06259006321807976 0.07841242487796567 0.26941889791454837 0.6769090036846979 0.7132778160575381 0.7720067545648239 0.8972267922039179 0.9520324403211193 0.9865826626080162 1.1031154357204453 1.1547316676147865 1.1861707561434998 1.339790111576752
70 700 -0.25217154804965997 -0.05912516314332068 0.08993096023172562 0.26557205982659904 0.6769090036846979 0.7132778160575381 0.7720067545648239 0.8972267922039179 0.9520324403211193 0.9865826626080162 1.1031154357204453 1.1547316676147865 1.1861707561434998 1.339790111576752
71 710 -0.2714028215137047 -0.053219455949885835 0.09746297757691148 0.2640026650797644 0.6885698740266749 0.7239618126376226 0.8248453838361874 0.9234677995446027 0.9394293532556839 1.0036505215494802 1.1094408339703437 1.1470010852343335 1.195985001695506 1.265660176089392
72 720 -0.2698824724063416 -0.058309066007929095 0.08723709615505157 0.2740627139952577 0.6885698740266749 0.7239618126376226 0.8248453838361874 0.9234677995446027 0.9394293532556839 1.0036505215494802 1.1094408339703437 1.1470010852343335 1.195985001695506 1.265660176089392
73 730 -0.23303815801977507 -0.07492694568424589 0.06967247271346796 0.311718612295079 0.6885698740266749 0.7239618126376226 0.8248453838361874 0.9234677995446027 0.9394293532556839 1.0036505215494802 1.1094408339703437 1.1470010852343335 1.195985001695506 1.265660176089392
74 740 -0.22583856572782143 -0.05347212806867989 0.069986363863511 0.28611656286795106 0.6885698740266749 0.7239618126376226 0.8248453838361874 0.9234677995446027 0.9394293532556839 1.0036505215494802 1.1094408339703437 1.1470010852343335 1.195985001695506 1.265660176089392
75 750 -0.2026832306019368 -0.05535242160559316 0.08335797810847645 0.22396659387834678 0.6885698740266749 0.7239618126376226 0.8248453838361874 0.9234677995446027 0.9394293532556839 1.0036505215494802 1.1094408339703437 1.1470010852343335 1.195985001695506 1.265660176089392
76 760 -0.19758343147564444 -0.06268831095398451 0.09286547802137203 0.25380827588748495 0.6885698740266749 0.7239618126376226 0.8248453838361874 0.9234677995446027 0.9394293532556839 1.0036505215494802 1.1094408339703437 1.1470010852343335 1.195985001695506 1.265660176089392
77 770 -0.17366767739826808 -0.05582868896346024 0.07821131392842773 0.2327813424445761 0.6885698740266749 0.7239618126376226 0.8248453838361874 0.9234677995446027 0.9394293532556839 1.0036505215494802 1.1094408339703437 1.1470010852343335 1.195985001695506 1.265660176089392
78 780 -0.16373741538058698 -0.05040589929474812 0.07829889713089555 0.2569487399155868 0.6885698740266749 0.7239618126376226 0.8248453838361874 0.9234677995446027 0.9394293532556839 1.0036505215494802 1.1094408339703437 1.1470010852343335 1.195985001695506 1.265660176089392
79 790 -0.17513197069485484 -0.05926008200107179 0.07328944667994815 0.2595103836683148 0.6885698740266749 0.7239618126376226 0.8248453838361874 0.9234677995446027 0.9394293532556839 1.0036505215494802 1.1094408339703437 1.1470010852343335 1.195985001695506 1.265660176089392
80 800 -0.1759167647929359 -0.06118674854805786 0.07804775847283899 0.2693312473302968 0.6885698740266749 0.7239618126376226 0.8248453838361874 0.9234677995446027 0.9394293532556839 1.0036505215494802 1.1094408339703437 1.1470010852343335 1.195985001695506 1.265660176089392
81 810 -0.17943818147303625 -0.07603007096173241 0.05162644369495664 0.262174686175033 0.7083301665290193 0.7734982977446911 0.863774633209022 0.936494045169785 0.9485282689440079 1.0138747243760526 1.0613766911147942 1.1412033959577377 1.1702155550534563 1.2453606283186918
82 820 -0.1841481748558558 -0.06698987284760445 0.0628560594784032 0.2294784927652986 0.7083301665290193 0.7734982977446911 0.863774633209022 0.936494045169785 0.9485282689440079 1.0138747243760526 1.0613766911147942 1.1412033959577377 1.1702155550534563 1.2453606283186918
83 830 -0.21774788704126058 -0.07970373335149483 0.07533210629046981 0.23916880837862584 0.7083301665290193 0.7734982977446911 0.863774633209022 0.936494045169785 0.9485282689440079 1.0138747243760526 1.0613766911147942 1.1412033959577377 1.1702155550534563 1.2453606283186918
84 840 -0.20710580645244775 -0.09692613222353648 0.06806225671117336 0.2563584321935383 0.7083301665290193 0.7734982977446911 0.863774633209022 0.936494045169785 0.9485282689440079 1.0138747243760526 1.0613766911147942 1.1412033959577377 1.1702155550534563 1.2453606283186918
85 850 -0.20652101598146266 -0.08312745646745368 0.039356720172370435 0.22307991671103736 0.7083301665290193 0.7734982977446911 0.863774633209022 0.936494045169785 0.9485282689440079 1.0138747243760526 1.0613766911147942 1.1412033959577377 1.1702155550534563 1.2453606283186918
86 860 -0.20329737815590115 -0.09128468681788562 0.03962954658069001 0.21487270056975805 0.7083301665290193 0.7734982977446911 0.863774633209022 0.936494045169785 0.9485282689440079 1.0138747243760526 1.0613766911147942 1.1412033959577377 1.1702155550534563 1.2453606283186918
87 870 -0.210567085095976 -0.08289015796415225 0.050936746588362385 0.21432222912299148 0.7083301665290193 0.7734982977446911 0.863774633209022 0.936494045169785 0.9485282689440079 1.0138747243760526 1.0613766911147942 1.1412033959577377 1.1702155550534563 1.2453606283186918
88 880 -0.2565648050154084 -0.10525820884137149 0.05438618526596701 0.2063684447303812 0.7083301665290193 0.7734982977446911 0.863774633209022 0.936494045169785 0.9485282689440079 1.0138747243760526 1.0613766911147942 1.1412033959577377 1.1702155550534563 1.2453606283186918
89 890 -0.26317928882508707 -0.08212048334224092 0.05351632151053466 0.2382167099241539 0.7083301665290193 0.7734982977446911 0.863774633209022 0.936494045169785 0.9485282689440079 1.0138747243760526 1.0613766911147942 1.1412033959577377 1.1702155550534563 1.2453606283186918
90 900 -0.2777262959212418 -0.10170493873429146 0.07751475637234816 0.24905711710635003 0.7083301665290193 0.7734982977446911 0.863774633209022 0.936494045169785 0.9485282689440079 1.0138747243760526 1.0613766911147942 1.1412033959577377 1.1702155550534563 1.2453606283186918
91 910 -0.2738968686612692 -0.10506836355786205 0.06455452515779551 0.264559126594969 0.6699025018564705 0.7769622231306048 0.8517162839775088 0.9401710503476788 0.9758906145247567 0.9772519998454805 1.0556186771391045 1.1350231799219297 1.2019813192486057 1.2583587105841318
92 920 -0.2638854198309765 -0.10281088568532992 0.05082081661776978 0.2606192892920352 0.6699025018564705 0.7769622231306048 0.8517162839775088 0.9401710503476788 0.9758906145247567 0.9772519998454805 1.0556186771391045 1.1350231799219297 1.2019813192486057 1.2583587105841318
93 930 -0.2517235441568361 -0.09838260918932124 0.030389205377417874 0.24786471983331376 0.6699025018564705 0.7769622231306048 0.8517162839775088 0.9401710503476788 0.9758906145247567 0.9772519998454805 1.0556186771391045 1.1350231799219297 1.2019813192486057 1.2583587105841318
94 940 -0.24184669597336017 -0.1051513691117223 0.06790682954494728 0.24689979098463152 0.6699025018564705 0.7769622231306048 0.8517162839775088 0.9401710503476788 0.9758906145247567 0.9772519998454805 1.0556186771391045 1.1350231799219297 1.2019813192486057 1.2583587105841318
95 950 -0.26381079265235613 -0.10036333106187208 0.06451973324130411 0.21677866943750054 0.6699025018564705 0.7769622231306048 0.8517162839775088 0.9401710503476788 0.9758906145247567 0.9772519998454805 1.0556186771391045 1.1350231799219297 1.2019813192486057 1.2583587105841318
96 960 -0.24881991173449677 -0.0983662894230212 0.06560470225035463 0.2127000911355786 0.6699025018564705 0.7769622231306048 0.8517162839775088 0.9401710503476788 0.9758906145247567 0.9772519998454805 1.0556186771391045 1.1350231799219297 1.2019813192486057 1.2583587105841318
97 970 -0.26777405528566456 -0.10891538154725075 0.04274515850116015 0.19288110348266785 0.6699025018564705 0.7769622231306048 0.8517162839775088 0.9401710503476788 0.9758906145247567 0.9772519998454805 1.0556186771391045 1.1350231799219297 1.2019813192486057 1.2583587105841318
98 980 -0.26229657681592544 -0.10420086458699719 0.05790594943119835 0.20560637101269 0.6699025018564705 0.7769622231306048 0.8517162839775088 0.9401710503476788 0.9758906145247567 0.9772519998454805 1.0556186771391045 1.1350231799219297 1.2019813192486057 1.2583587105841318
99 990 -0.2757704288262673 -0.0948690981666003 0.0624175604978932 0.21253277787661984 0.6699025018564705 0.7769622231306048 0.8517162839775088 0.9401710503476788 0.9758906145247567 0.9772519998454805 1.0556186771391045 1.1350231799219297 1.2019813192486057 1.2583587105841318
100 1000 -0.2974582006329436 -0.1032527837286958 0.05245951769975356 0.21554798178502124 0.6699025018564705 0.7769622231306048 0.8517162839775088 0.9401710503476788 0.9758906145247567 0.9772519998454805 1.0556186771391045 1.1350231799219297 1.2019813192486057 1.2583587105841318
101 1010 -0.31266068086636994 -0.09718323570169202 0.050885049631303754 0.24485231936848983 0.723476621701848 0.7364711239453174 0.8495075694832649 0.915206159913904 0.9684379465935863 1.040605097859907 1.0919841466692197 1.132261385483389 1.173820519346252 1.2255184928533231
102 1020 -0.31502644613252617 -0.09027799386606251 0.05521405683641429 0.25353656929191876 0.723476621701848 0.7364711239453174 0.8495075694832649 0.915206159913904 0.9684379465935863 1.040605097859907 1.0919841466692197 1.132261385483389 1.173820519346252 1.2255184928533231
103 1030 -0.30544032458125925 -0.08789768653333346 0.05005042148585194 0.2401794850075018 0.723476621701848 0.7364711239453174 0.8495075694832649 0.915206159913904 0.9684379465935863 1.040605097859907 1.0919841466692197 1.132261385483389 1.173820519346252 1.2255184928533231
104 1040 -0.3020933890742329 -0.09207619498645712 0.05511111388327394 0.21858647463179953 0.723476621701848 0.7364711239453174 0.8495075694832649 0.915206159913904 0.9684379465935863 1.040605097859907 1.0919841466692197 1.132261385483389 1.173820519346252 1.2255184928533231
105 1050 -0.2864888485021013 -0.08653144677135785 0.030402413391023456 0.20431832637389755 0.723476621701848 0.7364711239453174 0.8495075694832649 0.915206159913904 0.9684379465935863 1.040605097859907 1.0919841466692197 1.132261385483389 1.173820519346252 1.2255184928533231
106 1060 -0.2791778279494498 -0.09577567076854858 0.039759160446346996 0.23730959521525774 0.723476621701848 0.7364711239453174 0.8495075694832649 0.915206159913904 0.9684379465935863 1.040605097859907 1.0919841466692197 1.132261385483389 1.173820519346252 1.2255184928533231
107 1070 -0.30391384089288775 -0.09145179379162727 0.03914459797981673 0.22832416850918055 0.723476621701848 0.7364711239453174 0.8495075694832649 0.915206159913904 0.9684379465935863 1.040605097859907 1.0919841466692197 1.132261385483389 1.173820519346252 1.2255184928533231
108 1080 -0.28630186517425854 -0.080807357136618 0.042264451594161506 0.20246868305348417 0.723476621701848 0.7364711239453174 0.8495075694832649 0.915206159913904 0.9684379465935863 1.040605097859907 1.0919841466692197 1.132261385483389 1.173820519346252 1.2255184928533231
109 1090 -0.2861916975579202 -0.08161366426749771 0.0407247384299395 0.21390254262645958 0.723476621701848 0.7364711239453174 0.8495075694832649 0.915206159913904 0.9684379465935863 1.040605097859907 1.0919841466692197 1.132261385483389 1.173820519346252 1.2255184928533231
110 1100 -0.2985108322314022 -0.09203188806690758 0.05366218493379035 0.19864479598392318 0.723476621701848 0.7364711239453174 0.8495075694832649 0.915206159913904 0.9684379465935863 1.040605097859907 1.0919841466692197 1.132261385483389 1.173820519346252 1.2255184928533231
111 1110 -0.2663136779745056 -0.10682891217798403 0.051729616595697005 0.21944206807504277 0.7007596903747032 0.770839055711489 0.8580512873672519 0.9191461312590912 0.955045582807011 1.0051091770073566 1.0487626788044526 1.1293836250427474 1.1980132832938675 1.2651713343712319
112 1120 -0.281763593193622 -0.10939952536059219 0.06285107191938985 0.20494522676418017 0.7007596903747032 0.770839055711489 0.8580512873672519 0.9191461312590912 0.955045582807011 1.0051091770073566 1.0487626788044526 1.1293836250427474 1.1980132832938675 1.2651713343712319
113 1130 -0.3083836173025384 -0.10072957088487194 0.05395422646199782 0.22905113170444974 0.7007596903747032 0.770839055711489 0.8580512873672519 0.9191461312590912 0.955045582807011 1.0051091770073566 1.0487626788044526 1.1293836250427474 1.1980132832938675 1.2651713343712319
114 1140 -0.3163408813930053 -0.11168427316483098 0.05328772282100814 0.18075404600850492 0.7007596903747032 0.770839055711489 0.8580512873672519 0.9191461312590912 0.955045582807011 1.0051091770073566 1.0487626788044526 1.1293836250427474 1.1980132832938675 1.2651713343712319
115 1150 -0.30475680071863215 -0.10279433315849373 0.06064255242732873 0.1853613426919757 0.7007596903747032 0.770839055711489 0.8580512873672519 0.9191461312590912 0.955045582807011 1.0051091770073566 1.0487626788044526 1.1293836250427474 1.1980132832938675 1.2651713343712319
116 1160 -0.3136244568778424 -0.10622056679787466 0.073006519289037 0.19259087163089156 0.7007596903747032 0.770839055711489 0.8580512873672519 0.9191461312590912 0.955045582807011 1.0051091770073566 1.0487626788044526 1.1293836250427474 1.1980132832938675 1.2651713343712319
117 1170 -0.30421326055519865 -0.11150651713473758 0.05347719069108157 0.20144766445161888 0.7007596903747032 0.770839055711489 0.8580512873672519 0.9191461312590912 0.955045582807011 1.0051091770073566 1.0487626788044526 1.1293836250427474 1.1980132832938675 1.2651713343712319
118 1180 -0.30432734194035144 -0.10692714320193208 0.03768321153388059 0.21474963744705178 0.7007596903747032 0.770839055711489 0.8580512873672519 0.9191461312590912 0.955045582807011 1.0051091770073566 1.0487626788044526 1.1293836250427474 1.1980132832938675 1.2651713343712319
119 1190 -0.3295732575774947 -0.11432422937349807 0.047681542958229656 0.22320892892568464 0.7007596903747032 0.770839055711489 0.8580512873672519 0.9191461312590912 0.955045582807011 1.0051091770073566 1.0487626788044526 1.1293836250427474 1.1980132832938675 1.2651713343712319
120 1200 -0.3338505386278735 -0.10165278201726341 0.040408897739044436 0.2281032860491695 0.7007596903747032 0.770839055711489 0.8580512873672519 0.9191461312590912 0.955045582807011 1.0051091770073566 1.0487626788044526 1.1293836250427474 1.1980132832938675 1.2651713343712319
121 1210 -0.31593016786070305 -0.11763145740818717 0.040414184477389425 0.26045949872996876 0.6410834747537112 0.744152780480055 0.8468273100464329 0.9138355110679878 0.9447477293083483 1.0217373479086882 1.076083421179374 1.1617195116168229 1.2232278343914735 1.2420576538103996
122 1220 -0.3443793898848804 -0.11878755153036416 0.02845008567531467 0.2544046583618705 0.6410834747537112 0.744152780480055 0.8468273100464329 0.9138355110679878 0.9447477293083483 1.0217373479086882 1.076083421179374 1.1617195116168229 1.2232278343914735 1.2420576538103996
123 1230 -0.3527412686804721 -0.10877813318964688 0.042502223238551295 0.29560590992016256 0.6410834747537112 0.744152780480055 0.8468273100464329 0.9138355110679878 0.9447477293083483 1.0217373479086882 1.076083421179374 1.1617195116168229 1.2232278343914735 1.2420576538103996
124 1240 -0.37302517341361185 -0.1035694097919759 0.06378557294979391 0.2493518036565842 0.6410834747537112 0.744152780480055 0.8468273100464329 0.9138355110679878 0.9447477293083483 1.0217373479086882 1.076083421179374 1.1617195116168229 1.2232278343914735 1.2420576538103996
125 1250 -0.37328562647671715 -0.10856954634732402 0.048420905606222205 0.2341663496840271 0.6410834747537112 0.744152780480055 0.8468273100464329 0.9138355110679878 0.9447477293083483 1.0217373479086882 1.076083421179374 1.1617195116168229 1.2232278343914735 1.2420576538103996
126 1260 -0.36006110974151806 -0.11038557568157946 0.05310002073384471 0.2284952446936552 0.6410834747537112 0.744152780480055 0.8468273100464329 0.9138355110679878 0.9447477293083483 1.0217373479086882 1.076083421179374 1.1617195116168229 1.2232278343914735 1.2420576538103996
127 1270 -0.3381497685628412 -0.0709120270750865 0.04951897130894028 0.2203760324039922 0.6410834747537112 0.744152780480055 0.8468273100464329 0.9138355110679878 0.9447477293083483 1.0217373479086882 1.076083421179374 1.1617195116168229 1.2232278343914735 1.2420576538103996
128 1280 -0.32517760367781556 -0.07665650365453275 0.03152175579736865 0.18320907563468466 0.6410834747537112 0.744152780480055 0.8468273100464329 0.9138355110679878 0.9447477293083483 1.0217373479086882 1.076083421179374 1.1617195116168229 1.2232278343914735 1.2420576538103996
