% # columns="iter, evals, sigma, 0, fitness, xbest" seed=982398, Wed Mar 11 16:01:26 2020, <python>{}</python>
1 10 0.20129147856806817 0 2.6635803282721615 -1.0320463499225532 -0.4433531157931624 -0.8113126494858707 -1.078007227894261 -1.0599638442223276 -0.8750605518396468 -1.182319278765335 -0.5950767872672011 -1.0076461164144774 -0.8383362600636612
2 20 0.20198300635381547 0 2.4740597971385814 -1.1790322934750477 -0.9253461683784675 -0.7074893468571002 -0.7121275196123318 -1.040688567900368 -0.9296792200008178 -0.9558659739475102 -0.6731127008742833 -0.8125101423188827 -0.5752287965691436
3 30 0.21859257893409342 0 2.2250335679358852 -1.1665795593891806 -0.9560320692373139 -0.44747293071074284 -0.6262639329083365 -0.6955253196490028 -0.753624491634873 -1.0432561915796517 -0.7718556246333406 -0.6567497015982378 -0.7350777289508157
4 40 0.238732782392236 0 2.133925161094269 -1.0754737526150402 -1.0626507973918158 -0.25574115728005664 -0.5063094485111639 -1.2227341533444398 -0.791836511966555 -0.7330512744832934 -0.7456201158008576 -0.40490788531642485 -0.6690912495365501
5 50 0.27605373063720867 0 1.6421436226821073 -0.9714173644296226 -0.9432053747718514 -0.0759153847469308 -0.13280659515855797 -0.7333263125534226 -1.1946312137798447 -0.46972626157349084 -0.8965995528847301 -0.38548999421754576 -0.0323727526441443
6 60 0.32695858149136003 0 1.231156628362659 -0.8431004605986668 -0.9728825725054049 0.503809409622716 -0.006332511743053659 -0.8424822886200194 -0.6265688985381405 -0.5758690037596463 -0.7002190849327328 -0.06865165392789904 -0.2627129846395819
7 70 0.394817784744078 0 0.8382808686990963 -0.2300615172478051 -1.0157629148252625 0.42972204527238167 -0.10783424874120749 -0.5327295628139439 -1.0290473391107384 -0.2738279194327088 -0.4415567581383213 0.012336615617835472 0.2218761108435407
8 80 0.4572808322062515 0 0.5342265677378281 -0.09298383124624476 -0.1718263766731476 -0.006193857819316639 0.03877941767985332 -0.49542317055113155 -0.7623767058401459 -0.9599726890177681 0.13243964919123707 0.06505795718484496 0.14516723899915185
9 90 0.5135114633944597 0 0.3102902804666803 -0.3551996617531221 0.006786833148328841 0.4933087441630243 0.020490804058725727 -0.6666453514610325 -0.6749413024076856 -0.3028852821727756 -0.26103817405616336 0.6125507344329905 0.3419965044269011
10 100 0.5672913376627217 0 0.151679468102327 0.4436052152910134 -0.2586549763948373 0.6078996881163261 0.6447510236633414 -0.27672682177578367 -0.1742938343178621 -0.47498143961157735 -0.14391157993942155 0.4319795799013302 -0.052791365242404215
11 110 0.5744742673451512 0 0.2047864322396979 -0.05766373136835223 -0.08289149139704272 0.8320166989650248 0.4090677541663489 -0.47066506866837776 0.4544182625662309 -0.30250306488123974 0.12267197010372502 0.28300377852052955 -0.7852490937809857
12 120 0.5508919994978763 0 0.19163649199612395 0.5048421702202708 0.20721824791444063 0.5817691772116109 0.23860401086853034 -0.44465430474704604 -0.3142499590516855 -0.3046356041641433 -0.02678407158466914 0.14667624072957255 -0.7631542083341529
13 130 0.5451880921372213 0 0.22788992940516575 0.3023829580097286 0.09677881564719744 0.88147505242984 0.7163114948149173 -0.09296952381809614 0.6760579445092535 0.14132666566140273 -0.0012841734391648568 1.3301669099050402 0.40833425674107404
14 140 0.5338468918859719 0 0.06558738560691199 0.07710881022412527 -0.21857211227547893 0.207261848386544 -0.2408365313623072 0.29858242935784834 0.24668657472699523 -0.06801813326219976 -0.5525859778496448 0.3387734474669857 0.03535797562567476
15 150 0.5258481541512667 0 0.06603970224520822 0.32635623741466024 -0.5068736152004475 0.14326938311797527 0.09600245177093872 0.5503664811770512 0.08724893304074088 0.15794024492971317 0.06940441469092579 0.04152438649477008 -0.005446005381397501
16 160 0.48195486895988277 0 0.1264367045233241 -0.1406160419569608 0.11714809133188392 0.772688787439449 0.07357920698078672 -0.1797278538080409 0.18367667747203187 0.39623240531884213 -0.684137777611572 0.10542005626899506 0.031904461272222545
17 170 0.49185685172767235 0 0.17430553120881018 0.5425175273355516 0.8685112077920629 0.3414574049096313 0.41747705056985385 -0.04875824269736315 0.0467861796269165 0.18907449625146944 -0.05926496166418674 -0.47140458371830285 0.7420981625981062
18 180 0.4975930675780668 0 0.14372271146512375 -0.027853166996548107 -0.2333176654713774 0.41324271813853086 0.37779900395926536 -0.27629536436458035 -0.02592897326314314 0.8047261080766094 0.2618884119674079 -0.2122790075848736 0.6449443252882437
19 190 0.4564040270139631 0 0.14318059059850144 -0.6702127638032063 0.39728117915521194 0.5164330186303517 0.17073325950872756 0.2802248325585436 -0.12323580326749263 0.4562024848394184 0.2295194258120414 0.04581708231188186 0.6558973175453937
20 200 0.44732458634556554 0 0.09653850117765238 0.531682131977163 -0.08469898705215281 0.23797297820688018 -0.2744067679678847 0.11439176883524774 -0.023499370670654607 0.3069907923567864 0.27415251992787537 0.3461956574899945 0.8240194550400582
21 210 0.4148442734827064 0 0.06035119528678657 0.4425765707632013 0.8096642776776324 0.3686072989204217 0.18217898433391327 0.054563787539476265 -0.05223630238709917 0.26333188348491676 0.3024138881728906 0.4258146207208034 0.6442712598863943
22 220 0.39515287928617154 0 0.10822257314561666 0.016094456719563777 0.416135808608592 0.382156591549137 -0.17980527357037185 -0.3859888714980072 0.4448361479698013 -0.1917512290167074 -0.3345886121430911 0.29235856101391444 0.4734684469047936
23 230 0.36238736687091444 0 0.08202408668929811 0.5163642956939389 0.09877058968794278 0.5338301899044966 0.46725675381310233 -0.2497092529424709 0.08013262173637993 0.22499443844621514 0.07778270906302631 0.6626547224685799 0.4665100916778154
24 240 0.3137753935621824 0 0.061389507189626866 0.10549283036186216 0.4086775395138603 0.4008064086309252 0.10588620055066106 -0.003914561445950551 0.23456272346681065 -0.06084095173452839 -0.047434920242964335 0.6641469012146348 0.5739925188906686
25 250 0.26909615605624415 0 0.05727079121334363 0.13895909027612752 0.08549075278837776 0.5240781133196716 0.23855403630880062 0.29899295320988617 -0.08038601568456219 -0.03438854084731008 0.44957325591680614 0.5907367075193763 0.5170840457922179
26 260 0.24579499544587582 0 0.023293778656844684 0.03467692331585101 0.0909717484175135 0.13364641647343894 0.11989238960651608 0.14975251196816358 0.0011266984971091965 -0.07690004274651052 -0.21827529605281712 0.3539829704826383 0.35208279252735614
27 270 0.22828210165068769 0 0.015179286633419352 0.213661759636803 0.3007943834047816 0.16850454150194938 0.25161227389234125 0.22471236695103036 -0.0027939857430525905 0.0003100758618521896 -0.060825489834498196 -0.1493669014155521 0.16803689713500797
28 280 0.22195328098904463 0 0.018835721618762007 -0.06457872170189868 0.2232661781310078 0.12306842247088984 0.4225701879384054 0.23279541642139648 0.16391413709250655 0.18802365942142168 -0.11470840930830896 0.026218377577153097 0.26336101957515684
29 290 0.22362881719642602 0 0.0020937881214506057 -0.08627745165180424 0.3070022174609325 -0.04000900202893859 0.12577235803864056 0.012253442226854205 0.1596680876023429 0.13952941864299537 0.15136643384702023 0.09985255374650612 0.06795513974500145
30 300 0.20820456079740465 0 0.02052797123552587 0.036377508925114 0.16560388773735712 0.35795615283707727 0.09233597495333126 -0.22322506095402428 0.03804303243330957 -0.017087853487190746 0.042741384270539126 0.14463141803070062 0.2655573683230917
31 310 0.18391241762195218 0 0.006141213885316626 0.2642503438387009 0.28133525201994036 0.1432019077592763 0.00797283484162746 0.25735007252270903 -0.0009520440258327205 0.07520151689139172 0.13582657083314462 0.14944022611768257 0.24492215568597073
