% # columns="iteration, evaluation, sigma, void, void,  stds==sigma*sqrt(diag(C))", seed=1036457, Wed Mar 11 16:01:28 2020, <python>{}</python>
1 10 0.19805405213328625 0 0 0.19787007902199064 0.19859503335231343 0.19915414360228306 0.19912108010898275 0.20179281405502303 0.19771889787725164 0.19898049967567655 0.19523216165218615 0.19514848971446416 0.20030772463774782
2 20 0.20306090739812918 0 0 0.19847799643623854 0.20154829246320274 0.20722215977276465 0.20645820946955473 0.2057644844919358 0.2030848959426629 0.20161962840530956 0.20303646962715824 0.2005911884047943 0.203034170615941
3 30 0.21776241871677265 0 0 0.20553088211588308 0.21669725690044797 0.2229383558981126 0.22830933054903182 0.21382883925360702 0.21511716961256272 0.23365991633686906 0.21940501136820809 0.21446482329442335 0.2237600429776607
4 40 0.24450632312841972 0 0 0.22869660074548367 0.24210087796351284 0.252688800548349 0.26330118183515144 0.2409004593931439 0.24571773103790515 0.28279480691386194 0.24551180514736964 0.2375484010534526 0.2417228259344559
5 50 0.2753134075177696 0 0 0.25834927306886435 0.27624221708944385 0.2843269344022568 0.30055343847393967 0.27404796471786225 0.2763298402826689 0.32054537989404325 0.27824784496212646 0.2796067271829152 0.2691169198647646
6 60 0.320095765450565 0 0 0.2955399646012409 0.31869387170779967 0.3361383739414935 0.34739702893154845 0.3364011167054207 0.32095598649161117 0.3728073908349356 0.3231005928430794 0.3311709509658325 0.31637981277263055
7 70 0.4054761084665593 0 0 0.3812328118381203 0.40191226826066817 0.41750962682363896 0.44962801682851095 0.44164340420570225 0.40281021318404503 0.4650254617418274 0.40101464753495886 0.42230835442320125 0.40350673315223845
8 80 0.4887144112372932 0 0 0.45771593914498343 0.5005694087926239 0.49906424187010445 0.5295144222265615 0.5366262536981413 0.4838458191054047 0.5733842668043976 0.4723327239848612 0.5002784695693249 0.49335799335331826
9 90 0.5687283020348505 0 0 0.5282415675307625 0.5835630029906336 0.5718653004886005 0.6170446256620337 0.6086297345399844 0.5715088137516173 0.653951419659218 0.5517666179284342 0.5710223306538166 0.5696164720579078
10 100 0.5977382368326563 0 0 0.5458307735417133 0.6046587173615402 0.576681929030401 0.63239625113003 0.6323983453030866 0.5932914295791625 0.6800139598901482 0.5820402390032952 0.5921022577875795 0.5951920936739619
11 110 0.5938004418393432 0 0 0.5463645730364504 0.6086623340290976 0.5611254850087888 0.6216981311963323 0.6024330510581675 0.5869336017450315 0.669629995603906 0.5756435176802136 0.5829635004695526 0.5743047915036399
12 120 0.5560120605364604 0 0 0.5174371302328997 0.5629090540912304 0.5271070368048093 0.5618157232218797 0.5511491496482829 0.545712567694946 0.6233328017654516 0.5422418430067666 0.5394021688050318 0.529435736678322
13 130 0.5461456378355534 0 0 0.5068043738798674 0.5561096841323567 0.511244825116649 0.5241204182595748 0.5483552037375986 0.5392934678448432 0.6048206276433329 0.5247130846293945 0.5340373618587557 0.5151254418487936
14 140 0.5222741265958717 0 0 0.4840599990887421 0.5324955229785646 0.48323469534750146 0.4792104532350134 0.5205504340403209 0.5164835671741926 0.5536738674339898 0.49856912666025155 0.5045500901345521 0.49019362244257314
15 150 0.48025503426407384 0 0 0.44465053908807867 0.48229527918763887 0.4414553215520394 0.43988418413661057 0.46334343201328065 0.4595568618526933 0.49850611488433993 0.46513119088051824 0.4536767145249141 0.4523017581667183
16 160 0.4502398620093321 0 0 0.41352796640163 0.45071981052956234 0.4152523929988752 0.4047653808591601 0.4355095871845922 0.4245450192611212 0.4630491933182779 0.4288196202779797 0.4212294156012845 0.41949288020138553
17 170 0.44258205089368574 0 0 0.4051324933623529 0.44445518204587486 0.40603785225184896 0.4061371936074719 0.4167058749204508 0.4112098176177668 0.4517391398671438 0.4152151992586857 0.4042171644351222 0.4199085099903396
18 180 0.39851346291786643 0 0 0.36000935715391597 0.3949617809681471 0.36670542819423574 0.3654810504391851 0.3754072960481244 0.36121883269759636 0.3977465604675657 0.38226551368078526 0.35644515778173524 0.3749345498579417
