% # columns="iter, evals, sigma, 0, fitness, xbest" seed=951223, Mon Mar  9 13:20:08 2020, <python>{}</python>
1 10 0.18688258317754783 0 2.656512942963253 -0.646036793536742 -1.0523629860865222 -0.955698962781157 -1.0039456670667186 -0.7642725220042939 -0.9530128389184891 -1.004670148603216 -0.9930566696148495 -0.8897334323903341 -0.7322976859941648
2 20 0.19658635269258765 0 2.4266328402845843 -0.6121486268998337 -1.1978072766048744 -0.7948015267090982 -0.9820716221159626 -1.0047335667886865 -0.6213801177341378 -0.8874117780694943 -0.4904649850565361 -0.5952881076686241 -1.1304945992793167
3 30 0.21662118267406102 0 1.9484967472279129 -0.49216423928414754 -0.9739091279358196 -0.4033241329763858 -0.7781716263527998 -0.6682790209946744 -0.7374544240788765 -0.7170505551861306 -0.6480495732538214 -0.7262128344838229 -1.004859417807273
4 40 0.24531453209095844 0 1.8563831373057256 -0.48134396195628004 -1.1115509352714408 -0.489034887667872 -0.6561352059904604 -0.7280988478162 -0.27227552648636155 -1.0498251165343742 -0.4751892221186052 -0.45030280894787594 -1.0225029195095694
5 50 0.28446512110351596 0 1.4355383729749183 -0.3596281427068683 -1.2325462120000354 -0.12093813754233335 -0.8093654645549256 -1.0042469811742396 0.035066697450516215 -0.7657623791010258 -0.4485951907946466 0.4213662873669463 -0.644229738683868
6 60 0.32956873383526447 0 1.1609298856067545 0.005861108776558821 -0.9653659182398991 -0.6311038062641419 -0.33312676255910584 -0.7880884468106256 0.19939552171400554 -0.7985790462554647 -0.531709085697649 -0.13711786852728436 -0.4648517420014921
7 70 0.3485824976953681 0 1.0494311756483923 -0.588296146804418 -0.691151582500473 -0.26185770558825405 -0.2009542991355354 -0.48285694527649814 -0.7015832155993936 -0.12942277163371274 -0.4502037200808678 -0.17287883154158581 -0.7170791087845112
8 80 0.40768981769657986 0 0.489150614279766 -0.021796765306733912 -0.965561276213259 -0.16680597629247207 -0.08906894303604676 -0.37261264466761057 -0.7087582753794285 0.14962198674504934 0.12034331602533432 0.29284814071515197 -0.14688418548659
9 90 0.47975721566373497 0 0.22470518033737244 -0.1419259471432275 -0.615541536256839 -0.022368859020662824 0.4356771455886028 -0.16010353949416736 0.09624958690495267 0.7461684928195429 0.9051615024255236 0.5016922885826124 -0.19033862097155968
10 100 0.5324628629848358 0 0.268514777057003 0.46527270899264833 -0.2462271579805993 0.9273087807631185 0.4104283891700764 0.5835942004967478 -0.48313368029103276 0.07611567369693628 0.7306729161510332 0.34644748930695934 -0.5458489042671746
11 110 0.5635391473125533 0 0.3452042578528713 0.028464823954184204 -0.8360441182186733 1.0031921803095445 0.5508574253079691 0.3970581001741523 -0.11550629162541362 0.3798482451424636 0.20954851873818303 0.674830214416191 -0.8006160859008189
12 120 0.5378540662514247 0 0.31381130863897744 0.3151930066493382 -0.5422331589888971 -0.35741877954806844 0.9647669624265998 0.44136413121923546 0.2038354790350944 -0.1735564936032346 0.09960139316871308 0.9238137442989249 -0.7546858863640499
13 130 0.5150831149939978 0 0.17679469360873806 -0.5117717835140024 -0.16681781590977385 0.06621661505764315 -0.5310194956385034 0.33979839064336503 0.5759028942062631 -0.11772076731449253 0.08627009305647575 0.07359623071963284 -0.377091834017807
14 140 0.5310435680380354 0 0.1523962842365218 -0.23665038815132866 0.25762250042832546 -0.19130014997007133 -0.6703359794059177 0.5468126718847909 0.5270931044029329 0.17475617954909528 0.23012100037214753 0.49377261270829875 -0.15702202183891056
15 150 0.4949544781226998 0 0.11368300959125681 0.15307767571283348 0.3235693126630759 0.4924566477008322 -0.47015775485727873 0.36540107307701597 -0.11591076473391249 -0.14889990278515414 0.22542923011407967 0.6131482060368025 -0.16385828634599897
16 160 0.44685314428910244 0 0.13571239888179557 -0.0767956531514255 0.1021275531111048 0.2695137475566247 -0.6814819602413835 0.4988780881467304 0.28110203362426556 0.31397135686878175 0.6013443849364671 -0.1994271234634445 -0.11189192969830429
17 170 0.4104824222301342 0 0.13004872568998074 0.10512127616122816 0.3011314043418139 0.553397671915251 -0.7070107608368215 0.35648940863464373 -0.03544187739598861 -0.2452925343665365 0.02679675752956695 -0.21638438669301052 -0.2734219591671885
18 180 0.3747356419797425 0 0.06360777958717317 -0.2549910441258503 0.17746389074589755 0.6262785452406836 -0.27410844033202475 0.16465167541069764 0.09269949304922437 -0.1979230565913283 0.0981083187352629 0.028132290953024885 -0.007748322993595402
19 190 0.35876420368661177 0 0.10850201934143532 -0.2423216390755752 -0.2820456570619473 0.7434097745100725 -0.267804454488164 -0.0288763361787871 0.05613500619020714 0.1802559628661202 0.3032217658065963 0.3936832594061325 0.3413406567177637
20 200 0.3720448951053678 0 0.07325017377471683 0.24235683383551565 0.2020883724576711 0.4825387125302732 0.40783314342543087 -0.15271352204669653 0.3085940359514029 0.6528474934362667 0.7126493070403603 0.1936566005394756 0.6700866842084932
21 210 0.35434396607155416 0 0.02500138998414829 0.37824842855781127 0.24861177950799113 0.04538894780435815 0.07409410240426029 0.3688376822463736 0.13808914806199726 0.29572648389160316 0.16306390969735718 -0.17116919231308142 0.1646316356145041
22 220 0.32405362529860143 0 0.025036510462988645 -0.022026369761113607 -0.2566023517743269 0.1540016799261837 0.1240472217416772 0.2171573276517608 -0.10277067311902563 0.17389673541656345 -0.08978045203434151 -0.24302716344836056 0.05476273494379599
23 230 0.30130103414078324 0 0.05667701563428216 0.4254423383160839 -0.11326189185846496 0.2628693818465384 0.3980173593646683 0.6373634564084618 0.25254796126231616 0.4311532372767204 0.23301984271528633 -0.10606597920571986 0.2894935101257015
24 240 0.29155620791065934 0 0.030402006344306513 0.33532451106000827 0.06481351286562195 0.13194062483094876 0.3485842759157126 0.3035873851406259 0.35615790144826215 0.7206949837295946 0.2926138465419781 0.47577522640296893 0.4486242127223535
25 250 0.2700259283985995 0 0.02499497394835609 0.27775971043812187 0.2215051284948845 0.2876966293796541 0.06460959516159992 0.09854712166334417 0.5093842282241722 0.4619206160954139 0.5212694775328529 0.37670225034754945 0.5048701592220426
26 260 0.2585361032070714 0 0.03314881790919954 0.15184936144977645 0.06153528471927574 0.41784868537161535 0.2982301450921402 0.34682007777496593 0.2542670779543291 0.569133402613978 0.3085520752104744 0.5941990530007595 0.017146929358676233
27 270 0.24171812497014808 0 0.02968150463724793 -0.010410669436628134 0.367459119406391 0.38904513425474935 0.05776092622424667 0.3809243831932248 0.3486282871101386 0.3888582534199436 0.6135803159926255 0.41361632267683474 0.20879953182427594
28 280 0.22261731015839872 0 0.009037924197058404 0.1722518821240756 0.45306129720193694 0.19429350725309852 0.061916778743826686 0.40634581689696936 0.21029792576056375 0.29207924243066075 0.20080237140694374 0.3674177657537424 0.36112351034505297
29 290 0.20891963927669252 0 0.012209594141666577 0.2864126717269903 0.10973575911731878 0.159181179106322 0.34743673105658424 0.2469213899852085 0.3077925679418863 0.20976083974000154 0.4234080755577888 0.4536829866524668 0.13623866791023426
30 300 0.1911027892612786 0 0.01159049988201677 0.21497240341665624 0.20130638356422145 0.27626490578387125 0.2549902299075816 0.10089530677288344 0.10676880736381697 0.4608851401965624 0.3630911246830133 0.3884196984593312 0.137931092981046
31 310 0.1813221499840774 0 0.008514308744521762 0.222297654491187 0.26715932618474286 0.12647089688364485 0.17418462413577793 0.002293318114230586 0.2401540868254845 0.39678167834023065 0.24673474439217924 0.4407842043476876 0.16913122748899456
32 320 0.1676783582483507 0 0.012686449150177033 0.16008729729010635 0.2904025802188734 0.08184406189472265 -0.041403490697215495 0.10293781120200918 0.0710599642053048 0.1828814902833938 0.3725684806649487 0.10073729257938374 0.2229055454352562
33 330 0.1474371043717395 0 0.0064468664540621445 0.16602564682110238 0.23582890701541986 0.30206105551305096 0.27474003122877483 0.3621498192056215 0.08009720939000761 0.38163797207879835 0.27178193115877247 0.2593504305418681 0.19513501580184237
34 340 0.13333247617850452 0 0.0037938941394083173 0.15636303444334423 0.3713329630677302 0.05454059136372186 0.1810173678818119 0.141950628476133 0.2024504850576075 0.17900216778258388 0.17760830107594167 0.24331130738714635 0.33271270773840744
35 350 0.11746296143874746 0 0.0006084663157466252 0.1784575828000367 0.3201599129239896 0.16558211691279318 0.17153839884002317 0.22634759110837946 0.2559801368779605 0.2504217791412835 0.0941583707514288 0.246802432265749 0.24218999366645755
36 360 0.10506995946298939 0 -2.8445103686862196e-05 0.240591280741491 0.2546483564600278 0.1929480982140144 0.3512942791541869 0.11613530266205478 0.1374608037416023 0.2595858849363326 0.1743581062859765 0.2600873862075328 0.2892715722021106
37 370 0.09666156092575427 0 -6.883158985165953e-06 0.0956133146286145 0.23336256578644615 0.12688285188921747 0.236928835965947 0.17762254438888636 0.15240692114896368 0.23097557642215627 0.14966552496548102 0.20784239071009797 0.13921521737659634
38 380 0.09185392027824037 0 -1.9011781312840755e-05 0.2827252067384518 0.17894359726283776 0.18534945820444165 0.34555405714280674 0.22325242482771257 0.3244309413359801 0.2305119897033367 0.17213420485880962 0.21936756081171094 0.05701438719838772
39 390 0.08912862748603848 0 -4.7368980941175095e-05 0.271340117549732 0.12965733921714673 0.21413438090365408 0.29038902612599415 0.22787035448453524 0.18631653213568883 0.32892199346043377 0.22755224922517392 0.1353687338645963 0.19832385852527795
40 400 0.08585878567413932 0 -8.608776479595978e-06 0.1474120525827564 0.1973026319355811 0.1295146978641801 0.2138764987950563 0.1786746067521343 0.12993104256621807 0.23642232932244425 0.14041901240975774 0.14129710489291528 0.11705231628662247
41 410 0.0845812773855224 0 -5.039681146335176e-06 0.19971299240145104 0.08777952754976721 0.16681254423787018 0.19730392678472883 0.08095246602714445 0.1884675168685283 0.08720852421103523 0.0057236964425178005 0.06597045912568814 0.1387408457354736
42 420 0.08495633425570054 0 0.0005163274569489756 0.18273381747851808 0.12576119749054507 0.2305884795374029 0.13324087330717702 0.16198410964994372 0.14531009662300678 0.16933790607856253 0.07544937703960222 0.09393170952179936 0.18365704720492607
43 430 0.08140322220797305 0 -1.8225346086397368e-06 0.102797670908027 0.1215537521982187 0.1259015442671615 0.07420845966944722 0.10666251485161397 0.22788324559044704 0.10942339480228758 0.043627032170169514 0.11831667386989653 0.14219387701820912
44 440 0.07350845724795908 0 -3.2836964598116255e-05 0.14853439433404045 0.14024562747303768 0.1776232261242213 0.27244168226349985 0.2672971005645718 0.2136528220619191 0.32282031968909974 0.28525284096082926 0.19373422647608368 0.1662759157116777
45 450 0.07140860793526976 0 -1.2216808090447429e-06 0.16554224347316665 0.18286839668165406 0.2458831844198096 0.25314024569246196 0.19957022394261584 0.2377400271867935 0.21657331278112057 0.17426350975961793 0.10326883324380885 0.1584244198482049
46 460 0.06815604441514674 0 -3.904944199068038e-06 0.12897625370932217 0.08491539215933121 0.13196704141372392 0.13021753821632712 0.17107220878228224 0.23579648106404325 0.12458055346619337 0.11563776944951074 0.09614370361966959 0.08936650953034221
47 470 0.06445149939675093 0 -1.1099891991432894e-06 0.11931017809108942 0.17929776672571326 0.12343421338856025 0.14285143871176154 0.09362817030874832 0.24904362832255203 0.17464605103784464 0.16871457348470814 0.06532221299975878 0.14875069897261103
48 480 0.06232189751051485 0 -1.8278129176483184e-05 0.17227450674459224 0.17336491710052698 0.1562646851322999 0.1271900625688519 0.1400963136033488 0.20698206772152156 0.23579178432177803 0.176028126196916 0.16580800823464706 0.19106872891424853
49 490 0.06353455487831898 0 -8.286469571990016e-06 0.19886642786597344 0.1649171974240811 0.183586789776768 0.2093093956861793 0.1696371112960051 0.17466631696928506 0.19044556343139726 0.1841773761526085 0.21288106717524935 0.1260735058288865
50 500 0.06319198898560609 0 -5.565104272122852e-05 0.2640314152797248 0.23186915912842312 0.1931386630619569 0.31059681206957884 0.19914851423789315 0.24398455010647674 0.2722748031544516 0.2450282838788223 0.21521904039052547 0.07304945867058339
51 510 0.05870099832085356 0 -6.0112859976592965e-05 0.22931884724066567 0.23482470500769348 0.2135523701371417 0.25868149036014787 0.1213325619712808 0.2852581657263555 0.2555492511269629 0.3123934047950505 0.22399979124217578 0.15009078900674194
52 520 0.051875206522673814 0 -9.524607581567385e-05 0.21929942823720977 0.19126904773758963 0.2143676848959085 0.2772594458601283 0.20556430477591056 0.22922275069402157 0.26468161411132013 0.20870384457034508 0.2508283821578276 0.15735627994175017
53 530 0.05163739004708023 0 -9.435584475998724e-05 0.15789800144293878 0.2773591662498294 0.2325296409747096 0.20809640714745758 0.21678544362358232 0.24782460496721193 0.3024391482278062 0.24898007875825318 0.20390559971788944 0.17709008337413082
54 540 0.05296829774250499 0 -1.3077922217194875e-05 0.11883390167020372 0.23881367503800222 0.16860084016316515 0.21212397425933896 0.22744487028051721 0.22029587641362172 0.26288710472660054 0.1903199280222517 0.17845972827153797 0.2083449031484497
55 550 0.05110738092232143 0 -2.2244134777373685e-05 0.16434742447860695 0.20918379172069512 0.1754796775159201 0.17278815881383214 0.16957199609147228 0.22240742305097827 0.18863695801616853 0.18521788139521575 0.1987609450856022 0.19213615927099917
56 560 0.05078426862778275 0 -8.722787204978012e-05 0.18945987871165665 0.30830791915275985 0.20446197674182548 0.22106485663885317 0.22989720868538494 0.25936445380141093 0.2573142895320888 0.21226238261095057 0.24961851925022355 0.18184655330204264
57 570 0.04601173545462698 0 -0.00010321627702900307 0.17843634080506718 0.2783981057697754 0.21068835176437714 0.18248443070457968 0.20454026766593494 0.2628425965660556 0.2503850207032031 0.26097061504530167 0.23977630888505275 0.2302016841727854
58 580 0.04499649870677498 0 -9.745701578794548e-05 0.1733731803181644 0.28573118903996303 0.15712847949358158 0.23250401335630158 0.1915943144301712 0.2574569528176504 0.21678161160652626 0.23836225618429052 0.2547590320100581 0.22632764555768403
59 590 0.04520998059517486 0 -0.00010633007997055601 0.2042291648683825 0.22503031037388765 0.17204127326124924 0.2573446786699055 0.2144315559580002 0.28328009771210405 0.22859654060965445 0.23881188786044177 0.2279034125596584 0.25391287890002856
60 600 0.0423136208534631 0 -0.00011972568470224433 0.1992490688694137 0.23159390238786154 0.18103976118917292 0.25558967330553994 0.20224787479151488 0.23333491036437976 0.2268564655788698 0.23051856315757144 0.2667921892834853 0.21626338921395408
61 610 0.038454361268045266 0 -0.00011397791296057863 0.22502227963900936 0.25111244869346666 0.19551515990996624 0.24972494560725866 0.2022997851786291 0.19870150695288907 0.18590542378868002 0.23649146373023508 0.2770720437570388 0.21745674700614245
62 620 0.03866492952485981 0 -0.00012586695418015094 0.204422118081121 0.2527567464290847 0.2182255127828025 0.2503281775152247 0.2385862108388303 0.24635707448757196 0.18237807528282138 0.2400440458138694 0.23610610779254798 0.21676761525905539
63 630 0.03821536567604693 0 -0.0001223761977195224 0.23008012510333573 0.25407266415914653 0.19753913657955713 0.2278068712789803 0.24909361894783297 0.21414218811907593 0.1801310340999946 0.24468880006748064 0.23682584309701213 0.21028020953980603
64 640 0.036454434935459606 0 -0.00012379181017827944 0.2171062671714482 0.24618834425086725 0.21356258636647713 0.2508347330369346 0.24201393526933923 0.2256105398952515 0.1737418114805181 0.2512355119294226 0.23159188733943362 0.201376048865624
65 650 0.0340664834854511 0 -0.00011875924209097982 0.20933525313691045 0.23516385560628777 0.1759138317209035 0.20498064094061166 0.2667828103090539 0.24712240163222585 0.20080161342128808 0.25995933132530596 0.24961551331875775 0.21136942649592325
66 660 0.03116926088738658 0 -0.00012915920573720627 0.2183316836555261 0.23836843819623513 0.21394028708361118 0.2071637139874899 0.2313175527606221 0.23925286986432637 0.20361140605730255 0.2733334253796972 0.23512242638893932 0.20607034076756042
67 670 0.03070388383389756 0 -0.00011621757181228238 0.22166215335434522 0.2193853639159995 0.23128028851428062 0.1955547948024796 0.2777598034107287 0.24263984838671113 0.1875423559705361 0.26331221952913697 0.24908446025383435 0.19437735356585698
68 680 0.02768829783366936 0 -0.00012705960400142887 0.23966348198379273 0.22955398931382157 0.20565586082513324 0.23692706741986175 0.23874870797843475 0.24967473889659808 0.20229336675565068 0.24459173992145994 0.24923513423193572 0.1931239914131195
69 690 0.024479384210915243 0 -0.00012217395122759655 0.21259270954950166 0.2304466776684835 0.20717243402463228 0.22950407310573523 0.2564555773067448 0.23632663498418538 0.20848077428183265 0.2301841081305437 0.23733098531009267 0.2062349044340462
70 700 0.023375999500761822 0 -9.114232491332272e-05 0.2301195186550967 0.23863518143594464 0.22009640117058968 0.2353302949809112 0.21935993752781424 0.25302814968524634 0.21327275728512524 0.22175609975960273 0.25702975247644383 0.22339866604097525
71 710 0.021940498087931946 0 -0.00013362575498346836 0.21441366996535313 0.23395073052115806 0.2215470252594565 0.22318868684097265 0.23827184515923516 0.2377239989579485 0.20365388131749798 0.22811808855970653 0.25880527721422975 0.22527416804931752
72 720 0.02167242048342875 0 -0.00013192988252777024 0.20350541890816712 0.22381737568362745 0.24280849266394391 0.22703361861418328 0.22090116126146922 0.22915995720217902 0.2107236400889113 0.2523697670616203 0.25322138813562306 0.2019015942333799
73 730 0.019891028536261516 0 -0.00013497981588417546 0.21808714472722068 0.24029208702147983 0.23423541491590458 0.2308134216176394 0.22468135499041453 0.23511056476954795 0.21380769349052292 0.24601545026201632 0.22949418182520015 0.19449875402006508
74 740 0.02190580334496122 0 -3.3499772405900964e-05 0.20933224176464854 0.2132377538207144 0.22339613805665315 0.2269312690038281 0.21982668116463466 0.2152715678001864 0.18800913376214534 0.2527065714588804 0.2296608843275399 0.21458438415365663
75 750 0.0215359279081574 0 -0.00012541563231686836 0.20444770890637784 0.2419189251906141 0.24030033074145388 0.20660961765549454 0.24855657690592065 0.24077879795243612 0.21186644512930436 0.23073661001226406 0.22471773914266557 0.1918744603082047
76 760 0.02147971307510471 0 -6.155749856796127e-05 0.23663840060309396 0.2326226828913058 0.23658219916651518 0.2371122607037927 0.24763378057283184 0.213349641643316 0.2037666028458719 0.2471595397609699 0.2321237722447377 0.21327928411539862
77 770 0.02249877334827829 0 -8.722783189445917e-05 0.2357513937513216 0.2265948018311288 0.25094026561092236 0.2277071411342004 0.2651776661021897 0.24187820097433815 0.1895526696242349 0.21695468232636814 0.21967128625053686 0.22108367786275007
78 780 0.022317241764715393 0 -4.713481116550694e-05 0.224615206467253 0.2326051005196843 0.22898433002396418 0.21896145524113636 0.2762508130425807 0.2513146962532097 0.20495284972609698 0.23579364734650635 0.22930741227588594 0.20643814548489242
79 790 0.02266297786164922 0 -9.304658481279711e-05 0.22493117704120355 0.20764474857635506 0.25139686246562104 0.21056128290918827 0.26314431293510016 0.2518855211945929 0.19995769346021816 0.22939207605267914 0.23102700672359136 0.21016352190843443
80 800 0.021410275899960668 0 -0.00010248323034438104 0.19665518632065512 0.22039675415815152 0.2464247236582826 0.20107500112236645 0.26574958535995064 0.24130336482089013 0.20618249102010636 0.2557496889753542 0.2257108704478477 0.21795132605296152
81 810 0.020624656962541663 0 -3.031478286799439e-05 0.23293866470055627 0.21690269843493645 0.2575595825556492 0.22576832138735337 0.29276513932100273 0.23210030818808788 0.20518429113648262 0.2579877849216137 0.21226772680954165 0.19963206855814555
82 820 0.020373525795494004 0 -4.981470241765109e-05 0.21178452018865274 0.21999194890223372 0.2321804649391044 0.23678074634653343 0.2851002692287504 0.24824504941632947 0.21030004937227584 0.2516810095184424 0.21955048842251934 0.20992883523756603
83 830 0.01921281587113351 0 -5.2358590303089933e-05 0.20772433307982063 0.20929579463631928 0.2523156868401081 0.21681696474049622 0.2639612732553307 0.24123292301786498 0.2259074511677797 0.24927100614179445 0.22184195102139498 0.22366388088203853
84 840 0.018139510576484604 0 -4.52912866165317e-05 0.2403896823340303 0.22896644934645038 0.25593324971652937 0.21962035955642112 0.2731114817459745 0.24444721201793188 0.19314368503938684 0.2309316468819727 0.22569334051328024 0.22106859226729086
85 850 0.01730959018004898 0 -5.269778935365662e-05 0.22223005755814418 0.22949451411309493 0.251726560460033 0.21810092949404153 0.25447199836326456 0.25812871557691836 0.2230886395731091 0.22603874888139683 0.22182917227371168 0.2028729885044102
86 860 0.015784968386581874 0 -2.9377206564990776e-05 0.2384178791227734 0.2223639127066056 0.2374498890936799 0.23931194582971685 0.25883864999299633 0.25387331612978314 0.21439562161679956 0.23997732185399448 0.22192830640336716 0.21765319208441397
87 870 0.01477114082241521 0 -6.748357020831355e-05 0.22605720933437323 0.21334362070089674 0.22693172866483574 0.2327905108232318 0.25946933900159413 0.2456830773081086 0.2113644334747014 0.23489263792325737 0.2340471295850676 0.22035403349606691
88 880 0.014221090881106372 0 -9.746537307753474e-05 0.23169411116468352 0.21812511787488548 0.23152862555927328 0.2392969660797379 0.23911861718115854 0.23991806452137937 0.20154863501942413 0.2464042495639074 0.23453809449897492 0.2128530509467542
89 890 0.01284425771512864 0 -7.10569926223924e-05 0.22856105880040792 0.22616325568214854 0.24141609317884424 0.22161600162641468 0.24790981805361229 0.24530244136361284 0.22385444701292587 0.23720949955958573 0.22298908991543032 0.21071603661550609
90 900 0.012639423038386128 0 -5.223746057755785e-05 0.23075626767590085 0.23709473806070286 0.23953052770275957 0.2190955567960673 0.260630681388012 0.2552348419031168 0.21132576303338968 0.2170776476800019 0.23449033751188653 0.2176290824992131
91 910 0.01235686742538143 0 -7.472657865374359e-05 0.23448259916324743 0.2295098878087118 0.2306825405866273 0.24170415863035366 0.23725823319251582 0.2509430544585786 0.2050540009003687 0.23285186463366567 0.22679568158076124 0.20988343027652753
92 920 0.012716933794933287 0 -6.615296873883588e-05 0.23107140660978895 0.23756158525302204 0.23257349620518608 0.23096598045737166 0.23352992357747784 0.25097664143941595 0.2139943892362299 0.22562174468252646 0.24028395804526576 0.20778199043833043
93 930 0.012598070663335688 0 -6.440178460745524e-05 0.22798556979502743 0.2294963585595512 0.2375530676454212 0.23714194890717144 0.24170254566841445 0.24748128391408428 0.21070588943105092 0.23251313808485657 0.2498707473751508 0.1991400943015452
94 940 0.011823325592957908 0 -5.883712959803504e-05 0.2186908122047766 0.24481449764433955 0.2393147137881682 0.22837275007440125 0.2414327653421745 0.2460337491948901 0.230361135917782 0.2392420565686402 0.23139240933286398 0.20277664282403668
95 950 0.011272045279786562 0 -5.763791022298418e-05 0.23103421838021548 0.23373078114988385 0.2396213215775869 0.23971870993220043 0.2380089333194712 0.2470784807400944 0.22198744782156626 0.23442558192991095 0.23547572588302687 0.2038979264438795
96 960 0.010742010489911753 0 -6.305672921993272e-05 0.23516659707060897 0.23673139248953826 0.24020475529651658 0.2317050337456491 0.23752849813911914 0.24242321388707191 0.21305256879175544 0.22486661892165138 0.23484744386064507 0.2084721268070115
97 970 0.011154403361699625 0 -8.68583618238006e-05 0.23114827970898005 0.23480388347097175 0.23949733861959815 0.23423751452335145 0.2386946884035188 0.23957782884062512 0.2163119553206771 0.22804914548903307 0.2241304405864778 0.22505731853303212
98 980 0.011818217936659598 0 -7.420532890255677e-05 0.2192332182856914 0.24483673687131274 0.24165671068704903 0.2388085807844644 0.23579100073795384 0.23442844506931315 0.2301786921842502 0.21718623587084973 0.22640396908747223 0.21687178058784584
99 990 0.011394068838512334 0 -6.992058454697671e-05 0.22397876009368356 0.23797145492709706 0.23025625980744147 0.2362526163923656 0.23259572413394658 0.24399684249307188 0.22246818675215757 0.22491915754048014 0.23829839001576386 0.21912705635481197
100 1000 0.011417222637474439 0 -8.094280464791453e-05 0.2341016052010315 0.23685434972145192 0.24056602692991041 0.23505165214955623 0.21751604004088687 0.23669730202780578 0.2269569672151467 0.22170143008994442 0.23852501414598948 0.2221872644469778
101 1010 0.011508927832223218 0 -7.086018745096485e-05 0.23175491430796133 0.235760720190731 0.24677066434698355 0.23079982011747344 0.2260560891271043 0.23583848429882567 0.22067940481221374 0.22301247867371246 0.24083359798379064 0.2205865248722274
102 1020 0.011499550511559846 0 -6.835799335164315e-05 0.2376848744617079 0.22922786091240616 0.2508492574784974 0.22898396419649256 0.23212084632186852 0.23168219760701636 0.22165769806539007 0.22791275688344173 0.2382703900091966 0.2230970226308613
103 1030 0.011510313100356221 0 -6.412377751905308e-05 0.22623008459138014 0.23543986153389782 0.2309573453551879 0.23553451492891167 0.23352112396153674 0.24010021472032794 0.2300772466345191 0.220533419787305 0.23784041301546752 0.2325368146892148
104 1040 0.011239156823869318 0 -7.353789262689312e-05 0.22032727106842062 0.23196377759964648 0.2362832386407443 0.2236538421036517 0.2346157098671972 0.23801248156406474 0.23499114780834118 0.22964228351553945 0.2361106306940837 0.22227701777523623
105 1050 0.010900078260503205 0 -6.800826146045327e-05 0.2276165610658035 0.23381744674146324 0.23288726150352157 0.22608379262636927 0.22710716395626224 0.24133595674683722 0.23798337301535852 0.2286961050071638 0.2401306121732837 0.2233484400009787
106 1060 0.010151268332707488 0 -7.068666871988075e-05 0.22265960142316057 0.2281527940024409 0.22868886707558927 0.23116839469645675 0.23095036658454898 0.24346630470338707 0.2273315547096849 0.2325798691207612 0.2366628603470123 0.23181887247729133
107 1070 0.009762886252906656 0 -6.530440845894623e-05 0.22470239805414027 0.23012973948715534 0.2362869103703566 0.22679652524070637 0.23989712082413422 0.23767079355266213 0.22580446746107194 0.23359937205926876 0.23695051970725742 0.2262139211785921
108 1080 0.009115937527695092 0 -6.135815780972615e-05 0.22451370919032132 0.231213631803686 0.23462585200793815 0.23103640703089667 0.2340018198765161 0.23611645491276945 0.22453524811127443 0.23119944559287953 0.2369752858074847 0.2339321141137013
109 1090 0.008413799189429213 0 -5.9020735805740116e-05 0.2277505689150493 0.22646612796072313 0.23871707845505394 0.22480427839501915 0.23542877317639446 0.23716979135936164 0.22966098475307342 0.23179457039944967 0.2284854199847304 0.23396960307160386
110 1100 0.008330806835611786 0 -6.862656837336334e-05 0.2292703549265843 0.22315321742213237 0.23289763852517348 0.22897929753929963 0.23371397441038363 0.23467838628177118 0.22403185270220904 0.23645206240512456 0.2314415026433899 0.23698080104486674
111 1110 0.008405207027609465 0 -6.598924541769507e-05 0.22517776026234257 0.22990572906843923 0.23350578031355312 0.23732922720670668 0.22385025800793673 0.23177564747104665 0.22748240458901162 0.24044405138404187 0.23276882195650772 0.22933581357079807
112 1120 0.00828494711356056 0 -7.244109413143945e-05 0.22196696473660862 0.2287714473308143 0.23684165847379524 0.23241461272155536 0.23154571940408358 0.23143338378679587 0.23153896672257912 0.23487713554884213 0.22978744834434048 0.23633036101087104
113 1130 0.007589969883937444 0 -6.388169482939146e-05 0.22851211843142252 0.22605101111773945 0.23188561772033953 0.23590510984642069 0.2257954163597038 0.23762429196769333 0.22712935229070777 0.23431703946005794 0.23655469413079325 0.23395967784080865
114 1140 0.007011333672327972 0 -6.1466132426474e-05 0.22492557307436678 0.23258423075672882 0.23287960949229466 0.2326552864514827 0.22822846477803038 0.22915263882198567 0.23282816675331983 0.23416210411485022 0.23544850187264582 0.2363513431656752
115 1150 0.0070514594391224115 0 -6.654933318343588e-05 0.23148215952986947 0.23212452149448598 0.22762214377457993 0.22554508708017207 0.23040278245855894 0.23983770404073373 0.227424164860233 0.231621309648883 0.2332011322821398 0.2350662374574823
116 1160 0.007098112525623478 0 -6.700696159671492e-05 0.23216413669502473 0.23063670748750129 0.23189774849680964 0.2333244059276411 0.23192569059763937 0.24065065361491614 0.22722367467556287 0.23025520004840153 0.22975191352267527 0.22674196998153726
117 1170 0.006648667860019649 0 -6.134048883399709e-05 0.2317988442869583 0.22902210001136727 0.2309334862646598 0.23012053371354588 0.2334667708427371 0.23374236277808919 0.22992586444522067 0.2337637833996308 0.23576801783426873 0.2333573611797127
118 1180 0.0066316373590354265 0 -6.215381180645595e-05 0.23596105093051842 0.23086596233552326 0.23352780840745502 0.2295981145630778 0.23130085709475906 0.23128582801121436 0.22772760524563604 0.22754860751022102 0.23886801417134468 0.23444559576743262
119 1190 0.00600626605748632 0 -6.116332128524218e-05 0.2301764742948874 0.22763306659138827 0.2337360680575532 0.23283775613252108 0.2305097117948186 0.23412790262453945 0.22962464436845942 0.23002619855902953 0.2362950173943427 0.23195725311663962
120 1200 0.005967505132807378 0 -6.207107348756155e-05 0.23515446390384295 0.2278182543296453 0.2368537223124431 0.23356159917397348 0.22775478736371224 0.2343347380712312 0.23050791581125388 0.22929497105671 0.23137279929557195 0.23413440120714857
121 1210 0.00539661306597299 0 -6.003072461729298e-05 0.2330647327246548 0.23181854466090826 0.23630388617527062 0.23252855037566664 0.22846770504236708 0.23203609279539505 0.23235914720730622 0.2304860231497581 0.2331247472636087 0.23035376016803696
122 1220 0.004599720857371081 0 -6.084674215658856e-05 0.23194429460423893 0.22841570522477564 0.23255493705144042 0.23200620062953775 0.2329210651668 0.23277952062915303 0.22888748434445766 0.23091741352153927 0.23402337379971277 0.23415233820246728
123 1230 0.004476593676229269 0 -5.943183416760466e-05 0.23041925733489618 0.2324355203643304 0.23677474129651224 0.23312269408679367 0.22891267924556183 0.234606751694143 0.2313318831289133 0.23147228655832947 0.23006428664068335 0.23235900820315905
124 1240 0.004172751809914033 0 -6.316134866841367e-05 0.2317099212672111 0.2328578800443225 0.23355524059292387 0.23148981967156665 0.23002497138508468 0.23428600162030036 0.2304463813949483 0.23374631766673648 0.2308931191277417 0.23024107004108244
125 1250 0.0039321249145081 0 -6.380737034387003e-05 0.2315895126569455 0.229574732414319 0.23412224775481474 0.23303274885022132 0.22860986588462157 0.23329794471176576 0.2297856429632094 0.23244484943612595 0.23149640744351704 0.23398696978433559
126 1260 0.0035470464534415012 0 -6.350319882055295e-05 0.23077425601363175 0.23181506572500066 0.23453959258378096 0.23216546964000673 0.22935764850118992 0.23241141285486458 0.23024184680316373 0.2327635425367339 0.23311002255099464 0.23072019692087653
127 1270 0.0035857020122444893 0 -6.171381694028933e-05 0.23316974043342723 0.23399692013868084 0.23310886291372995 0.23408792374012616 0.2297835363174147 0.23237246275820833 0.22940767341707255 0.23068238540690406 0.2316210653337273 0.23126506374126293
128 1280 0.003260410391878998 0 -6.317652783130093e-05 0.23100131096779364 0.2306948723224863 0.23277341353475448 0.2337412699684202 0.23108501960938832 0.23166328899673705 0.22950435139123737 0.2326552149527237 0.2301600838014309 0.23376510569488912
129 1290 0.002968162404105522 0 -6.332138794865707e-05 0.23119511217095132 0.23276075807135593 0.23348346758679187 0.23203174940941396 0.23229872694520798 0.229934578769626 0.22999180518442283 0.23151897154033205 0.23144393565376306 0.23322384968223306
130 1300 0.0027291170241724033 0 -6.257278875433276e-05 0.2313758175318354 0.23238971895867608 0.2331274207477474 0.2322029142753344 0.23081802687262093 0.2310038033374401 0.2297253113067257 0.2304262515370521 0.23160798008184275 0.23498495524244464
131 1310 0.0024422035360985197 0 -6.251756306929336e-05 0.2310026057137328 0.23190915490163924 0.23170371199427786 0.2312816196782503 0.23036259134699855 0.23187372052413693 0.23147788341281356 0.23200256395856006 0.23109535568637357 0.2345945754209009
132 1320 0.002268383326765717 0 -6.043548666322461e-05 0.23219823625576363 0.23063010896793984 0.23208278272442534 0.23238294278660507 0.23008070066515024 0.23136169794902303 0.23042827318182255 0.23263164538730124 0.23283556563351063 0.23446156501957915
133 1330 0.0020444783334225246 0 -6.501339546495956e-05 0.23042590217012843 0.23105923697632177 0.23195559920621933 0.2313196938531838 0.2315250100530353 0.23266795197326368 0.23210854889962076 0.23158949416246252 0.23168740269475172 0.23278642803583166
134 1340 0.0019072363603590385 0 -6.465194135777037e-05 0.23140895341991805 0.2325068198717161 0.23176294698252248 0.23211207633478048 0.23128742378595407 0.23142716474923902 0.2305733343852734 0.2305368983440803 0.23168514842852272 0.23312227910752784
135 1350 0.001750021408863808 0 -6.204992484529933e-05 0.23102578875119328 0.23219237722722322 0.23274152667897507 0.23188381202943403 0.22983739720837754 0.23164315541673017 0.2326259598042103 0.2307721625562316 0.23157383924079208 0.2334955332940357
136 1360 0.001740151920586624 0 -6.224864926663982e-05 0.23169758258703138 0.23124842694588185 0.23229968464688439 0.23206065994788633 0.23176390634113378 0.2297551962052171 0.23152505429041395 0.23172505220791087 0.23261022721573515 0.2334506480992612
137 1370 0.001682812492223623 0 -6.232167073756346e-05 0.23202954802719358 0.23139218797751349 0.23288896466018316 0.23206986279780992 0.2303651009620962 0.23113987982524728 0.23187971327661225 0.2310794861507096 0.2320597652613396 0.23341236033091328
138 1380 0.0015869051122642992 0 -6.255157591830376e-05 0.23195808822387595 0.23223254759736786 0.23303284252954443 0.23185976366808825 0.23136683639780048 0.23059535179040025 0.23152925362777116 0.23080006596869082 0.2327097416356343 0.23185835166192237
139 1390 0.001590665597844068 0 -6.24011071073489e-05 0.23242263877769107 0.23151199047589707 0.23231558442130185 0.231199132999252 0.2323260856656812 0.2311239603544018 0.2315602868531935 0.23090711880599116 0.2325076745270538 0.23234846944824658
140 1400 0.001556670433395652 0 -6.213922618069048e-05 0.23164252463296475 0.23191360920839132 0.23227953773638066 0.23137448738355543 0.23240478170633053 0.23058510406730914 0.23175224026604618 0.23158089380776745 0.23286852658701596 0.23211341415278258
141 1410 0.0015325032923774846 0 -6.165324842862061e-05 0.23249714249290243 0.23228496928022097 0.23258575005462356 0.23134389421128318 0.23319432440653617 0.23037282415785446 0.23121299755069216 0.2315764255256312 0.23238085585094645 0.23131642395177873
142 1420 0.0014583290761774731 0 -6.154067457684889e-05 0.23190659238197722 0.23151819599649956 0.2318452918769982 0.23254743378429543 0.23146099231863101 0.23127101168658393 0.23159176283276578 0.2315661595741621 0.23248262208106568 0.23237642112878568
143 1430 0.0013545341176707411 0 -6.186419277496514e-05 0.23112337701188662 0.23175569453108366 0.23166235833209822 0.23210094906976872 0.2312376014424959 0.23147812712501015 0.23258683927885115 0.23149080669628658 0.232821643962096 0.23242776308637902
144 1440 0.0012701078793129774 0 -6.212829368305979e-05 0.23185930702240184 0.23124391694751695 0.23203419925834834 0.23234227135172994 0.23210220512837196 0.23171975992839156 0.23170703721584643 0.23158981986477525 0.23206966247636893 0.2314138460727402
145 1450 0.0011920038061515534 0 -6.174659912482838e-05 0.23250825703179104 0.23140848842867176 0.23193446063019052 0.2322776535487393 0.2316307966312899 0.23168184517944937 0.2318283574604094 0.2312455226696941 0.2317658276011749 0.23232048641246542
146 1460 0.0010904144242465238 0 -6.251853230385422e-05 0.23145279591355952 0.2318477741041038 0.2315959199622231 0.2316350880889991 0.2321732435120386 0.23121066559165404 0.2319491898212592 0.23143474829768662 0.23254830166054244 0.23203343182305614
147 1470 0.0010238589013175558 0 -6.211640364761041e-05 0.23196833258432878 0.2322417976841307 0.23188849281284343 0.23174062445518903 0.23139264014200658 0.23196917158018657 0.23208463314714384 0.23109111266466825 0.2324860585075477 0.231368854227631
148 1480 0.0010108356892805485 0 -6.180395523814223e-05 0.2325384543716013 0.2321250229397164 0.23185136140259663 0.23177329944779912 0.23187073593271262 0.23157724405009322 0.23191254689107813 0.23089396879972235 0.23228763275522601 0.23207204741686005
149 1490 0.000984020160115451 0 -6.139974434988479e-05 0.23255300455444416 0.23145360740626436 0.23164909798110256 0.2319117491652596 0.23172960278426807 0.2318891621863145 0.2314615603048107 0.2317504376582738 0.23208737819877542 0.23228751929461258
150 1500 0.0009396042128995129 0 -6.207403596072976e-05 0.23238069509916115 0.23160395532511813 0.2315147905110574 0.23172697965591957 0.23242033070216 0.2318918497820904 0.23106185487762998 0.23183206214616675 0.2320742164850708 0.23193916248600713
151 1510 0.000940597775748958 0 -6.170766051840559e-05 0.23208126377271898 0.23172624084851515 0.2322467344024546 0.23183907921066263 0.2322699691416973 0.23144152473939147 0.2318802330073924 0.23210748163627376 0.23138949449717008 0.23192228050332267
152 1520 0.0009705184853180857 0 -6.165567823666691e-05 0.23173895428006522 0.23169664856431846 0.23180053926807664 0.23199977720428908 0.23220742733814842 0.23205495536442972 0.23224423357998786 0.23153786575399085 0.2313223385280564 0.23231098293790825
153 1530 0.0009477160354801775 0 -6.1786522849641e-05 0.23239279545347535 0.23181623325296905 0.23241061636924978 0.23176800770167943 0.23194509755688347 0.23186458562050333 0.23175926733251168 0.23145728178058583 0.2313937179004437 0.23189195848755342
154 1540 0.000881190570790072 0 -5.64710427782714e-05 0.232548385068097 0.23217920304223552 0.23245995552901008 0.23166987373047163 0.23214195886146846 0.23179766334225405 0.23173609651939053 0.23126513948778396 0.2314995159912037 0.23143508358313775
155 1550 0.0008441046265614296 0 -6.135227803811623e-05 0.23246761017595768 0.23219312908780204 0.23217973434248335 0.2314172041920933 0.23240611825348986 0.23142367763393074 0.23207902516579118 0.23133343006500656 0.23129771883940878 0.2321559394797046
156 1560 0.0007814216554784049 0 -6.126118140180317e-05 0.23279267068019902 0.23202499926465933 0.23229228767029766 0.23143284857044227 0.23188994546615457 0.23201528731046475 0.23172325611927855 0.23152304073522675 0.2314576383971509 0.23177292123574478
157 1570 0.000754962965077144 0 -6.177490859607144e-05 0.23251353307049918 0.2322775773838752 0.2320062726786042 0.23168907250487678 0.23160368915164922 0.23140150048869607 0.23199522635883527 0.2314153387730934 0.2315554386391071 0.23224066167901306
158 1580 0.0007594521207983702 0 -6.145642953007721e-05 0.23259415808757733 0.232168039491287 0.23183098133897248 0.23172676286338006 0.23152597718370446 0.2314854974191404 0.23168407878208488 0.23159265734671888 0.23199945130893607 0.23220224922881627
159 1590 0.0007813490844491094 0 -6.136455702718499e-05 0.23208306583530694 0.23232815667073092 0.23192227190222733 0.23205292244132317 0.2317851413539579 0.23131974740079653 0.2319270945521555 0.23162622858668255 0.2317140478112431 0.23242102221738023
160 1600 0.0007626946258745116 0 -6.134812282154827e-05 0.23189885001079857 0.23208331885317787 0.23220176461611955 0.23219275136023315 0.23207889972268675 0.23144360314866405 0.23150699013537224 0.23161615079213688 0.23164328788969393 0.23240875249138038
161 1610 0.0007425167147536832 0 -6.141263003097279e-05 0.23195569990647621 0.23184242294792737 0.23223845220893735 0.23199637822185093 0.23182558828625996 0.23178517198055565 0.2320721884953698 0.23182771343200417 0.23137065048657574 0.23229588329687714
162 1620 0.000731335795530203 0 -6.180889242737889e-05 0.2318430920526616 0.2316535195919668 0.2322438408540115 0.23191475215484258 0.2315374607783029 0.2315067792618382 0.2321691932832279 0.23194560650227508 0.23175270794345287 0.23214256931188654
163 1630 0.0007124265104971532 0 -6.17822375346691e-05 0.23190592420809858 0.23194492538874353 0.23194892500992828 0.23176044138512544 0.23168551404637844 0.23139511026539458 0.23181859185355283 0.23200718832575284 0.23207036689118132 0.23228202140788207
164 1640 0.0006348243342150105 0 -6.183997337553132e-05 0.23189721786680564 0.23156959641583016 0.231843258156912 0.2318089944690958 0.23229791455100282 0.23163546271253993 0.23197336802421314 0.23178858947106476 0.23194097057415436 0.23208495768185564
165 1650 0.0005923627214725399 0 -6.18432087355277e-05 0.23196917897548022 0.23160610977516596 0.23192790672049812 0.23159342252675694 0.2320126480602694 0.231685368348584 0.23168092151870612 0.23210467019676215 0.23190667908670368 0.23235003338254281
166 1660 0.0005689924166040122 0 -6.169974297112766e-05 0.2318508961402935 0.23174015443070237 0.23164790486242307 0.2318498017821013 0.23193157975950807 0.2317101674837212 0.23193520879560597 0.23199577167502397 0.23197688379715936 0.23226700692399413
167 1670 0.0005327753104695514 0 -6.173998366183406e-05 0.23199602047857915 0.23193313233384388 0.23168684089672859 0.23183983446928996 0.23181611630954266 0.23176005719493248 0.23210393894030784 0.23177103804673854 0.23209787683327215 0.23191642162489123
168 1680 0.0005210322133309333 0 -6.162834950799271e-05 0.23214377016996857 0.23170543675814625 0.231799478887356 0.2319649272111128 0.23178141023689447 0.23165030030059744 0.23214641703835853 0.23193527387757126 0.23187801164642996 0.23186977470101777
169 1690 0.0005021286596980318 0 -6.168420084766397e-05 0.23179063719398502 0.23179641721237076 0.2318042245949417 0.23189004731181712 0.23177351231697593 0.23199883080364475 0.2321117958422978 0.2319562506922771 0.23174908733697763 0.23204001279234052
170 1700 0.0004776374214566755 0 -6.162643809748042e-05 0.23192008272881803 0.23189894183936954 0.2319817209280087 0.2319509680077299 0.23182085892714122 0.23202026148081079 0.23213800090289374 0.23185070007900502 0.2317186014243972 0.2316743916297496
171 1710 0.0004497351934775842 0 -6.164919787950964e-05 0.23198423986859792 0.2319355087468137 0.23207416133012043 0.23177948701979956 0.2320796499370846 0.23172206944671903 0.231940715792952 0.23162681675705668 0.23188634377918516 0.23195130000221478
172 1720 0.0004086736584112559 0 -6.164807034240164e-05 0.23188592025825341 0.23190828275716246 0.23184292080238397 0.2316642986631104 0.23183661352636414 0.2318776622118188 0.23210001496916985 0.23183385463821174 0.2319244823855512 0.23205370005160667
173 1730 0.00036594091572572445 0 -6.16840437730163e-05 0.23197415924311673 0.23181740014040578 0.23195105940303562 0.23171562900121914 0.2319218640853312 0.23188570822516333 0.2320791540834733 0.2316375697258227 0.2319293152763385 0.2320550104329514
174 1740 0.00032581990936327276 0 -6.171138469789987e-05 0.23212781855692555 0.23189082080843168 0.23185746136551383 0.23162213190313835 0.23184250719879645 0.23186130923014533 0.23204187509232765 0.23174565293633811 0.23192896632977594 0.23192158304265562
175 1750 0.00028972052045324277 0 -6.166241500532612e-05 0.23194410038163055 0.23190448290424645 0.23205403396556673 0.23179777761556353 0.23168579849648724 0.2318756571464709 0.23198121889578124 0.23177965437339237 0.23190300273886266 0.2319181998589897
176 1760 0.00026197798298332987 0 -6.166549001153092e-05 0.23205879014897146 0.23191488335221153 0.23192624462201744 0.2316827750835671 0.23184417062248416 0.23184996619843062 0.2320426253977799 0.2317769683440519 0.2319617155444934 0.23184472347021876
