% # columns="iteration, evaluation, min max(neg(.)) min(pos(.)) max correlation, correlation matrix principle axes lengths  (sorted square roots of eigenvalues of correlation matrix)", seed=856258, Mon Mar  9 13:20:11 2020
1 10 -0.06510951886302242 -0.012289395982675339 0.013983228703152143 0.06059673282448743 0.944841226237083 0.9590545802610817 0.9738000959379641 0.9957277559104784 0.9990042045235779 1.0044989433457383 1.01161827092594 1.0199738064381818 1.0274412177316068 1.0589371572101252
2 20 -0.08053583193120362 -0.01883390561366602 0.06175072265218969 0.14354869982747806 0.944841226237083 0.9590545802610817 0.9738000959379641 0.9957277559104784 0.9990042045235779 1.0044989433457383 1.01161827092594 1.0199738064381818 1.0274412177316068 1.0589371572101252
3 30 -0.11631394198984796 -0.012044015716158825 0.08893538950318762 0.16290779575575937 0.944841226237083 0.9590545802610817 0.9738000959379641 0.9957277559104784 0.9990042045235779 1.0044989433457383 1.01161827092594 1.0199738064381818 1.0274412177316068 1.0589371572101252
4 40 -0.13976244120939058 -0.014707427433854663 0.08921999209257538 0.20107039828748688 0.944841226237083 0.9590545802610817 0.9738000959379641 0.9957277559104784 0.9990042045235779 1.0044989433457383 1.01161827092594 1.0199738064381818 1.0274412177316068 1.0589371572101252
5 50 -0.11506187785208606 0.0005553087607202737 0.11008553854945945 0.21988212105946062 0.944841226237083 0.9590545802610817 0.9738000959379641 0.9957277559104784 0.9990042045235779 1.0044989433457383 1.01161827092594 1.0199738064381818 1.0274412177316068 1.0589371572101252
6 60 -0.11642596594455595 0.004277698433471618 0.1470806092647244 0.25969688238483424 0.944841226237083 0.9590545802610817 0.9738000959379641 0.9957277559104784 0.9990042045235779 1.0044989433457383 1.01161827092594 1.0199738064381818 1.0274412177316068 1.0589371572101252
7 70 -0.16810178123771963 -0.007829914921426135 0.12612515569428925 0.32287737911742664 0.944841226237083 0.9590545802610817 0.9738000959379641 0.9957277559104784 0.9990042045235779 1.0044989433457383 1.01161827092594 1.0199738064381818 1.0274412177316068 1.0589371572101252
8 80 -0.16682883085931974 0.011515956806606092 0.15430491860201628 0.34504130462531213 0.944841226237083 0.9590545802610817 0.9738000959379641 0.9957277559104784 0.9990042045235779 1.0044989433457383 1.01161827092594 1.0199738064381818 1.0274412177316068 1.0589371572101252
9 90 -0.16623862936577455 0.03344746251936705 0.1663799755445451 0.3992466064376985 0.944841226237083 0.9590545802610817 0.9738000959379641 0.9957277559104784 0.9990042045235779 1.0044989433457383 1.01161827092594 1.0199738064381818 1.0274412177316068 1.0589371572101252
10 100 -0.18982779991012905 0.03930497564733369 0.18759732346794847 0.38556100411634725 0.944841226237083 0.9590545802610817 0.9738000959379641 0.9957277559104784 0.9990042045235779 1.0044989433457383 1.01161827092594 1.0199738064381818 1.0274412177316068 1.0589371572101252
11 110 -0.1907585691345042 0.07254413542970178 0.1991083047557741 0.42462969714959165 0.6623965088489285 0.7505367189705348 0.8197722256897356 0.8455127591504149 0.9150528853156552 0.956674673889666 1.0110236653811684 1.1051380257747871 1.129447856057427 1.5294795155640217
12 120 -0.20957498522805365 0.034160891871529875 0.17196350482044098 0.4152270535779635 0.6623965088489285 0.7505367189705348 0.8197722256897356 0.8455127591504149 0.9150528853156552 0.956674673889666 1.0110236653811684 1.1051380257747871 1.129447856057427 1.5294795155640217
13 130 -0.1535034755550913 0.05106029333954318 0.17540490873003828 0.40999998232647666 0.6623965088489285 0.7505367189705348 0.8197722256897356 0.8455127591504149 0.9150528853156552 0.956674673889666 1.0110236653811684 1.1051380257747871 1.129447856057427 1.5294795155640217
14 140 -0.17130424634812735 0.051692323130917865 0.17995262212703764 0.41606454218715433 0.6623965088489285 0.7505367189705348 0.8197722256897356 0.8455127591504149 0.9150528853156552 0.956674673889666 1.0110236653811684 1.1051380257747871 1.129447856057427 1.5294795155640217
15 150 -0.15966152691212426 0.08008000017150002 0.18102285962130987 0.4453062056963481 0.6623965088489285 0.7505367189705348 0.8197722256897356 0.8455127591504149 0.9150528853156552 0.956674673889666 1.0110236653811684 1.1051380257747871 1.129447856057427 1.5294795155640217
16 160 -0.14811773551230806 0.07942990958716264 0.18751946418262427 0.4369536043603095 0.6623965088489285 0.7505367189705348 0.8197722256897356 0.8455127591504149 0.9150528853156552 0.956674673889666 1.0110236653811684 1.1051380257747871 1.129447856057427 1.5294795155640217
17 170 -0.14792322958975518 0.07300206661116697 0.18720714041381492 0.4235784820824939 0.6623965088489285 0.7505367189705348 0.8197722256897356 0.8455127591504149 0.9150528853156552 0.956674673889666 1.0110236653811684 1.1051380257747871 1.129447856057427 1.5294795155640217
18 180 -0.07391764373194926 0.0810160207785976 0.18212493045808545 0.45650202598649925 0.6623965088489285 0.7505367189705348 0.8197722256897356 0.8455127591504149 0.9150528853156552 0.956674673889666 1.0110236653811684 1.1051380257747871 1.129447856057427 1.5294795155640217
19 190 -0.08659307190147869 0.08904892668501792 0.18066199818731002 0.4427845061395173 0.6623965088489285 0.7505367189705348 0.8197722256897356 0.8455127591504149 0.9150528853156552 0.956674673889666 1.0110236653811684 1.1051380257747871 1.129447856057427 1.5294795155640217
20 200 -0.0839552344672755 0.089538210258938 0.1918573302047026 0.44124871126289456 0.6623965088489285 0.7505367189705348 0.8197722256897356 0.8455127591504149 0.9150528853156552 0.956674673889666 1.0110236653811684 1.1051380257747871 1.129447856057427 1.5294795155640217
21 210 -0.08601527094470485 0.07447312358156036 0.1833008514333863 0.43450229669643337 0.6480734423645066 0.7164788537935822 0.8511095885893123 0.8692083191487645 0.9457099453307555 0.9536074467545228 1.0114566860127034 1.0679757937957297 1.1497953091666182 1.5157069609605303
22 220 -0.09282598500076894 0.05885850189181631 0.17964462334368608 0.4231319126889244 0.6480734423645066 0.7164788537935822 0.8511095885893123 0.8692083191487645 0.9457099453307555 0.9536074467545228 1.0114566860127034 1.0679757937957297 1.1497953091666182 1.5157069609605303
23 230 -0.05438879706179336 0.061365075345962014 0.19178680226060651 0.42892342996897415 0.6480734423645066 0.7164788537935822 0.8511095885893123 0.8692083191487645 0.9457099453307555 0.9536074467545228 1.0114566860127034 1.0679757937957297 1.1497953091666182 1.5157069609605303
24 240 -0.05403203063783292 0.05937706935638198 0.1698362600274651 0.4440436489663689 0.6480734423645066 0.7164788537935822 0.8511095885893123 0.8692083191487645 0.9457099453307555 0.9536074467545228 1.0114566860127034 1.0679757937957297 1.1497953091666182 1.5157069609605303
25 250 -0.08011982740032539 0.051941704419364285 0.1816417454877831 0.4566710104294232 0.6480734423645066 0.7164788537935822 0.8511095885893123 0.8692083191487645 0.9457099453307555 0.9536074467545228 1.0114566860127034 1.0679757937957297 1.1497953091666182 1.5157069609605303
26 260 -0.0850227412345783 0.06988272624421561 0.1906888898856926 0.4490062392893344 0.6480734423645066 0.7164788537935822 0.8511095885893123 0.8692083191487645 0.9457099453307555 0.9536074467545228 1.0114566860127034 1.0679757937957297 1.1497953091666182 1.5157069609605303
27 270 -0.0773334553355061 0.05973386178522563 0.19965388444565513 0.4283909761784601 0.6480734423645066 0.7164788537935822 0.8511095885893123 0.8692083191487645 0.9457099453307555 0.9536074467545228 1.0114566860127034 1.0679757937957297 1.1497953091666182 1.5157069609605303
28 280 -0.06439741141391192 0.04855328794461543 0.18799488527001026 0.43583497726035797 0.6480734423645066 0.7164788537935822 0.8511095885893123 0.8692083191487645 0.9457099453307555 0.9536074467545228 1.0114566860127034 1.0679757937957297 1.1497953091666182 1.5157069609605303
29 290 -0.05762014946917861 0.06423504827873014 0.1729296821347534 0.4234834059067272 0.6480734423645066 0.7164788537935822 0.8511095885893123 0.8692083191487645 0.9457099453307555 0.9536074467545228 1.0114566860127034 1.0679757937957297 1.1497953091666182 1.5157069609605303
30 300 -0.0659442862460451 0.0637913888262808 0.19056249411560872 0.4306468923974414 0.6480734423645066 0.7164788537935822 0.8511095885893123 0.8692083191487645 0.9457099453307555 0.9536074467545228 1.0114566860127034 1.0679757937957297 1.1497953091666182 1.5157069609605303
31 310 -0.054507279657111454 0.08810129109254553 0.21726940331486766 0.4405205441179389 0.6100129938650428 0.7230323575054545 0.8604465110115889 0.8920043540088678 0.9327988494815103 0.9394002223146749 0.974189111766031 1.0686807745183877 1.1291115532977676 1.565396434471159
32 320 -0.06819029358352986 0.07993069328782881 0.20596852445735214 0.4547832912772205 0.6100129938650428 0.7230323575054545 0.8604465110115889 0.8920043540088678 0.9327988494815103 0.9394002223146749 0.974189111766031 1.0686807745183877 1.1291115532977676 1.565396434471159
33 330 -0.09879097275941054 0.09526204748716652 0.2120798026547518 0.4446575832357802 0.6100129938650428 0.7230323575054545 0.8604465110115889 0.8920043540088678 0.9327988494815103 0.9394002223146749 0.974189111766031 1.0686807745183877 1.1291115532977676 1.565396434471159
34 340 -0.09917144972803398 0.09488989002768242 0.2176285942594153 0.45189784623495194 0.6100129938650428 0.7230323575054545 0.8604465110115889 0.8920043540088678 0.9327988494815103 0.9394002223146749 0.974189111766031 1.0686807745183877 1.1291115532977676 1.565396434471159
35 350 -0.08280951488204592 0.10003357315334457 0.21897845429568208 0.46544459384704445 0.6100129938650428 0.7230323575054545 0.8604465110115889 0.8920043540088678 0.9327988494815103 0.9394002223146749 0.974189111766031 1.0686807745183877 1.1291115532977676 1.565396434471159
36 360 -0.07672195901995944 0.11105398181356238 0.22772020022920655 0.45637894391816214 0.6100129938650428 0.7230323575054545 0.8604465110115889 0.8920043540088678 0.9327988494815103 0.9394002223146749 0.974189111766031 1.0686807745183877 1.1291115532977676 1.565396434471159
37 370 -0.05459522273573798 0.11482484258987224 0.23397965629667897 0.4506829482422947 0.6100129938650428 0.7230323575054545 0.8604465110115889 0.8920043540088678 0.9327988494815103 0.9394002223146749 0.974189111766031 1.0686807745183877 1.1291115532977676 1.565396434471159
38 380 -0.05254964906832721 0.10202070987950419 0.23111319397853294 0.4380663155913535 0.6100129938650428 0.7230323575054545 0.8604465110115889 0.8920043540088678 0.9327988494815103 0.9394002223146749 0.974189111766031 1.0686807745183877 1.1291115532977676 1.565396434471159
39 390 -0.04148688509133397 0.11491303638829686 0.23476039424184625 0.4284466377519386 0.6100129938650428 0.7230323575054545 0.8604465110115889 0.8920043540088678 0.9327988494815103 0.9394002223146749 0.974189111766031 1.0686807745183877 1.1291115532977676 1.565396434471159
40 400 -0.0899895171684881 0.0753952207836243 0.21123190939484418 0.4212238426939505 0.6100129938650428 0.7230323575054545 0.8604465110115889 0.8920043540088678 0.9327988494815103 0.9394002223146749 0.974189111766031 1.0686807745183877 1.1291115532977676 1.565396434471159
41 410 -0.06555162488781494 0.07910078377168464 0.2136779873500323 0.40499018138302034 0.6352878034801819 0.7795192836146299 0.8123536984365171 0.8431084522963846 0.878040171176193 0.9223550873745971 1.014211613254964 1.0553834762614784 1.1658025478824348 1.5794809878704061
42 420 -0.04846638806511643 0.08000280521008614 0.22953600634018193 0.39490453480492493 0.6352878034801819 0.7795192836146299 0.8123536984365171 0.8431084522963846 0.878040171176193 0.9223550873745971 1.014211613254964 1.0553834762614784 1.1658025478824348 1.5794809878704061
43 430 -0.07585420871017112 0.058858323462072086 0.23709034136496757 0.3992581733059568 0.6352878034801819 0.7795192836146299 0.8123536984365171 0.8431084522963846 0.878040171176193 0.9223550873745971 1.014211613254964 1.0553834762614784 1.1658025478824348 1.5794809878704061
44 440 -0.07646962089792046 0.05875246578525775 0.23915664673515352 0.40824112753858577 0.6352878034801819 0.7795192836146299 0.8123536984365171 0.8431084522963846 0.878040171176193 0.9223550873745971 1.014211613254964 1.0553834762614784 1.1658025478824348 1.5794809878704061
45 450 -0.11809298931491259 0.07525968892372438 0.2615648291885021 0.4161192041784149 0.6352878034801819 0.7795192836146299 0.8123536984365171 0.8431084522963846 0.878040171176193 0.9223550873745971 1.014211613254964 1.0553834762614784 1.1658025478824348 1.5794809878704061
46 460 -0.10901142508353297 0.08388434443341808 0.2382303946377772 0.40869946761977655 0.6352878034801819 0.7795192836146299 0.8123536984365171 0.8431084522963846 0.878040171176193 0.9223550873745971 1.014211613254964 1.0553834762614784 1.1658025478824348 1.5794809878704061
47 470 -0.12186227251629332 0.08785895730593768 0.24553784199814815 0.4062822477072677 0.6352878034801819 0.7795192836146299 0.8123536984365171 0.8431084522963846 0.878040171176193 0.9223550873745971 1.014211613254964 1.0553834762614784 1.1658025478824348 1.5794809878704061
48 480 -0.12977433907145242 0.08360967107694031 0.2496526194760224 0.41236805407420996 0.6352878034801819 0.7795192836146299 0.8123536984365171 0.8431084522963846 0.878040171176193 0.9223550873745971 1.014211613254964 1.0553834762614784 1.1658025478824348 1.5794809878704061
49 490 -0.15715706512644573 0.08039471668468946 0.26216427300645934 0.408644051887736 0.6352878034801819 0.7795192836146299 0.8123536984365171 0.8431084522963846 0.878040171176193 0.9223550873745971 1.014211613254964 1.0553834762614784 1.1658025478824348 1.5794809878704061
50 500 -0.16583471025854715 0.08719287339481227 0.25101040816647896 0.4048662321784337 0.6352878034801819 0.7795192836146299 0.8123536984365171 0.8431084522963846 0.878040171176193 0.9223550873745971 1.014211613254964 1.0553834762614784 1.1658025478824348 1.5794809878704061
51 510 -0.1978863688165755 0.06850757139604108 0.23315243270137112 0.40659334288369225 0.6181242002311795 0.6930854411594535 0.7861919056932363 0.8372542098991813 0.8960167171210445 0.9328806067872547 1.0331382604707233 1.1172457397390902 1.1874455180007166 1.555542017901208
52 520 -0.18906319083664636 0.06549842336931831 0.22683355721015988 0.3892876901951625 0.6181242002311795 0.6930854411594535 0.7861919056932363 0.8372542098991813 0.8960167171210445 0.9328806067872547 1.0331382604707233 1.1172457397390902 1.1874455180007166 1.555542017901208
53 530 -0.2239056064858283 0.06054019844663983 0.23300609053357577 0.37636451136881766 0.6181242002311795 0.6930854411594535 0.7861919056932363 0.8372542098991813 0.8960167171210445 0.9328806067872547 1.0331382604707233 1.1172457397390902 1.1874455180007166 1.555542017901208
54 540 -0.22441439663776813 0.07274878546729396 0.22910289242225196 0.3710448122323858 0.6181242002311795 0.6930854411594535 0.7861919056932363 0.8372542098991813 0.8960167171210445 0.9328806067872547 1.0331382604707233 1.1172457397390902 1.1874455180007166 1.555542017901208
55 550 -0.2502522069218527 0.061458075169117846 0.2120831960748494 0.3644366954304951 0.6181242002311795 0.6930854411594535 0.7861919056932363 0.8372542098991813 0.8960167171210445 0.9328806067872547 1.0331382604707233 1.1172457397390902 1.1874455180007166 1.555542017901208
56 560 -0.2452363362147983 0.04701328196363165 0.22896749431948168 0.38076072107960784 0.6181242002311795 0.6930854411594535 0.7861919056932363 0.8372542098991813 0.8960167171210445 0.9328806067872547 1.0331382604707233 1.1172457397390902 1.1874455180007166 1.555542017901208
57 570 -0.24041305006374405 0.045524939739624244 0.21624886010291855 0.40053536455074346 0.6181242002311795 0.6930854411594535 0.7861919056932363 0.8372542098991813 0.8960167171210445 0.9328806067872547 1.0331382604707233 1.1172457397390902 1.1874455180007166 1.555542017901208
58 580 -0.2317595861740362 0.049242283478630876 0.2433005436719088 0.39787670675324405 0.6181242002311795 0.6930854411594535 0.7861919056932363 0.8372542098991813 0.8960167171210445 0.9328806067872547 1.0331382604707233 1.1172457397390902 1.1874455180007166 1.555542017901208
59 590 -0.23784450285535014 0.036406354694896066 0.23005383319126196 0.39231265468156007 0.6181242002311795 0.6930854411594535 0.7861919056932363 0.8372542098991813 0.8960167171210445 0.9328806067872547 1.0331382604707233 1.1172457397390902 1.1874455180007166 1.555542017901208
60 600 -0.24072002078451227 0.06006505467521985 0.2180663937584944 0.3778866109902027 0.6181242002311795 0.6930854411594535 0.7861919056932363 0.8372542098991813 0.8960167171210445 0.9328806067872547 1.0331382604707233 1.1172457397390902 1.1874455180007166 1.555542017901208
61 610 -0.2443706971459113 0.06526706116144629 0.22800044515674533 0.37660541806769604 0.6296481896138879 0.6938826723749242 0.8084026462093903 0.8526233626561536 0.8801376737905369 0.9391268216451268 1.0336530680981184 1.1045523885976998 1.2118655190420775 1.5257438726080466
62 620 -0.2789454395379647 0.05165168906074467 0.22298339682113408 0.3880905331601824 0.6296481896138879 0.6938826723749242 0.8084026462093903 0.8526233626561536 0.8801376737905369 0.9391268216451268 1.0336530680981184 1.1045523885976998 1.2118655190420775 1.5257438726080466
63 630 -0.2924502823109333 0.03953387510062126 0.20161330704129884 0.39739958001713793 0.6296481896138879 0.6938826723749242 0.8084026462093903 0.8526233626561536 0.8801376737905369 0.9391268216451268 1.0336530680981184 1.1045523885976998 1.2118655190420775 1.5257438726080466
64 640 -0.2754534868412086 0.008442088469642452 0.2073711499350747 0.38245731482518086 0.6296481896138879 0.6938826723749242 0.8084026462093903 0.8526233626561536 0.8801376737905369 0.9391268216451268 1.0336530680981184 1.1045523885976998 1.2118655190420775 1.5257438726080466
65 650 -0.2776395246135956 0.02634985997358901 0.19923822199335967 0.37108537842407574 0.6296481896138879 0.6938826723749242 0.8084026462093903 0.8526233626561536 0.8801376737905369 0.9391268216451268 1.0336530680981184 1.1045523885976998 1.2118655190420775 1.5257438726080466
66 660 -0.3132627878906348 0.0030085546064754654 0.1970118027627527 0.3846953357503107 0.6296481896138879 0.6938826723749242 0.8084026462093903 0.8526233626561536 0.8801376737905369 0.9391268216451268 1.0336530680981184 1.1045523885976998 1.2118655190420775 1.5257438726080466
67 670 -0.3176615896050642 0.015166441110879891 0.20026266110576357 0.3843574432822166 0.6296481896138879 0.6938826723749242 0.8084026462093903 0.8526233626561536 0.8801376737905369 0.9391268216451268 1.0336530680981184 1.1045523885976998 1.2118655190420775 1.5257438726080466
68 680 -0.29230184988087715 0.019184837754847285 0.21417839878647002 0.38606341820240747 0.6296481896138879 0.6938826723749242 0.8084026462093903 0.8526233626561536 0.8801376737905369 0.9391268216451268 1.0336530680981184 1.1045523885976998 1.2118655190420775 1.5257438726080466
69 690 -0.31391001187282186 0.0049761837219067144 0.22064947583884073 0.37344904277623686 0.6296481896138879 0.6938826723749242 0.8084026462093903 0.8526233626561536 0.8801376737905369 0.9391268216451268 1.0336530680981184 1.1045523885976998 1.2118655190420775 1.5257438726080466
70 700 -0.2663550996695101 -0.004599647219453543 0.2247739967459143 0.32599047538829423 0.6296481896138879 0.6938826723749242 0.8084026462093903 0.8526233626561536 0.8801376737905369 0.9391268216451268 1.0336530680981184 1.1045523885976998 1.2118655190420775 1.5257438726080466
71 710 -0.2691134037777785 -0.005456725923108535 0.20827226390415243 0.3435567821248812 0.6302247002737318 0.670994947018509 0.8318323715561747 0.8654288403282995 0.8753348081021802 0.9786070797668289 1.0649973975978024 1.0909849866955694 1.2062213307826068 1.4860518148552326
72 720 -0.30710835924245283 0.0018668611707550117 0.20876194572890128 0.34993862099205125 0.6302247002737318 0.670994947018509 0.8318323715561747 0.8654288403282995 0.8753348081021802 0.9786070797668289 1.0649973975978024 1.0909849866955694 1.2062213307826068 1.4860518148552326
73 730 -0.3174714992866902 -0.020710674444836125 0.1891426729563126 0.3844515214896084 0.6302247002737318 0.670994947018509 0.8318323715561747 0.8654288403282995 0.8753348081021802 0.9786070797668289 1.0649973975978024 1.0909849866955694 1.2062213307826068 1.4860518148552326
74 740 -0.3523671168044096 -0.022315385715741633 0.17730012392175923 0.34943115520653306 0.6302247002737318 0.670994947018509 0.8318323715561747 0.8654288403282995 0.8753348081021802 0.9786070797668289 1.0649973975978024 1.0909849866955694 1.2062213307826068 1.4860518148552326
75 750 -0.3961096668912586 -0.03533169100726193 0.18065034972968436 0.30884309631989804 0.6302247002737318 0.670994947018509 0.8318323715561747 0.8654288403282995 0.8753348081021802 0.9786070797668289 1.0649973975978024 1.0909849866955694 1.2062213307826068 1.4860518148552326
76 760 -0.37678002654564896 -0.06614826340765637 0.15600670902368632 0.2886618411895495 0.6302247002737318 0.670994947018509 0.8318323715561747 0.8654288403282995 0.8753348081021802 0.9786070797668289 1.0649973975978024 1.0909849866955694 1.2062213307826068 1.4860518148552326
77 770 -0.37128803784205855 -0.06858656865325977 0.17035178508889096 0.284959560454797 0.6302247002737318 0.670994947018509 0.8318323715561747 0.8654288403282995 0.8753348081021802 0.9786070797668289 1.0649973975978024 1.0909849866955694 1.2062213307826068 1.4860518148552326
78 780 -0.38705870001213677 -0.06576135133699837 0.16696701092956334 0.2667921026137915 0.6302247002737318 0.670994947018509 0.8318323715561747 0.8654288403282995 0.8753348081021802 0.9786070797668289 1.0649973975978024 1.0909849866955694 1.2062213307826068 1.4860518148552326
79 790 -0.3996066692257439 -0.06671034382443884 0.15418128909324907 0.23326913515816303 0.6302247002737318 0.670994947018509 0.8318323715561747 0.8654288403282995 0.8753348081021802 0.9786070797668289 1.0649973975978024 1.0909849866955694 1.2062213307826068 1.4860518148552326
80 800 -0.39803785121699625 -0.09124140011529588 0.14822313371597787 0.25071145723169125 0.6302247002737318 0.670994947018509 0.8318323715561747 0.8654288403282995 0.8753348081021802 0.9786070797668289 1.0649973975978024 1.0909849866955694 1.2062213307826068 1.4860518148552326
81 810 -0.387005132540701 -0.1090830610908949 0.12601017089789315 0.24508406396037113 0.6076222771856447 0.6641231912235989 0.825778807603368 0.8661448050386247 0.9541342919531398 1.0065375415307516 1.10129444696512 1.119367799882179 1.173669288264175 1.41095524189429
82 820 -0.3981204367275471 -0.11479184109903408 0.107767126306361 0.2441827621942305 0.6076222771856447 0.6641231912235989 0.825778807603368 0.8661448050386247 0.9541342919531398 1.0065375415307516 1.10129444696512 1.119367799882179 1.173669288264175 1.41095524189429
83 830 -0.38853664363987017 -0.12354584955868217 0.09660445258530684 0.24236175936053087 0.6076222771856447 0.6641231912235989 0.825778807603368 0.8661448050386247 0.9541342919531398 1.0065375415307516 1.10129444696512 1.119367799882179 1.173669288264175 1.41095524189429
84 840 -0.4146891240947714 -0.11549425825341764 0.09598856050403151 0.23546491895177632 0.6076222771856447 0.6641231912235989 0.825778807603368 0.8661448050386247 0.9541342919531398 1.0065375415307516 1.10129444696512 1.119367799882179 1.173669288264175 1.41095524189429
85 850 -0.43566275014780775 -0.12398640515623054 0.09334891377295018 0.248765179285321 0.6076222771856447 0.6641231912235989 0.825778807603368 0.8661448050386247 0.9541342919531398 1.0065375415307516 1.10129444696512 1.119367799882179 1.173669288264175 1.41095524189429
86 860 -0.48198211393657453 -0.1282668414102558 0.09320368072041298 0.2633684901021032 0.6076222771856447 0.6641231912235989 0.825778807603368 0.8661448050386247 0.9541342919531398 1.0065375415307516 1.10129444696512 1.119367799882179 1.173669288264175 1.41095524189429
87 870 -0.4845874930332051 -0.1349459017131973 0.0500183827656608 0.2684907630241034 0.6076222771856447 0.6641231912235989 0.825778807603368 0.8661448050386247 0.9541342919531398 1.0065375415307516 1.10129444696512 1.119367799882179 1.173669288264175 1.41095524189429
88 880 -0.5200399958648789 -0.13162626723899423 0.05404804779257617 0.25921792261590754 0.6076222771856447 0.6641231912235989 0.825778807603368 0.8661448050386247 0.9541342919531398 1.0065375415307516 1.10129444696512 1.119367799882179 1.173669288264175 1.41095524189429
89 890 -0.5222535184675348 -0.14561997746519445 0.056755094783442234 0.2951001097847376 0.6076222771856447 0.6641231912235989 0.825778807603368 0.8661448050386247 0.9541342919531398 1.0065375415307516 1.10129444696512 1.119367799882179 1.173669288264175 1.41095524189429
90 900 -0.5146328220378834 -0.14404257601112122 0.06809244376466339 0.28472198731344545 0.6076222771856447 0.6641231912235989 0.825778807603368 0.8661448050386247 0.9541342919531398 1.0065375415307516 1.10129444696512 1.119367799882179 1.173669288264175 1.41095524189429
91 910 -0.48445691430850935 -0.14526014440709156 0.05042647272245389 0.2615922961147618 0.5896714519842806 0.7027191158387636 0.7746820729151733 0.882328530361784 0.8958362532081472 1.040788374687613 1.0461416913319725 1.1282328280252525 1.2109566353329528 1.4353873047656587
92 920 -0.47845537861998727 -0.15453540011692402 0.05378165017150848 0.26568344270185035 0.5896714519842806 0.7027191158387636 0.7746820729151733 0.882328530361784 0.8958362532081472 1.040788374687613 1.0461416913319725 1.1282328280252525 1.2109566353329528 1.4353873047656587
93 930 -0.4792499020293644 -0.16660780244323783 0.058961990795208155 0.2912470098377148 0.5896714519842806 0.7027191158387636 0.7746820729151733 0.882328530361784 0.8958362532081472 1.040788374687613 1.0461416913319725 1.1282328280252525 1.2109566353329528 1.4353873047656587
94 940 -0.4760742884046524 -0.14959284047397967 0.04521219927255509 0.30677464075298416 0.5896714519842806 0.7027191158387636 0.7746820729151733 0.882328530361784 0.8958362532081472 1.040788374687613 1.0461416913319725 1.1282328280252525 1.2109566353329528 1.4353873047656587
95 950 -0.4406683690633146 -0.15734562581569916 0.03900505163181322 0.3282672505814461 0.5896714519842806 0.7027191158387636 0.7746820729151733 0.882328530361784 0.8958362532081472 1.040788374687613 1.0461416913319725 1.1282328280252525 1.2109566353329528 1.4353873047656587
96 960 -0.4489085719884797 -0.15386403765613663 0.03549207510510462 0.3089793380852844 0.5896714519842806 0.7027191158387636 0.7746820729151733 0.882328530361784 0.8958362532081472 1.040788374687613 1.0461416913319725 1.1282328280252525 1.2109566353329528 1.4353873047656587
97 970 -0.45199251859441936 -0.1488456691445634 0.03800585544491212 0.2857218430987395 0.5896714519842806 0.7027191158387636 0.7746820729151733 0.882328530361784 0.8958362532081472 1.040788374687613 1.0461416913319725 1.1282328280252525 1.2109566353329528 1.4353873047656587
98 980 -0.40860361808505413 -0.1565243583313442 0.05574184157379809 0.2549938529520195 0.5896714519842806 0.7027191158387636 0.7746820729151733 0.882328530361784 0.8958362532081472 1.040788374687613 1.0461416913319725 1.1282328280252525 1.2109566353329528 1.4353873047656587
99 990 -0.41615786486619577 -0.16613016092373778 0.008597100399273461 0.22602708409835506 0.5896714519842806 0.7027191158387636 0.7746820729151733 0.882328530361784 0.8958362532081472 1.040788374687613 1.0461416913319725 1.1282328280252525 1.2109566353329528 1.4353873047656587
100 1000 -0.4107779911313224 -0.16674620999015585 -0.007646578518777255 0.2529378966104661 0.5896714519842806 0.7027191158387636 0.7746820729151733 0.882328530361784 0.8958362532081472 1.040788374687613 1.0461416913319725 1.1282328280252525 1.2109566353329528 1.4353873047656587
101 1010 -0.4161496607105556 -0.18623628683943413 -0.01016992605224144 0.26493805675191456 0.5378920934014368 0.6013112599809903 0.7025227012098303 0.8211966221073671 0.9411955861780007 1.0571662503131163 1.1377914764581412 1.2004914028352145 1.2380801346416497 1.3817212969272055
102 1020 -0.42781699989732264 -0.1861691544241208 -0.004224245411328872 0.2811021081007488 0.5378920934014368 0.6013112599809903 0.7025227012098303 0.8211966221073671 0.9411955861780007 1.0571662503131163 1.1377914764581412 1.2004914028352145 1.2380801346416497 1.3817212969272055
103 1030 -0.41204944282252465 -0.19844343792467448 -0.00018887720971977155 0.27924458172189687 0.5378920934014368 0.6013112599809903 0.7025227012098303 0.8211966221073671 0.9411955861780007 1.0571662503131163 1.1377914764581412 1.2004914028352145 1.2380801346416497 1.3817212969272055
104 1040 -0.40986742178226776 -0.19585777679525523 7.010679896617264e-05 0.2522706151840085 0.5378920934014368 0.6013112599809903 0.7025227012098303 0.8211966221073671 0.9411955861780007 1.0571662503131163 1.1377914764581412 1.2004914028352145 1.2380801346416497 1.3817212969272055
105 1050 -0.4070282580648706 -0.18747496961817717 0.006639968330035401 0.26294249021733174 0.5378920934014368 0.6013112599809903 0.7025227012098303 0.8211966221073671 0.9411955861780007 1.0571662503131163 1.1377914764581412 1.2004914028352145 1.2380801346416497 1.3817212969272055
106 1060 -0.4562865951354923 -0.19129922747278721 0.0128586952252201 0.2748009558500671 0.5378920934014368 0.6013112599809903 0.7025227012098303 0.8211966221073671 0.9411955861780007 1.0571662503131163 1.1377914764581412 1.2004914028352145 1.2380801346416497 1.3817212969272055
107 1070 -0.4596112400497571 -0.18504357385258502 0.017227785502512628 0.2557909039586227 0.5378920934014368 0.6013112599809903 0.7025227012098303 0.8211966221073671 0.9411955861780007 1.0571662503131163 1.1377914764581412 1.2004914028352145 1.2380801346416497 1.3817212969272055
108 1080 -0.4428592134414794 -0.18205149693242856 0.04171678642528401 0.23299014637271132 0.5378920934014368 0.6013112599809903 0.7025227012098303 0.8211966221073671 0.9411955861780007 1.0571662503131163 1.1377914764581412 1.2004914028352145 1.2380801346416497 1.3817212969272055
109 1090 -0.45553516899164354 -0.1693951674592742 0.026885643248537316 0.23653266872648593 0.5378920934014368 0.6013112599809903 0.7025227012098303 0.8211966221073671 0.9411955861780007 1.0571662503131163 1.1377914764581412 1.2004914028352145 1.2380801346416497 1.3817212969272055
110 1100 -0.47788270382701703 -0.18279657999674329 0.037310633294468556 0.2542290940368662 0.5378920934014368 0.6013112599809903 0.7025227012098303 0.8211966221073671 0.9411955861780007 1.0571662503131163 1.1377914764581412 1.2004914028352145 1.2380801346416497 1.3817212969272055
111 1110 -0.4700250335518316 -0.1903504139791372 0.03806116904870606 0.24679864202765361 0.43111168698721875 0.5513731527327338 0.6883787898949949 0.8461396706055052 0.9762455246754409 1.0795126382512974 1.1376834114419885 1.1630872167202368 1.2295752592897435 1.4293211892433622
112 1120 -0.4411620406402869 -0.18904952907059924 0.014983713680480612 0.22368307315677652 0.43111168698721875 0.5513731527327338 0.6883787898949949 0.8461396706055052 0.9762455246754409 1.0795126382512974 1.1376834114419885 1.1630872167202368 1.2295752592897435 1.4293211892433622
113 1130 -0.4315895583451012 -0.20651267045428254 0.02395312784726142 0.24876663115716757 0.43111168698721875 0.5513731527327338 0.6883787898949949 0.8461396706055052 0.9762455246754409 1.0795126382512974 1.1376834114419885 1.1630872167202368 1.2295752592897435 1.4293211892433622
114 1140 -0.443096361249917 -0.20495047372715516 0.014402902761787075 0.2588584120004356 0.43111168698721875 0.5513731527327338 0.6883787898949949 0.8461396706055052 0.9762455246754409 1.0795126382512974 1.1376834114419885 1.1630872167202368 1.2295752592897435 1.4293211892433622
115 1150 -0.41654698737626034 -0.22192067457681686 0.017886128864718707 0.31303998777488906 0.43111168698721875 0.5513731527327338 0.6883787898949949 0.8461396706055052 0.9762455246754409 1.0795126382512974 1.1376834114419885 1.1630872167202368 1.2295752592897435 1.4293211892433622
116 1160 -0.4031441561395079 -0.220331557881852 0.017524720320503742 0.301193645131705 0.43111168698721875 0.5513731527327338 0.6883787898949949 0.8461396706055052 0.9762455246754409 1.0795126382512974 1.1376834114419885 1.1630872167202368 1.2295752592897435 1.4293211892433622
117 1170 -0.38265398582082627 -0.21396951171291245 0.023277175653535428 0.2941578354942639 0.43111168698721875 0.5513731527327338 0.6883787898949949 0.8461396706055052 0.9762455246754409 1.0795126382512974 1.1376834114419885 1.1630872167202368 1.2295752592897435 1.4293211892433622
118 1180 -0.3775710007112265 -0.18780895387530588 0.008050736777679576 0.2561031177300611 0.43111168698721875 0.5513731527327338 0.6883787898949949 0.8461396706055052 0.9762455246754409 1.0795126382512974 1.1376834114419885 1.1630872167202368 1.2295752592897435 1.4293211892433622
119 1190 -0.38674547323772795 -0.18689978748222863 0.0016421496629891886 0.2827635089153708 0.43111168698721875 0.5513731527327338 0.6883787898949949 0.8461396706055052 0.9762455246754409 1.0795126382512974 1.1376834114419885 1.1630872167202368 1.2295752592897435 1.4293211892433622
120 1200 -0.4004455633790772 -0.18641885251645032 -0.0062526199961915364 0.2795776199819026 0.43111168698721875 0.5513731527327338 0.6883787898949949 0.8461396706055052 0.9762455246754409 1.0795126382512974 1.1376834114419885 1.1630872167202368 1.2295752592897435 1.4293211892433622
121 1210 -0.3963684119550313 -0.19912903634299656 0.0030348273772829847 0.27356632894756716 0.34765212678449675 0.6493120185679563 0.7305714679656417 0.8944780638713332 0.9225941390532819 1.0419974735017767 1.1331397675547004 1.1866903393680248 1.3059593914877892 1.3375342679553717
122 1220 -0.4070199305754922 -0.20804312312271186 -0.011259107325223531 0.26231196468157836 0.34765212678449675 0.6493120185679563 0.7305714679656417 0.8944780638713332 0.9225941390532819 1.0419974735017767 1.1331397675547004 1.1866903393680248 1.3059593914877892 1.3375342679553717
123 1230 -0.3981341633789173 -0.2038916451294689 0.005439184346730531 0.2796480321773176 0.34765212678449675 0.6493120185679563 0.7305714679656417 0.8944780638713332 0.9225941390532819 1.0419974735017767 1.1331397675547004 1.1866903393680248 1.3059593914877892 1.3375342679553717
124 1240 -0.3660806665153722 -0.1963247536967256 -0.01943875776027343 0.2744009757342288 0.34765212678449675 0.6493120185679563 0.7305714679656417 0.8944780638713332 0.9225941390532819 1.0419974735017767 1.1331397675547004 1.1866903393680248 1.3059593914877892 1.3375342679553717
125 1250 -0.36934358994812055 -0.2154846946390372 -0.014528420149373176 0.2765590060951634 0.34765212678449675 0.6493120185679563 0.7305714679656417 0.8944780638713332 0.9225941390532819 1.0419974735017767 1.1331397675547004 1.1866903393680248 1.3059593914877892 1.3375342679553717
126 1260 -0.38722956889121146 -0.22086432783164586 -0.0012037387590793929 0.24999530330912675 0.34765212678449675 0.6493120185679563 0.7305714679656417 0.8944780638713332 0.9225941390532819 1.0419974735017767 1.1331397675547004 1.1866903393680248 1.3059593914877892 1.3375342679553717
127 1270 -0.35947015761161644 -0.2065694232324525 -0.007823876579493346 0.2515931181898946 0.34765212678449675 0.6493120185679563 0.7305714679656417 0.8944780638713332 0.9225941390532819 1.0419974735017767 1.1331397675547004 1.1866903393680248 1.3059593914877892 1.3375342679553717
128 1280 -0.3582548163627118 -0.2277363852343072 0.0054483300038788325 0.23846326880116459 0.34765212678449675 0.6493120185679563 0.7305714679656417 0.8944780638713332 0.9225941390532819 1.0419974735017767 1.1331397675547004 1.1866903393680248 1.3059593914877892 1.3375342679553717
129 1290 -0.39079191845052996 -0.2207179356255568 0.021188049307765335 0.2257253148708934 0.34765212678449675 0.6493120185679563 0.7305714679656417 0.8944780638713332 0.9225941390532819 1.0419974735017767 1.1331397675547004 1.1866903393680248 1.3059593914877892 1.3375342679553717
130 1300 -0.3662991714316455 -0.22603708709548118 0.023482175434919723 0.2014082949088707 0.34765212678449675 0.6493120185679563 0.7305714679656417 0.8944780638713332 0.9225941390532819 1.0419974735017767 1.1331397675547004 1.1866903393680248 1.3059593914877892 1.3375342679553717
131 1310 -0.4045933931441543 -0.21837637490403444 0.019850049647104136 0.22240160155243918 0.2880580794131737 0.6826778184561215 0.7273824232059567 0.80496360968495 0.8784489538218567 1.0629679319791443 1.095444822667709 1.2257878988768591 1.3258578236882053 1.3827126406098988
132 1320 -0.40792478495314716 -0.2307436425314866 0.027885922878819677 0.1946860615540472 0.2880580794131737 0.6826778184561215 0.7273824232059567 0.80496360968495 0.8784489538218567 1.0629679319791443 1.095444822667709 1.2257878988768591 1.3258578236882053 1.3827126406098988
133 1330 -0.43553523958807283 -0.22723220667614574 0.021756181706927568 0.20516566985565143 0.2880580794131737 0.6826778184561215 0.7273824232059567 0.80496360968495 0.8784489538218567 1.0629679319791443 1.095444822667709 1.2257878988768591 1.3258578236882053 1.3827126406098988
134 1340 -0.43058305347296183 -0.22698803763152123 0.00693960298032792 0.23372191817783386 0.2880580794131737 0.6826778184561215 0.7273824232059567 0.80496360968495 0.8784489538218567 1.0629679319791443 1.095444822667709 1.2257878988768591 1.3258578236882053 1.3827126406098988
135 1350 -0.4612317003090722 -0.21450931218255948 -0.0006699810123213064 0.2563748378549682 0.2880580794131737 0.6826778184561215 0.7273824232059567 0.80496360968495 0.8784489538218567 1.0629679319791443 1.095444822667709 1.2257878988768591 1.3258578236882053 1.3827126406098988
136 1360 -0.5122248008276683 -0.23115649825706686 0.01604120303723527 0.23562854662514868 0.2880580794131737 0.6826778184561215 0.7273824232059567 0.80496360968495 0.8784489538218567 1.0629679319791443 1.095444822667709 1.2257878988768591 1.3258578236882053 1.3827126406098988
137 1370 -0.534588738277613 -0.2265345351327991 0.021077259546751336 0.236204195627476 0.2880580794131737 0.6826778184561215 0.7273824232059567 0.80496360968495 0.8784489538218567 1.0629679319791443 1.095444822667709 1.2257878988768591 1.3258578236882053 1.3827126406098988
138 1380 -0.5334142804985955 -0.23829438829044025 0.0208275297523832 0.2541210571037893 0.2880580794131737 0.6826778184561215 0.7273824232059567 0.80496360968495 0.8784489538218567 1.0629679319791443 1.095444822667709 1.2257878988768591 1.3258578236882053 1.3827126406098988
139 1390 -0.52724704205539 -0.22950282159028024 0.014527837005069256 0.23750069656070075 0.2880580794131737 0.6826778184561215 0.7273824232059567 0.80496360968495 0.8784489538218567 1.0629679319791443 1.095444822667709 1.2257878988768591 1.3258578236882053 1.3827126406098988
140 1400 -0.5135461748949611 -0.2328605867744013 0.003813613799392016 0.24777022644601795 0.2880580794131737 0.6826778184561215 0.7273824232059567 0.80496360968495 0.8784489538218567 1.0629679319791443 1.095444822667709 1.2257878988768591 1.3258578236882053 1.3827126406098988
141 1410 -0.49382418021360824 -0.22406063935172 0.011968185672071446 0.241960717044211 0.24354041511797797 0.6562981603226844 0.747220217870188 0.8137255527282443 0.9292047646790231 1.0361275077636158 1.0779283317787498 1.188527873476507 1.347993436711147 1.400313341670173
142 1420 -0.5245767288492663 -0.19423285353655417 0.009434563497130498 0.23827724126917715 0.24354041511797797 0.6562981603226844 0.747220217870188 0.8137255527282443 0.9292047646790231 1.0361275077636158 1.0779283317787498 1.188527873476507 1.347993436711147 1.400313341670173
143 1430 -0.49958905971853657 -0.18950755969279545 0.008188395091687487 0.24229450526404545 0.24354041511797797 0.6562981603226844 0.747220217870188 0.8137255527282443 0.9292047646790231 1.0361275077636158 1.0779283317787498 1.188527873476507 1.347993436711147 1.400313341670173
144 1440 -0.49119197425521965 -0.2138575898503367 0.028608303583970547 0.19595015601878873 0.24354041511797797 0.6562981603226844 0.747220217870188 0.8137255527282443 0.9292047646790231 1.0361275077636158 1.0779283317787498 1.188527873476507 1.347993436711147 1.400313341670173
145 1450 -0.5025330356525981 -0.20171499880937277 0.02504416379437549 0.18656034046149034 0.24354041511797797 0.6562981603226844 0.747220217870188 0.8137255527282443 0.9292047646790231 1.0361275077636158 1.0779283317787498 1.188527873476507 1.347993436711147 1.400313341670173
146 1460 -0.46343294564193155 -0.18516532874013658 0.045716823783923694 0.21037597599557428 0.24354041511797797 0.6562981603226844 0.747220217870188 0.8137255527282443 0.9292047646790231 1.0361275077636158 1.0779283317787498 1.188527873476507 1.347993436711147 1.400313341670173
147 1470 -0.4634304198309502 -0.1926190987759817 0.04768433713873567 0.22349710889073046 0.24354041511797797 0.6562981603226844 0.747220217870188 0.8137255527282443 0.9292047646790231 1.0361275077636158 1.0779283317787498 1.188527873476507 1.347993436711147 1.400313341670173
148 1480 -0.45202020268259696 -0.2240472495903829 0.044254482955374985 0.2344582600214164 0.24354041511797797 0.6562981603226844 0.747220217870188 0.8137255527282443 0.9292047646790231 1.0361275077636158 1.0779283317787498 1.188527873476507 1.347993436711147 1.400313341670173
149 1490 -0.4394103751239985 -0.2004819549331341 0.021963391676955143 0.21655620919306703 0.24354041511797797 0.6562981603226844 0.747220217870188 0.8137255527282443 0.9292047646790231 1.0361275077636158 1.0779283317787498 1.188527873476507 1.347993436711147 1.400313341670173
150 1500 -0.426935405437332 -0.18861251060779413 0.02422372928597578 0.22542228978710124 0.24354041511797797 0.6562981603226844 0.747220217870188 0.8137255527282443 0.9292047646790231 1.0361275077636158 1.0779283317787498 1.188527873476507 1.347993436711147 1.400313341670173
151 1510 -0.4088776419708432 -0.17994589844448583 0.014997350204680116 0.2209565779628172 0.21491264675200492 0.6345290593438074 0.7432213049408569 0.9038484701785549 0.9935275075275706 1.0107348820893673 1.1013320466996566 1.2088439979757666 1.254969358699373 1.3870830444000268
152 1520 -0.380255075213247 -0.19640708677494 -0.014566861647140373 0.22148639812170776 0.21491264675200492 0.6345290593438074 0.7432213049408569 0.9038484701785549 0.9935275075275706 1.0107348820893673 1.1013320466996566 1.2088439979757666 1.254969358699373 1.3870830444000268
153 1530 -0.37575128444789496 -0.1936962961101049 -0.032129115907492435 0.22997734465789862 0.21491264675200492 0.6345290593438074 0.7432213049408569 0.9038484701785549 0.9935275075275706 1.0107348820893673 1.1013320466996566 1.2088439979757666 1.254969358699373 1.3870830444000268
154 1540 -0.36924678102069114 -0.18884046294535184 -0.01904691147091948 0.2471629957412798 0.21491264675200492 0.6345290593438074 0.7432213049408569 0.9038484701785549 0.9935275075275706 1.0107348820893673 1.1013320466996566 1.2088439979757666 1.254969358699373 1.3870830444000268
155 1550 -0.3550364217582345 -0.1884368314369393 -0.0076899262735048955 0.22543358522793802 0.21491264675200492 0.6345290593438074 0.7432213049408569 0.9038484701785549 0.9935275075275706 1.0107348820893673 1.1013320466996566 1.2088439979757666 1.254969358699373 1.3870830444000268
156 1560 -0.3635849421961219 -0.19772675088619923 -0.02084700450064346 0.20853963319407068 0.21491264675200492 0.6345290593438074 0.7432213049408569 0.9038484701785549 0.9935275075275706 1.0107348820893673 1.1013320466996566 1.2088439979757666 1.254969358699373 1.3870830444000268
157 1570 -0.39863403036213413 -0.19236204816630528 -0.014150385351802004 0.19764983808810244 0.21491264675200492 0.6345290593438074 0.7432213049408569 0.9038484701785549 0.9935275075275706 1.0107348820893673 1.1013320466996566 1.2088439979757666 1.254969358699373 1.3870830444000268
158 1580 -0.3932188016754515 -0.1926772401241447 -0.03632681639358952 0.19630600007458765 0.21491264675200492 0.6345290593438074 0.7432213049408569 0.9038484701785549 0.9935275075275706 1.0107348820893673 1.1013320466996566 1.2088439979757666 1.254969358699373 1.3870830444000268
159 1590 -0.40125792369360946 -0.17011417485763544 -0.016384512032998406 0.19952292407927472 0.21491264675200492 0.6345290593438074 0.7432213049408569 0.9038484701785549 0.9935275075275706 1.0107348820893673 1.1013320466996566 1.2088439979757666 1.254969358699373 1.3870830444000268
160 1600 -0.41577538287261206 -0.2002878339433868 -0.01703658367109808 0.2419666335728448 0.21491264675200492 0.6345290593438074 0.7432213049408569 0.9038484701785549 0.9935275075275706 1.0107348820893673 1.1013320466996566 1.2088439979757666 1.254969358699373 1.3870830444000268
161 1610 -0.4291128670198976 -0.19414541617561298 -0.017086223375826617 0.23427573740606222 0.2007275042688206 0.6316470412000196 0.7485534447486143 0.9593649278749302 1.0012048413475716 1.0701566854949651 1.1127495039039685 1.1854091932578974 1.2540539706626075 1.3100812642011492
162 1620 -0.4373128881858845 -0.176885919422427 -0.015374886595715192 0.22758342201256737 0.2007275042688206 0.6316470412000196 0.7485534447486143 0.9593649278749302 1.0012048413475716 1.0701566854949651 1.1127495039039685 1.1854091932578974 1.2540539706626075 1.3100812642011492
163 1630 -0.4501806717522769 -0.15811180237247696 -0.03546401353673623 0.22220394908223337 0.2007275042688206 0.6316470412000196 0.7485534447486143 0.9593649278749302 1.0012048413475716 1.0701566854949651 1.1127495039039685 1.1854091932578974 1.2540539706626075 1.3100812642011492
164 1640 -0.44328680992178326 -0.18625958641062912 -0.02915726405490883 0.2725928765496334 0.2007275042688206 0.6316470412000196 0.7485534447486143 0.9593649278749302 1.0012048413475716 1.0701566854949651 1.1127495039039685 1.1854091932578974 1.2540539706626075 1.3100812642011492
