% # columns="iteration, evaluation, sigma, axis ratio, bestever, best, median, worst objective function value, further objective values of best", seed=856258, Mon Mar  9 13:20:11 2020, <python>{}</python>
1 10 0.17575574526086157 1.0000450010125153 2.9107714427765417 2.9107714427765417e+00 3.2050276999670237 3.51708178459053   
2 20 0.18868665680082797 1.1273577753949955 2.4732830888083543 2.4732830888083543e+00 2.898284189663086 3.100308187382162   
3 30 0.20953048478504807 1.380852175302474 2.1026601946873633 2.1026601946873633e+00 2.4883112994371626 2.7972838461444596   
4 40 0.2174076173294655 1.5000364085162343 2.1026601946873633 2.2691842200368866e+00 2.498303679858883 2.584431185413063   
5 50 0.2394672806124015 1.5827926706424744 1.9661674625639116 1.9661674625639116e+00 2.2761785955673326 2.6167852552627098   
6 60 0.25344217226125393 1.6309911758062319 1.6641917290385204 1.6641917290385204e+00 2.2688720894961 2.91124289178942   
7 70 0.2694296999612115 1.786559643553261 1.6641917290385204 1.7168350317015886e+00 2.112565178729322 2.1555132106998607   
8 80 0.3017621981316992 1.8236450987951103 1.1845084018988115 1.1845084018988115e+00 1.6467109190730351 2.6506811484266395   
9 90 0.3483686596869203 1.9017311629162934 0.6635955337099305 6.6359553370993052e-01 1.0619025120838714 1.580935580007285   
10 100 0.37245874399056395 2.0456259412686117 0.43134763513544316 4.3134763513544316e-01 1.229017995802284 1.7824913003480476   
11 110 0.39766450352660737 2.1213714096519456 0.26824966429633684 2.6824966429633684e-01 0.7761971648414394 1.097705210875077   
12 120 0.41014329854235526 2.3035502703451542 0.26824966429633684 3.6517934352187348e-01 0.7719862297160156 1.5571119489424357   
13 130 0.414448151848717 2.224421939929219 0.19699922883482898 1.9699922883482898e-01 0.6789416091229903 0.814354090990267   
14 140 0.3812935382157051 2.343928066355514 0.11749127666668438 1.1749127666668438e-01 0.4485099557300098 0.5831255215111207   
15 150 0.37928060285759474 2.34164795747576 0.11749127666668438 1.7840407190662105e-01 0.27095254879954955 0.5192903960983691   
16 160 0.38010894971718523 2.362893160228578 0.11749127666668438 1.2138787633458652e-01 0.24874696732290666 0.6503809724666578   
17 170 0.3774552135291305 2.2462889319775527 0.11749127666668438 1.2684890621014042e-01 0.1902116673770257 0.6620981855874479   
18 180 0.39054949083450613 2.3181206001179224 0.05582444037569916 5.5824440375699162e-02 0.27477116602303203 0.43142398780213315   
19 190 0.3915398650972359 2.3563623332715755 0.05582444037569916 1.3044962219723261e-01 0.2074122135164349 0.397513139855401   
20 200 0.3726692616021934 2.3076579853420425 0.05582444037569916 8.7130882111179378e-02 0.2847220778099531 0.3567448145424277   
21 210 0.3271549631336926 2.407091081914651 0.05582444037569916 6.8227308920198140e-02 0.1842242149711991 0.3406840512055483   
22 220 0.3007486160922486 2.360150820769333 0.05582444037569916 6.3145453595881931e-02 0.13225728233280798 0.33946490068168633   
23 230 0.280498125576806 2.3169086881295446 0.03491094075628575 3.4910940756285751e-02 0.0766142386100332 0.21804215035499763   
24 240 0.2674099895069418 2.307171737590809 0.03491094075628575 6.0071194697307193e-02 0.12553835843984915 0.18756575389253713   
25 250 0.25823288180012854 2.2821329282315306 0.02855446160490444 2.8554461604904439e-02 0.08002172448441401 0.151750342040728   
26 260 0.2551402460157833 2.3803705294490642 0.022463288839283946 2.2463288839283946e-02 0.06370123293552472 0.12819607820685536   
27 270 0.2388210836713508 2.4441814886678697 0.022463288839283946 2.8411678367793586e-02 0.05372652102465331 0.10127071994230655   
28 280 0.22386667240228955 2.401923963998306 0.021049362466286522 2.1049362466286522e-02 0.04025361330509954 0.10910559612803275   
29 290 0.20813875689878023 2.420110365536462 0.014265137070408093 1.4265137070408093e-02 0.031007929033838547 0.09140628652301429   
30 300 0.1923711627095096 2.4516569526758394 0.011045621349287979 1.1045621349287979e-02 0.03274400171426194 0.05474519855765241   
31 310 0.194737376776581 2.5026247205440724 0.011045621349287979 1.6874085834403852e-02 0.03318991290368464 0.062152380404947104   
32 320 0.1835582294375534 2.5772095419467314 0.011045621349287979 1.6309149306241874e-02 0.0380970966588134 0.07566786305487976   
33 330 0.19576040489678478 2.5908473038192765 0.00904848051062215 9.0484805106221498e-03 0.025897110772714785 0.05734592870934201   
34 340 0.18772295296602676 2.5319281981994006 0.00904848051062215 1.5194309256159888e-02 0.026538777692607856 0.06836032056148734   
35 350 0.1781520598724798 2.584845197966109 0.006254062224394175 6.2540622243941746e-03 0.02866868248591603 0.06467339399578592   
36 360 0.16522705077535838 2.6010083301725397 0.006254062224394175 8.6408838320782139e-03 0.02418651904652989 0.03390123564886052   
37 370 0.148923039043896 2.6217680483198778 0.004964413802382189 4.9644138023821893e-03 0.01903462177657858 0.05865014890417314   
38 380 0.12938471232565074 2.635293679283006 0.0031317557590372636 3.1317557590372636e-03 0.011148732768137437 0.022912293758345543   
39 390 0.12066742266447475 2.6862557728880905 -2.220475880141913e-05 -2.2204758801419128e-05 0.01058451125448315 0.02199054778634248   
40 400 0.12129471290706198 2.6716481107445587 -2.220475880141913e-05 -1.4278960381017812e-05 0.00805774394322989 0.020842658039488163   
41 410 0.11791268357452682 2.6202908705794923 -7.159126655597328e-05 -7.1591266555973284e-05 0.007246685454805224 0.01637434029990685   
42 420 0.10201247795427217 2.55335844395586 -7.159126655597328e-05 -6.4470077771232472e-05 0.003776068491015666 0.01553902561808479   
43 430 0.09585074527560053 2.62814122341456 -7.159126655597328e-05 -4.7237747900990225e-07 0.0035822216701842102 0.00932218260900436   
44 440 0.09079721150072433 2.597474302949157 -7.829700532317795e-05 -7.8297005323177946e-05 0.00022727292932356313 0.005478721900886496   
45 450 0.08507105202697697 2.6281359010509573 -7.829700532317795e-05 -4.8916801698494636e-05 0.0048837077842693866 0.00855366479304645   
46 460 0.08295193016977498 2.6943982965432576 -7.829700532317795e-05 -4.3557838864265909e-05 -1.0711275065132328e-05 0.005143308463017748   
47 470 0.07776808009048072 2.58384040131189 -7.829700532317795e-05 -4.7626381028346144e-05 -1.2335346563105068e-05 0.005262847528489462   
48 480 0.07332887499014516 2.564967322235141 -7.873058742858318e-05 -7.8730587428583180e-05 -1.2880196633022719e-05 0.006259379620985439   
49 490 0.06865619832428246 2.5723313808889157 -8.681070880227025e-05 -8.6810708802270245e-05 0.0006698571501024819 0.00410034367053716   
50 500 0.06603887697330722 2.619493624494829 -9.888889594956311e-05 -9.8888895949563108e-05 -1.3225932469645856e-05 0.00309534339211473   
51 510 0.06515804576000123 2.5726651000442744 -0.00010417634028841417 -1.0417634028841417e-04 -1.7989901324000265e-05 0.002372879866403166   
52 520 0.06296287654134751 2.4900883140647823 -0.00010417634028841417 -7.4347978415065911e-05 -2.206410353357578e-05 0.004683605154207529   
53 530 0.06363543058119932 2.4655838472097305 -0.00010417634028841417 -8.9665369067794070e-05 0.001613039003635297 0.008482577453146234   
54 540 0.059891624108747175 2.4319225599418384 -0.0001058776192720273 -1.0587761927202730e-04 -2.2071101071946506e-05 0.0022430461637890087   
55 550 0.05803308581589063 2.4389705615719 -0.00010725236950681086 -1.0725236950681086e-04 -2.9124209894003854e-05 0.003984663482916817   
56 560 0.05499680927572955 2.3687028280402185 -0.00012365949612870914 -1.2365949612870914e-04 -9.17760048395077e-05 0.0010482773341271567   
57 570 0.05426582997099022 2.41787989130907 -0.0001310734501294418 -1.3107345012944180e-04 -6.0764143842216705e-05 0.0012860067490417237   
58 580 0.0488801718200661 2.464931491756359 -0.0001310734501294418 -1.2230656997349419e-04 -6.608392809176067e-05 -5.332511983679701e-06   
59 590 0.045867963992609014 2.5390396312666987 -0.0001310734501294418 -1.0787609354928293e-04 -4.777214068271447e-05 0.0008944435505376658   
60 600 0.043638585626475775 2.5339759746990187 -0.0001310734501294418 -1.0505408013588312e-04 -7.264784472319982e-05 0.0009709871493195354   
61 610 0.04152918778189154 2.5263847312695065 -0.0001310734501294418 -1.0257559437962514e-04 -7.463269619933917e-05 0.0021053782254273623   
62 620 0.03995732342179606 2.5114279378261863 -0.0001310734501294418 -8.7685728505477418e-05 -7.396532929192347e-05 0.00388476992854897   
63 630 0.03883487602886317 2.551052884619832 -0.0001310734501294418 -1.1199998395301899e-04 -7.962018390470337e-05 0.0028060289943864225   
64 640 0.03808283989206408 2.406819341675076 -0.0001310734501294418 -1.1936063088543506e-04 -7.005977470982545e-05 0.0019541787059866034   
65 650 0.036214274320146705 2.2993362871442296 -0.0001310734501294418 -1.1926149002146852e-04 -4.934965730591632e-05 0.0031549200082059137   
66 660 0.03452596250864463 2.2851796440454186 -0.00013763348295972355 -1.3763348295972355e-04 -5.9512571643726796e-05 0.00046052448172881344   
67 670 0.03179583807019956 2.3160224331048065 -0.00013763348295972355 -1.2608738534499584e-04 -9.356688664118296e-05 -6.907582787135621e-05   
68 680 0.03113742222895465 2.3720785381035285 -0.00013980741503258822 -1.3980741503258822e-04 -5.300951309861032e-06 0.0016045592544172427   
69 690 0.02969856713014909 2.4827603662738107 -0.00013980741503258822 -1.2361949121548360e-04 -8.187192585424379e-05 -2.3446444033226008e-06   
70 700 0.02795313587221796 2.54401819282847 -0.00013980741503258822 -1.3390079046458580e-04 -0.00010885065921632475 -3.562560703452537e-05   
71 710 0.02732042950100345 2.5893117520605946 -0.00013980741503258822 -1.3174966235302254e-04 -6.915399037998026e-05 0.0008316651153837951   
72 720 0.025433279327117496 2.4263836283774993 -0.0001418470782452241 -1.4184707824522409e-04 -7.475921968167826e-05 -2.8670128259365163e-05   
73 730 0.025435645818306055 2.36841645587659 -0.0001418470782452241 -1.3810145393506739e-04 -0.00011421957684070736 -1.5823738036868247e-05   
74 740 0.025909645031097845 2.2539230252418987 -0.0001418470782452241 -1.3732442333448149e-04 -0.00011524693700292912 -7.485507665299062e-05   
75 750 0.027924899313840602 2.3319385784383244 -0.0001418470782452241 -1.3384797681518514e-04 -0.0001152192357914312 -2.4180265726264986e-05   
76 760 0.03024373815932235 2.4279469344480233 -0.0001418470782452241 -1.2749357784027954e-04 -9.827766524434807e-05 -4.2374349430428174e-05   
77 770 0.03065207738538864 2.3725258347187514 -0.0001418470782452241 -1.3479980438810946e-04 -0.00011511882755015733 -3.5345036281809383e-06   
78 780 0.030280312696038817 2.391112690746032 -0.0001418470782452241 -1.3602891646025017e-04 -7.563751070999137e-05 -2.2451615379791516e-05   
79 790 0.02920841744291893 2.4779268754170536 -0.0001418470782452241 -1.2955384416570077e-04 -9.870639989581396e-05 0.0005930854969886101   
80 800 0.02731085574144731 2.47715995932241 -0.00014199768612524819 -1.4199768612524819e-04 -0.00010553859893116086 -1.4062391540967343e-06   
81 810 0.024995198269243884 2.4306620785998327 -0.00014199768612524819 -1.3433434747209822e-04 -8.779175284045827e-05 -1.3693773613431876e-05   
82 820 0.023461751687821032 2.46316875747918 -0.00014199768612524819 -1.3079936233531992e-04 -0.00010408713054455948 -7.391470305505087e-06   
83 830 0.021534054013544232 2.4493103586938423 -0.00014199768612524819 -1.3235109597912635e-04 -0.00012333138554406365 -0.0001096393408031965   
84 840 0.019944606081527858 2.4999223932899746 -0.00014199768612524819 -1.3301528907776265e-04 -0.00011595810024339113 -8.270680361977896e-05   
85 850 0.020058063425188854 2.5432541831330346 -0.00014199768612524819 -1.4061477850529634e-04 -0.00012201843505870176 -7.606731416099456e-05   
86 860 0.02009861279381386 2.5604478019805135 -0.00014199768612524819 -1.3751271631686521e-04 -0.00012801232105936214 -5.322295353756602e-05   
87 870 0.020355733825174006 2.6769280257282144 -0.00014199768612524819 -1.3739858688720894e-04 -0.00012829067345545715 -3.98161973958163e-05   
88 880 0.019802381513283826 2.5909803336772597 -0.00014199768612524819 -1.3762320459726981e-04 -0.00011720605514690924 -0.0001040819501690038   
89 890 0.019140759316200538 2.6510225116229402 -0.00014199768612524819 -1.4082326660150334e-04 -0.00012901278956832234 -0.00011703606604470556   
90 900 0.017349951863375856 2.70767048840273 -0.00014271352548401802 -1.4271352548401802e-04 -0.00013311076958531757 -0.0001123216012299561   
91 910 0.01663405604503076 2.7843236129368636 -0.00014511638825843418 -1.4511638825843418e-04 -0.0001389394159881986 -0.0001128484346604835   
92 920 0.016096836417564684 2.774066653165027 -0.00014511638825843418 -1.4383620899366520e-04 -0.0001381190000185147 -0.00013410883100797047   
93 930 0.015636334073719588 2.816494343210606 -0.00014657887521520222 -1.4657887521520222e-04 -0.00013990062763436084 -0.00010383749994413733   
94 940 0.015396936506522914 2.8932323721648143 -0.00014657887521520222 -1.4592418495821397e-04 -0.0001373953699976906 -0.00011583242607100417   
95 950 0.01556510042645449 2.8670683411485256 -0.00014673609934008942 -1.4673609934008942e-04 -0.000140571701779748 -0.00013364707914957855   
96 960 0.0163963963000489 2.8792257253289617 -0.00014802463448840942 -1.4802463448840942e-04 -0.0001441596802765247 -0.0001388704352845391   
97 970 0.016788557954256694 2.8348524797354324 -0.00014802463448840942 -1.4669417187177007e-04 -0.000144330306965491 -0.00014084425275075722   
98 980 0.01682267515276153 2.932889399255883 -0.00015014782966187422 -1.5014782966187422e-04 -0.0001459515414716737 -0.00012933996018265825   
99 990 0.016434096629161527 2.856688296511691 -0.00015014782966187422 -1.4941351386543833e-04 -0.0001471449872285208 -0.00014277739579682814   
100 1000 0.016167619070049922 2.867334062246685 -0.00015014782966187422 -1.4749180254284690e-04 -0.00014339342013952458 -0.0001384131361761175   
101 1010 0.014526301108220707 2.9405383263527605 -0.00015014782966187422 -1.4705379582395146e-04 -0.0001441581794272635 -0.00013087587608217447   
102 1020 0.012904659271319435 2.887714302751224 -0.00015014782966187422 -1.4951878877335486e-04 -0.00014395969531450149 -0.0001315534626329725   
103 1030 0.011981362577861122 2.951582594407798 -0.00015014782966187422 -1.4971456724014481e-04 -0.00014728422001174986 -0.00014073440711023544   
104 1040 0.01162025785634077 3.022252706379761 -0.00015063177628398778 -1.5063177628398778e-04 -0.00014820610260848566 -0.0001431658195070753   
105 1050 0.011410621487037389 2.9861463707454616 -0.0001507086435321273 -1.5070864353212729e-04 -0.00014798003941991216 -0.00014524326697558097   
106 1060 0.010718683215558427 3.234938861526978 -0.0001507086435321273 -1.5032025246204767e-04 -0.00014926803252963484 -0.00014663964211265377   
107 1070 0.010401467038429991 3.3571184601407635 -0.0001507086435321273 -1.4972533751037533e-04 -0.00014873527902408313 -0.00014697180237764458   
108 1080 0.010514228627255194 3.377303569412772 -0.0001507086435321273 -1.5026542466542740e-04 -0.00014907196685794158 -0.00014651740478306038   
109 1090 0.01019880050337339 3.46433106332119 -0.0001507086435321273 -1.5062881067397837e-04 -0.00014927614899316874 -0.00014715407798131531   
110 1100 0.009538176369209403 3.634780400499131 -0.0001509046071171792 -1.5090460711717919e-04 -0.0001497124164370339 -0.00014835021104648362   
111 1110 0.008886291060108317 3.801394479330609 -0.0001509046071171792 -1.5076143413984881e-04 -0.0001501086816740314 -0.0001479084590419633   
112 1120 0.008546448216816995 3.8532121702994226 -0.0001510970878261818 -1.5109708782618181e-04 -0.00014971478160185522 -0.00014809368975464125   
113 1130 0.008282332130483645 4.0428321778719205 -0.00015132163809495182 -1.5132163809495182e-04 -0.00015072101780029063 -0.0001497751844950133   
114 1140 0.008424433781618059 4.00232637616605 -0.00015147373053491344 -1.5147373053491344e-04 -0.0001506825192465707 -0.00014887162678324463   
115 1150 0.00858305660987431 4.007968894467544 -0.0001515911416437324 -1.5159114164373241e-04 -0.00015129199446307898 -0.00015062740380622218   
116 1160 0.008716652946141377 4.034091302981347 -0.0001515911416437324 -1.5150160301770243e-04 -0.0001509904927651745 -0.00015027885505229617   
117 1170 0.00840617699074485 4.125162195636824 -0.0001515911416437324 -1.5149220830551710e-04 -0.00015104664826324542 -0.000147811860001281   
118 1180 0.008076435592824146 4.068878608550625 -0.0001516058595032388 -1.5160585950323879e-04 -0.00015075273192789672 -0.00014946027582380837   
119 1190 0.007348195622799666 4.0735281916374575 -0.00015167481074926606 -1.5167481074926606e-04 -0.00015097567648384756 -0.00015029007057347005   
120 1200 0.006719164332435332 4.1146916888496365 -0.0001517787158220004 -1.5177871582200040e-04 -0.00015139486898295906 -0.0001508293348122853   
121 1210 0.006189670118021524 4.2013382690896295 -0.0001518661119426288 -1.5186611194262879e-04 -0.00015134025306509256 -0.00014956754539557088   
122 1220 0.006347569594051999 4.320972445697055 -0.0001518661119426288 -1.5181863269609478e-04 -0.00015160716431990225 -0.000151333391797376   
123 1230 0.0056894451559626755 4.509590280986376 -0.0001519418712948107 -1.5194187129481069e-04 -0.00015164416353050884 -0.00015132779305311207   
124 1240 0.005348664695176887 4.546459271547585 -0.0001519418712948107 -1.5190355600624574e-04 -0.0001516640683080417 -0.0001510744087222584   
125 1250 0.005257154134083517 4.609046669478864 -0.0001519418712948107 -1.5187736878472254e-04 -0.00015170891215928383 -0.00015112051437023277   
126 1260 0.0047596738523626786 4.709563743654373 -0.0001519418712948107 -1.5192014403008465e-04 -0.00015170971155204144 -0.0001514927286775471   
127 1270 0.004294317265660202 4.8791448170237395 -0.0001519418712948107 -1.5194099279187094e-04 -0.0001517681039489741 -0.00015133711343386018   
128 1280 0.004183007018239815 4.922478629792156 -0.0001519418712948107 -1.5193516612261527e-04 -0.00015188523019292918 -0.00015172768330446942   
129 1290 0.003870680072897816 5.11747532981056 -0.0001519908001988482 -1.5199080019884820e-04 -0.00015184635289269076 -0.00015158527658082373   
130 1300 0.003674503603790737 5.15164344355662 -0.00015203106951402798 -1.5203106951402798e-04 -0.00015191927339649214 -0.0001516374116193525   
131 1310 0.003639278376771985 5.206617275277799 -0.000152031311231793 -1.5203131123179300e-04 -0.00015195965951758368 -0.00015186329729982378   
132 1320 0.003739949321066485 5.318757832770469 -0.00015209201408571807 -1.5209201408571807e-04 -0.00015197009908862524 -0.00015191218747726278   
133 1330 0.0033662497341525616 5.290524361072602 -0.00015209201408571807 -1.5203901157575896e-04 -0.0001519989657590131 -0.0001519235708470225   
134 1340 0.0031998823197319707 5.383322190906035 -0.00015209201408571807 -1.5205747588302213e-04 -0.0001519414304935691 -0.00015188100359712157   
135 1350 0.002735372272317155 5.468578559848935 -0.00015209201408571807 -1.5207571395789606e-04 -0.00015195183140473967 -0.0001518205378146233   
136 1360 0.0025614583320722807 5.525567281634028 -0.00015209201408571807 -1.5207360208569927e-04 -0.0001520325676424294 -0.00015199069391652506   
137 1370 0.002451393721572716 5.871590891422186 -0.0001520954925862659 -1.5209549258626590e-04 -0.00015206400062444905 -0.0001519704884693629   
138 1380 0.002293610248005037 5.888315975280432 -0.0001520954925862659 -1.5209348436308871e-04 -0.00015204217494427878 -0.00015201297537562535   
139 1390 0.0021157143142816423 6.01139088607544 -0.0001520954925862659 -1.5209189781283691e-04 -0.0001520572802600249 -0.0001520084255743718   
140 1400 0.0018228543165460954 6.267306895723839 -0.00015210953072885972 -1.5210953072885972e-04 -0.00015206497627112404 -0.00015196700274558434   
141 1410 0.0017662291295379203 6.427938387127182 -0.00015211457068808128 -1.5211457068808128e-04 -0.00015208412892784136 -0.00015205626521643336   
142 1420 0.001925254103419119 6.358984894510072 -0.0001521158792677311 -1.5211587926773111e-04 -0.00015209701963837317 -0.0001520400083689442   
143 1430 0.0020551993286120744 6.48064862248356 -0.00015212282586505305 -1.5212282586505305e-04 -0.00015210244121034193 -0.00015206874666075188   
144 1440 0.002098439943745543 6.488827186337559 -0.00015212575505137814 -1.5212575505137814e-04 -0.00015210052126965207 -0.0001520848979591494   
145 1450 0.0021081423035376337 6.572931469657928 -0.00015213315146394332 -1.5213315146394332e-04 -0.00015209714034658168 -0.0001520614669605414   
146 1460 0.0018649102513254837 6.650673186555394 -0.00015213315146394332 -1.5213047384082665e-04 -0.00015209866899236837 -0.00015208914289824535   
147 1470 0.001692838490547035 6.675984901552718 -0.00015213434348167968 -1.5213434348167968e-04 -0.00015211194846993946 -0.00015209316254119706   
148 1480 0.0018141727754141278 6.59454837533162 -0.00015214282751274563 -1.5214282751274563e-04 -0.000152122667453356 -0.00015211349321414533   
149 1490 0.0019587233381157874 6.738279204509389 -0.0001521488306415312 -1.5214883064153121e-04 -0.00015212376644484639 -0.0001521011788139906   
150 1500 0.0022953817819142282 6.7697716640756544 -0.0001521488306415312 -1.5214787340469605e-04 -0.0001521356105454627 -0.00015210644609723792   
151 1510 0.002517448367984431 6.932957183991796 -0.00015215128055454154 -1.5215128055454154e-04 -0.00015213823999550186 -0.00015210017284019835   
152 1520 0.0025699318492377068 6.677867665207576 -0.0001521533644501255 -1.5215336445012549e-04 -0.0001521204321857986 -0.00015209449025760225   
153 1530 0.002695620110461501 6.534694458443263 -0.0001521533644501255 -1.5213879858677769e-04 -0.00015212980681103815 -0.0001520932357938237   
154 1540 0.0026494699879762267 6.687900775123028 -0.0001521533644501255 -1.5213937747873360e-04 -0.00015211573347423946 -0.0001520647739776697   
155 1550 0.002416186695142682 6.80005484514448 -0.0001521533644501255 -1.5215058752056322e-04 -0.00015212646259731957 -0.00015209046169475945   
156 1560 0.0020716419022169283 6.919609450395644 -0.00015215586318608642 -1.5215586318608642e-04 -0.00015214569421938168 -0.00015212177312533384   
157 1570 0.0019584260444032186 6.8781527789957035 -0.00015215586318608642 -1.5215371437373780e-04 -0.0001521425994592842 -0.00015211861321932278   
158 1580 0.001784918030288188 6.829672231193986 -0.00015215586318608642 -1.5215573159102453e-04 -0.00015213690551973047 -0.0001521257404175325   
159 1590 0.001593562363215073 6.768775943890628 -0.0001521561222877335 -1.5215612228773351e-04 -0.00015214849601155614 -0.00015214280084363595   
160 1600 0.0015518541574283805 6.762290586447303 -0.00015215774180670717 -1.5215774180670717e-04 -0.00015215122079538341 -0.00015213921418232547   
161 1610 0.0014280962565161814 7.282302217857791 -0.00015216020209856798 -1.5216020209856798e-04 -0.00015214491734562259 -0.000152138126482808   
162 1620 0.001316591226561612 7.080734084075696 -0.00015216121432569467 -1.5216121432569467e-04 -0.0001521521387844808 -0.00015214969037537633   
163 1630 0.001268410015325809 7.313056070844994 -0.00015216249370976346 -1.5216249370976346e-04 -0.00015215528040452667 -0.00015213979089432898   
164 1640 0.001264688222677311 7.385405142045113 -0.00015216249370976346 -1.5216229216528517e-04 -0.00015215663615474135 -0.00015214836275006242   
