% # columns="iter, evals, sigma, 0, fitness, xbest" seed=856258, Mon Mar  9 13:20:11 2020, <python>{}</python>
1 10 0.17575574526086157 0 2.9107714427765417 -0.9927404553590606 -1.2208920540908568 -0.819359709622674 -1.0756574752722243 -0.9570457529453873 -1.1654601580761033 -0.8360475165996055 -1.1036597096540153 -0.611558858529132 -0.7610382359318708
2 20 0.18868665680082797 0 2.4732830888083543 -0.6856591219460375 -0.7679858980866034 -0.8732515444219678 -0.8035965320133192 -0.5967894221125416 -1.1165575291728276 -0.6556648736287614 -1.3752989482246811 -0.8797302623136803 -0.688731512608055
3 30 0.20953048478504807 0 2.1026601946873633 -0.5350853555000415 -0.7760716637677384 -0.7690939014349067 -0.6930009016594492 -0.8691134953509692 -0.7644608490451792 -0.5068629056302374 -1.0319773506855205 -1.0772455660852926 -0.520541569901314
4 40 0.2174076173294655 0 2.2691842200368866 -0.7399697218273857 -0.7087561170655161 -1.1534243758967317 -0.8192678808121058 -0.8564421888631841 -0.46103759163445185 -0.547739604841958 -0.8173725171385062 -1.1474484046079882 -0.6965053052537086
5 50 0.2394672806124015 0 1.9661674625639116 -0.7810306073884377 -1.2963820196435225 -0.7984012053808965 -0.5297128813432381 -0.5834762501487218 -0.42685620928524504 -0.5159369134001391 -0.9103020618232868 -0.8428476547636377 -0.38541206276659484
6 60 0.25344217226125393 0 1.6641917290385204 -0.11411893643009918 -0.4943516353536883 -0.9095448912357312 -0.5030303902509328 -0.4554572276431185 -0.8239536378301433 -0.45329829130072014 -0.9566561561871257 -0.9685819572022195 -0.5376800395877706
7 70 0.2694296999612115 0 1.7168350317015886 0.1346274550410737 -0.6741742861456048 -0.3509367126669717 -0.19450027232703443 -0.8048952684698418 -1.3196369704117048 -0.6458470299191912 -1.0376909355943755 -0.7139410908969294 -0.45432482198009755
8 80 0.3017621981316992 0 1.1845084018988115 -0.005026256763514175 -0.8924660294667485 -0.29030935687281734 -0.6725033436085794 -0.5007812264072768 -0.7543044038340547 -0.3660462915275415 -0.405977513103847 -0.3392311154586226 -0.5714948664919809
9 90 0.3483686596869203 0 0.6635955337099305 0.3513447036845588 -0.4573235749309814 -0.49989340301445895 0.16701827874887204 -0.7757012353016526 -0.8479542778668273 -0.04502368192472167 -0.23771449962396357 -0.12392976110418458 -0.17347680538265386
10 100 0.37245874399056395 0 0.43134763513544316 0.6009417584650788 -0.5577999944556012 -0.40561679185428345 -0.11006756019683399 -0.376491031299545 -0.4968106503998679 -0.04951764588590245 -0.1688016902187543 -0.11857018675362174 -0.20866620846915285
11 110 0.39766450352660737 0 0.26824966429633684 0.8924462289324967 -0.5879617447075753 -0.3459051386480328 0.2790141405643582 -0.37470021725542363 -0.14345721562649283 0.2738167769769569 -0.37039919410592204 -0.2172581253058671 -0.04183655652194873
12 120 0.41014329854235526 0 0.3651793435218735 0.9728085981248119 -0.3793421495879144 -0.2042845198630043 0.2881177753016677 -0.5763785270280244 -0.8081248301901942 0.3360499668367403 -0.36612810224442427 0.2044853021188296 -0.06120781052434883
13 130 0.414448151848717 0 0.19699922883482898 0.9829286270409954 -0.27781459721673046 0.3181928149317529 0.4014056285746396 0.17574762643015485 0.155955844795427 0.5532244591598618 -0.5006811968074112 -0.324906136780812 0.1704299172204647
14 140 0.3812935382157051 0 0.11749127666668438 0.7859556624504693 -0.10508012994998292 0.08600744699338017 0.16679344179568267 -0.48472109644793854 -0.4807411096191531 0.11824929510750043 -0.13538610865873707 0.15819686732826616 0.025925492830672622
15 150 0.37928060285759474 0 0.17840407190662105 0.9884830078612118 0.13023728516540467 0.1593457174703752 0.5895719561477085 0.15379358970085477 0.4227447092669221 -0.09747574228738165 -0.519753837482783 -0.21676920300536662 0.06627211707799238
16 160 0.38010894971718523 0 0.12138787633458652 1.0390032760405112 -0.19101951109061774 0.30038816229930126 0.5284254817235168 0.39088505866167006 0.15011265092585135 0.4783945193475692 0.009058125790532223 0.1608238476309801 0.27978725024640716
17 170 0.3774552135291305 0 0.12684890621014042 0.7793519887720706 -0.3930867137815917 -0.08547276874051646 0.16050137964505043 0.5831007778062902 0.09394360342256612 0.2039946248225811 0.23271360453413537 -0.002422234947002763 -0.3220057235742685
18 180 0.39054949083450613 0 0.05582444037569916 0.7345880261223287 0.30139446727414043 0.1552660888464441 0.5866863790690788 0.6643204739716979 0.6427242522660502 0.26549526269500384 0.9260906213032896 0.34716598212309807 0.355104669208424
19 190 0.3915398650972359 0 0.1304496221972326 0.688315523196076 0.2279150542021323 -0.2835783008964141 0.38383307308375003 0.5821673814258964 0.7570512401016358 0.2211388346908944 -0.02724917548822381 0.010483298957114612 -0.1041785560562084
20 200 0.3726692616021934 0 0.08713088211117938 0.1394969097817637 -0.177782464015201 -0.22309146532317417 0.027257206535898526 0.4031943574514719 0.4706860202030868 -0.12994341038200888 0.6150209866182612 -0.07295355055792094 -0.16237012403576473
21 210 0.3271549631336926 0 0.06822730892019814 0.20502461224161045 -0.27687696832360437 -0.19984010252856238 0.09174586566501755 0.19866801343976598 0.483659955221736 -0.2286703885888461 0.49112686894105817 0.10360685790961521 0.12193111203142679
22 220 0.3007486160922486 0 0.06314545359588193 0.26910515081638514 0.16275082393136167 0.12403768247963728 0.018932762460699804 0.1572259884537519 0.376166197127808 -0.1722864270427121 0.6753449883548651 -0.07120260804472105 0.4334373458898788
23 230 0.280498125576806 0 0.03491094075628575 0.30280451035109146 -0.15864193768868207 -0.01302437358216145 0.1736136175795519 0.039421825659726406 0.061110570093763805 0.3902948502624634 0.249849752920649 -0.15904390369075666 0.2801940061839662
24 240 0.2674099895069418 0 0.06007119469730719 0.42935164586482044 -0.3171025746880242 0.18089920858945058 0.13027862223881118 0.17291477579095216 0.16918792931011428 0.3202730889621631 0.42954059375809295 -0.22887673523290425 0.21427738599760307
25 250 0.25823288180012854 0 0.02855446160490444 0.1753262135638238 0.5626592166750858 0.09117972787330025 0.1062455109312782 0.5612327904705954 0.1186694281300487 0.15285302804630757 0.3162894616227036 0.41487551468241946 0.27487516955005237
26 260 0.2551402460157833 0 0.022463288839283946 0.26045733099368623 0.36343483850957337 0.06309250742618089 0.16181597343883447 0.5558570408985397 0.2813830985765357 0.14462795392284933 0.3755194756552466 0.5282637885602472 0.33429591841671263
27 270 0.2388210836713508 0 0.028411678367793586 0.3913565389403843 -0.011415060030361968 0.45474980149646815 0.3998842175036276 0.5016176466773685 0.2704475721911529 0.42075179534540297 0.5628097307482899 0.18680830709664425 0.5707147851069619
28 280 0.22386667240228955 0 0.021049362466286522 -0.02935642237302777 0.13331097628298721 0.07378874471248487 0.18992923868130804 0.2531281628386664 0.3199345623553421 0.358220295364284 0.1956023146271681 -0.004932539946906567 0.45229657130217327
29 290 0.20813875689878023 0 0.014265137070408093 0.3673866451164248 0.1873437247821074 0.2961625077591678 0.5791320307022338 0.11964851057385795 0.3650084746637492 0.2606375936873479 0.35852917180878374 0.19726257150037685 0.3360016592448274
30 300 0.1923711627095096 0 0.011045621349287979 0.34963237518616497 0.28300431341937493 0.15764280765052108 0.45923484324258046 0.4093615213926072 0.39724199642023295 0.23590441293820022 0.42277600310387176 0.40162554619413027 0.1447099391445616
31 310 0.194737376776581 0 0.016874085834403852 0.587994421540752 0.42957340244612663 0.3537078504997539 0.5937964800540707 0.4065387153348554 0.4688873790391828 0.7814909322743414 0.6087083807977524 0.2851576362614665 0.3444598223021964
32 320 0.1835582294375534 0 0.016309149306241874 0.5283276512512209 0.24878861897650528 0.3398700147139238 0.4911149784318697 0.29796187166178123 0.5687644964620309 0.5856720549564668 0.43809614684932974 0.09324632688385454 0.26178579377555067
33 330 0.19576040489678478 0 0.00904848051062215 0.6057004500534222 0.48313038453104185 0.5104732845149366 0.3032803959405751 0.4024318573620278 0.7253164004197317 0.5161092282466813 0.40685709496247763 0.3439349827999808 0.4156062920733196
34 340 0.18772295296602676 0 0.015194309256159888 0.8259199212927363 0.5025922059679895 0.42672682837075143 0.5995789292325339 0.40134687285149373 0.6142436270632539 0.5911712652776099 0.532984174787212 0.578192704016348 0.28904565827412876
35 350 0.1781520598724798 0 0.006254062224394175 0.35579481580089034 0.2972292196499756 0.5411895980744026 0.41809838054782544 0.47039527309544993 0.655697596093073 0.358645143177892 0.33329555207579625 0.3720272815830846 0.35516823274472936
36 360 0.16522705077535838 0 0.008640883832078214 0.22942985911589148 0.1292796376615621 0.2766871573127859 0.18591446679398738 0.27944607200038313 0.4904218506503417 0.34398060813545345 0.35962950459658566 0.19780174114099536 0.35981163640797065
37 370 0.148923039043896 0 0.004964413802382189 0.32551524482984917 0.35402424475822114 0.5667486551281427 0.31336297605176244 0.33820496087369256 0.5470875430709878 0.3686159821173045 0.42443666206009517 0.16634804769107825 0.4631254609295384
38 380 0.12938471232565074 0 0.0031317557590372636 0.39446673550320827 0.44895058778070795 0.41251493978563086 0.27752471801526657 0.40142571869568516 0.6199223305421055 0.38146681634840807 0.5125018427810483 0.3241036856809731 0.37929258421045114
39 390 0.12066742266447475 0 -2.220475880141913e-05 0.3509446967525321 0.21562401104369236 0.3349801716940593 0.27629634260200714 0.30771908081110155 0.4637789484161312 0.3899865688990069 0.37509980799069 0.5292039255788673 0.3314114250812942
40 400 0.12129471290706198 0 -1.4278960381017812e-05 0.3683901711342604 0.336986508660112 0.46859806015926303 0.3177793546311859 0.3658680358702547 0.4362806691622879 0.48507786534475905 0.41113979280451257 0.4368220717433892 0.5277789121428074
41 410 0.11791268357452682 0 -7.159126655597328e-05 0.3542135851096684 0.3785932163877282 0.2756234319100929 0.34600167684120436 0.29802458547966926 0.37646560970633436 0.4343239890391785 0.31473617175937035 0.47284101863706135 0.30656379877265705
42 420 0.10201247795427217 0 -6.447007777123247e-05 0.3812362550562873 0.463837205263031 0.33663198769433644 0.323234645708922 0.3811263299409916 0.5348994913188035 0.494925286752177 0.3996283864448765 0.37712473460440765 0.3835667613185449
43 430 0.09585074527560053 0 -4.7237747900990225e-07 0.4345924878589234 0.38341394040744725 0.3776966686059937 0.43355933228453414 0.41599734409629047 0.41187614039141857 0.48889682191542505 0.30486925377604907 0.5007092585715007 0.5855850875156705
44 440 0.09079721150072433 0 -7.829700532317795e-05 0.46091601715201924 0.4114611516801464 0.44595693228128985 0.4022713862112912 0.3053486916284895 0.402703658193645 0.46610546832213634 0.29718673921365657 0.4672668930221702 0.4197628516993897
45 450 0.08507105202697697 0 -4.8916801698494636e-05 0.3557311478930557 0.3493146538642026 0.4585173221717825 0.23227219400179772 0.3452262262079843 0.3794712573554123 0.46110870914171387 0.3426516104962306 0.4194370340004793 0.4881406133346726
46 460 0.08295193016977498 0 -4.355783886426591e-05 0.45990492081562084 0.4076984016117332 0.4461455639686971 0.36256848141638387 0.35522358973438306 0.4403263227109001 0.442084278462704 0.28271228553697203 0.4267500636841015 0.5131994095666984
47 470 0.07776808009048072 0 -4.7626381028346144e-05 0.377266455590745 0.3906116233870838 0.4061547712917198 0.29150443210892557 0.23389132351125466 0.3531517138347242 0.3706911148446088 0.27291248436704696 0.3809438086990821 0.5011412889104815
48 480 0.07332887499014516 0 -7.873058742858318e-05 0.48701931379196906 0.4034782413424168 0.42600303123097355 0.3815616317642263 0.349893802043127 0.47951109669665265 0.4198977873926732 0.34311523042057507 0.32389798156469485 0.4839693858871054
49 490 0.06865619832428246 0 -8.681070880227025e-05 0.467603861943612 0.39463121692000963 0.43161523761718057 0.40391237385267337 0.28283826356449593 0.45863276821595506 0.39385991579687857 0.40497165340475055 0.4320303761284119 0.4468508374542771
50 500 0.06603887697330722 0 -9.888889594956311e-05 0.4892204187494815 0.36943207416034696 0.4704317682542044 0.4164102967207061 0.3058714386456726 0.4080800034139705 0.40843269835607493 0.43133507327536985 0.4018159504171711 0.3875041874204929
51 510 0.06515804576000123 0 -0.00010417634028841417 0.441491425786987 0.38285769659043434 0.4512014432909688 0.3909985862422509 0.3116669074724098 0.32221376093730103 0.3628367130018578 0.3688028333796258 0.4369101252083153 0.3672926509351504
52 520 0.06296287654134751 0 -7.434797841506591e-05 0.4768461885076379 0.3632053398017845 0.42551943000751596 0.3368912212589272 0.30510888461632313 0.3732463540737045 0.39747296865246284 0.38163007289843365 0.3330264402970353 0.38972967891873983
53 530 0.06363543058119932 0 -8.966536906779407e-05 0.4489814726640322 0.4105074906871025 0.4036242268057501 0.3575606849911383 0.3209222128975541 0.33149910160429386 0.39620851917744204 0.47525166364496996 0.34492032672364087 0.37899956109426897
54 540 0.059891624108747175 0 -0.0001058776192720273 0.503636829207519 0.4342910149847991 0.35641025107944996 0.4400619471394137 0.36470139400719 0.3785990036674354 0.42280402773137976 0.40364737125114003 0.35174650657760104 0.42899945752820684
55 550 0.05803308581589063 0 -0.00010725236950681086 0.4444575723318786 0.34478339216270837 0.3317218220757577 0.3838833708652022 0.35668778111184163 0.39638177206638614 0.3765670948448852 0.39335382455018614 0.4001130502360202 0.44733134250296247
56 560 0.05499680927572955 0 -0.00012365949612870914 0.4168423805407126 0.37019395254331106 0.3445583969908222 0.4001221394274651 0.3623403908424638 0.33506644688888054 0.3575847270719432 0.41379533552161635 0.385035272046588 0.4486925678482275
57 570 0.05426582997099022 0 -0.0001310734501294418 0.3779886591136585 0.3172931605036497 0.3609933670747151 0.3609846031003765 0.3875523522735131 0.3489591492406163 0.3058978759834983 0.40175180034981006 0.3414735010216439 0.37465778998461147
58 580 0.0488801718200661 0 -0.0001223065699734942 0.4433169738292204 0.3715927537491509 0.3816025944278825 0.3888094138683206 0.3669725032842733 0.38218267646659143 0.37056001942929884 0.39671656100813824 0.3214327390009103 0.43482142784692823
59 590 0.045867963992609014 0 -0.00010787609354928293 0.4291246104178252 0.34105486695546 0.33590200553616534 0.40683433662312546 0.43132720418242004 0.3717774909402357 0.37931393143022185 0.3961901045455776 0.3651481233068566 0.42426884297212825
60 600 0.043638585626475775 0 -0.00010505408013588312 0.4402720286251946 0.37394716889114044 0.3122102144030096 0.4390623513221575 0.41704971614591896 0.37247596815004563 0.38923096008174424 0.4146900904480413 0.44408244058246404 0.47897567663789076
61 610 0.04152918778189154 0 -0.00010257559437962514 0.4175962697676823 0.35345460504369003 0.3605407525953745 0.45051663158607724 0.3923810517234309 0.3838553712866735 0.3547572120416387 0.3928978297742364 0.36121274155414224 0.42302622259797124
62 620 0.03995732342179606 0 -8.768572850547742e-05 0.4339106329488233 0.35576761181585437 0.2953992649797301 0.46514895982335625 0.3694006642430376 0.39210663666772017 0.32029902532225635 0.39005952622029894 0.3723459315092751 0.4567409557578078
63 630 0.03883487602886317 0 -0.000111999983953019 0.413036669640877 0.3750136334395016 0.30226379477123505 0.45295792784113803 0.3994627677369363 0.3735455675057629 0.34801315958052836 0.3526770883107099 0.3921308733509079 0.4283513598173313
64 640 0.03808283989206408 0 -0.00011936063088543506 0.4280546822382124 0.388316733201308 0.3118007094103853 0.43691339741241336 0.41472244175811834 0.38318826947706375 0.34651304051177145 0.37583869264997544 0.3519854669570348 0.4006098612183758
65 650 0.036214274320146705 0 -0.00011926149002146852 0.440621702879288 0.3430623879888406 0.3192848966995564 0.42902367639796185 0.39756427804324196 0.39659512666536684 0.36084474281244866 0.4030031036349654 0.3538573623071107 0.4009885868397748
66 660 0.03452596250864463 0 -0.00013763348295972355 0.4662245515555684 0.4177928572308017 0.37209897311499635 0.417170295307887 0.4041741535096396 0.40168120533953144 0.38219660313421133 0.4064007243626633 0.3967134439926946 0.41998154132333604
67 670 0.03179583807019956 0 -0.00012608738534499584 0.45718854557211286 0.39736084709900643 0.3902608934517906 0.44064438463477634 0.3864752504479997 0.4101352409272094 0.3755747914686795 0.3890897157431624 0.37067109175704965 0.4495942242107469
68 680 0.03113742222895465 0 -0.00013980741503258822 0.4361470244812512 0.3862674508242932 0.3831692402634816 0.43406030090691283 0.4097428697602885 0.42857014771507257 0.3886106467121887 0.4320321600744809 0.37553142994927086 0.41292480316193975
69 690 0.02969856713014909 0 -0.0001236194912154836 0.45003800457402776 0.4014575534186451 0.37386026429119157 0.4088424865386075 0.4016296935596389 0.4447181006965441 0.39440888836675575 0.44361667997597753 0.37372232840356095 0.4295662629289257
70 700 0.02795313587221796 0 -0.0001339007904645858 0.43330293489292676 0.40257362546422115 0.3598925087720809 0.39969841318104016 0.41020198512246797 0.4184703300185146 0.4251177117826736 0.4262220954479833 0.3616844976366199 0.44604942004542486
71 710 0.02732042950100345 0 -0.00013174966235302254 0.43995090010162624 0.4279676534642536 0.3999260660743927 0.4172462409510852 0.41794755216951635 0.40029919782250817 0.3971825862024535 0.4178694194952048 0.35689769583878433 0.4404094126507872
72 720 0.025433279327117496 0 -0.0001418470782452241 0.42072222947997273 0.4271000218029701 0.37722531736658493 0.3887640773892835 0.4029306232410871 0.41897265755489477 0.401561283812068 0.42511937812224676 0.38592792033546897 0.44462479055834014
73 730 0.025435645818306055 0 -0.0001381014539350674 0.4386466999699767 0.41450633302000484 0.3903467439805467 0.3871298036910821 0.4252499024892468 0.4195670201145829 0.39865857303106844 0.4307704027607163 0.36423629750582387 0.4041983569929746
74 740 0.025909645031097845 0 -0.00013732442333448149 0.41686516729169404 0.4439135066112593 0.3662688737543813 0.38608009523453357 0.42859055884752334 0.4087867203466408 0.4125204479863144 0.4299565559355563 0.37919988248995395 0.42681111397217325
75 750 0.027924899313840602 0 -0.00013384797681518514 0.4371059509454508 0.4225425852406103 0.4044291135450549 0.3814698793361705 0.3953112592576992 0.3961564575024657 0.39735399470164556 0.475559256218118 0.39033723817415833 0.39854870101057366
76 760 0.03024373815932235 0 -0.00012749357784027954 0.4376361793317153 0.4652358567748298 0.4126277056046119 0.37876528653899133 0.38360325618790764 0.39829345261369675 0.4000299526980692 0.447793816397075 0.3542055205268334 0.4114134500416096
77 770 0.03065207738538864 0 -0.00013479980438810946 0.445089776800367 0.42916555756738667 0.3985346116227161 0.40859242891607733 0.4051835065346928 0.3863858291392503 0.40833295859113117 0.4408780561410145 0.38148741924965573 0.41297385135891984
78 780 0.030280312696038817 0 -0.00013602891646025017 0.43098354069129435 0.4273416899991018 0.36907379852387845 0.4098947515124857 0.3982812971317038 0.37775257366841336 0.41521514815820076 0.45899518804293865 0.3922454445744885 0.40157518628426114
79 790 0.02920841744291893 0 -0.00012955384416570077 0.4423674630546199 0.4260053440707091 0.40790404737456193 0.3741291980437808 0.387390167572974 0.3846416131403242 0.41686193505231806 0.4414477328259037 0.40780098319256297 0.4320303634575965
80 800 0.02731085574144731 0 -0.00014199768612524819 0.4196039942721685 0.4244851764111305 0.39203157777710446 0.3686309779960713 0.4134832561617186 0.39302030991016096 0.41433606383768135 0.44799623570006253 0.40540106244801805 0.4119499220240498
81 810 0.024995198269243884 0 -0.00013433434747209822 0.4328769449860767 0.43975153415735174 0.40608213732104365 0.35769199286654085 0.4015404854762272 0.3758024302860939 0.42356242919629244 0.4293677617916352 0.387160776033247 0.42146894294648984
82 820 0.023461751687821032 0 -0.00013079936233531992 0.4103237513495468 0.4409820987475347 0.3967555270953072 0.38062437832493046 0.40275755691768644 0.3795773425514526 0.4084533678052587 0.43281828477497347 0.38938832755349445 0.41271789006536475
83 830 0.021534054013544232 0 -0.00013235109597912635 0.43306645186450987 0.44764234235630035 0.404018030781971 0.3619873834070116 0.3997475388854641 0.38188902247095546 0.4158650004159281 0.4424321693556352 0.370638773880635 0.42835450420944027
84 840 0.019944606081527858 0 -0.00013301528907776265 0.4333602930820044 0.43460455133411074 0.4088708484537889 0.3703680414153656 0.3938736991739153 0.39298397768837473 0.4105790228499762 0.4622544872947906 0.36663722812756944 0.41330726194219997
85 850 0.020058063425188854 0 -0.00014061477850529634 0.43112954015952404 0.42199113152249457 0.37579299579593795 0.39324215086713216 0.4037020155497761 0.42163586913498496 0.41544450422206314 0.43911672058004475 0.37055020103093633 0.41284886147642
86 860 0.02009861279381386 0 -0.0001375127163168652 0.4286763526754233 0.4194988972851758 0.3789025997831215 0.3912786277229849 0.4054651017709855 0.39554365538022096 0.41677234922469675 0.4543594727086151 0.3740521968588237 0.4111174587761059
87 870 0.020355733825174006 0 -0.00013739858688720894 0.4294259039556131 0.4281521233273444 0.3722359889636089 0.38837908331605 0.38119818858242294 0.39448588120194356 0.43932400441255115 0.44479947622217236 0.39536284178981257 0.4105901589592906
88 880 0.019802381513283826 0 -0.0001376232045972698 0.4344303044576836 0.4300327810209929 0.37738320339580417 0.3911338594911741 0.40518182212497383 0.3846593237881953 0.4347064252319402 0.4393671675417871 0.38690752307329035 0.3931033131057243
89 890 0.019140759316200538 0 -0.00014082326660150334 0.41072528772845773 0.4177617799811099 0.3651078792615195 0.3906638786100346 0.4075548238847835 0.3974748292287271 0.4372774262704926 0.43476793812519643 0.40113091404081747 0.4149573232027119
90 900 0.017349951863375856 0 -0.00014271352548401802 0.4246414893989251 0.41547792439150677 0.3875382838322129 0.38645523486367483 0.3976738393309485 0.3942444620780907 0.43391496320558975 0.44522965623273586 0.40256175341112443 0.4097385695000807
91 910 0.01663405604503076 0 -0.00014511638825843418 0.4192705049397252 0.4063162247619387 0.3771282361672352 0.4045914924311449 0.40511347525411723 0.3901193147019783 0.43335804672370576 0.4359058981175179 0.4068204464091783 0.4111143328496737
92 920 0.016096836417564684 0 -0.0001438362089936652 0.4292922796193144 0.4093333370848587 0.374630816471415 0.41933784508674016 0.3982567689740403 0.39272797435211915 0.42418973267598337 0.4368240430259701 0.4024022565858058 0.4103447436058074
93 930 0.015636334073719588 0 -0.00014657887521520222 0.42819488860797195 0.4057196298639342 0.38921126702488146 0.40570656459265886 0.40082965074698507 0.3857598548540489 0.4251212506588188 0.43058412049302947 0.41770582493620095 0.4038524526629411
94 940 0.015396936506522914 0 -0.00014592418495821397 0.4235162034391866 0.4081196886152041 0.3841651506768917 0.39871541445610226 0.39545561664033774 0.4080489135734726 0.42869296028925985 0.4369678327818563 0.41020162025240003 0.40274622106047886
95 950 0.01556510042645449 0 -0.00014673609934008942 0.4367768643946324 0.4065947472959997 0.39195165888999467 0.40973689718085415 0.39651071196373106 0.3834944124749376 0.4160312100362926 0.42134317389492076 0.4167886069104694 0.41331793655084204
96 960 0.0163963963000489 0 -0.00014802463448840942 0.42780137611214547 0.4163852186091141 0.41199932917670534 0.38813884385449626 0.40615028618550825 0.398434880798717 0.41158736378699273 0.42838432854328184 0.40606340223934234 0.4032485553288419
97 970 0.016788557954256694 0 -0.00014669417187177007 0.43204682294559676 0.4292704387052703 0.40359085110710174 0.390262471525053 0.3965154746581196 0.3867485717972192 0.4190150234310476 0.4097643413825672 0.4034019500756807 0.41525618679611387
98 980 0.01682267515276153 0 -0.00015014782966187422 0.42264224486714963 0.40132822882496894 0.41145069672105944 0.39596637760523806 0.39659069842345146 0.402690650474625 0.41164101146002646 0.42047428346154214 0.4099182902013832 0.4151283384768009
99 990 0.016434096629161527 0 -0.00014941351386543833 0.4327190533883256 0.3989133241482216 0.3979503578145557 0.4107878518275433 0.40438983564504766 0.4121084190833412 0.41476323734800247 0.4077017218777152 0.39883364933697696 0.41657762977799595
100 1000 0.016167619070049922 0 -0.0001474918025428469 0.43211489167620437 0.4046762550939515 0.40347922916256934 0.39513546787291093 0.399169259570896 0.4236165337367086 0.40746198949445844 0.4120596664448078 0.40319991891501056 0.4213601148298976
101 1010 0.014526301108220707 0 -0.00014705379582395146 0.43125883109313146 0.39771248972913203 0.40382084194706264 0.39162478353957003 0.4094502839426629 0.4149548810820231 0.4133373267195471 0.42662859453290236 0.400486324661295 0.41349530919343225
102 1020 0.012904659271319435 0 -0.00014951878877335486 0.4314403107478655 0.40710842155380317 0.4102774324136584 0.3985056784122491 0.39983041480643183 0.4022884659079773 0.408860379817176 0.40776039225868727 0.40422216460158494 0.423882760044227
103 1030 0.011981362577861122 0 -0.0001497145672401448 0.4248248164272021 0.39247982962089195 0.4024467999860784 0.3994103052713573 0.40223519737273017 0.4176657380922673 0.40217262846425833 0.41587727952588244 0.414121003769646 0.41537450025645506
104 1040 0.01162025785634077 0 -0.00015063177628398778 0.418193816803201 0.39639292143955535 0.40821454229316195 0.3942585007111097 0.4075394430089588 0.4175002093514245 0.4066727284963148 0.4153816893098214 0.41159463814374514 0.4121855739369735
105 1050 0.011410621487037389 0 -0.0001507086435321273 0.42012089326809493 0.39979690494660697 0.40453157174932386 0.3958037095357919 0.40388303715565427 0.4130578862588629 0.41214688056106136 0.40779476232802925 0.4157309908491045 0.4130235294083695
106 1060 0.010718683215558427 0 -0.00015032025246204767 0.42144815699124377 0.40603656404760324 0.4015126255961878 0.3926469049307923 0.40233119368666587 0.41202078727560454 0.410702286424538 0.42196599982190564 0.41244486441506045 0.41080547008391627
107 1070 0.010401467038429991 0 -0.00014972533751037533 0.4218185359707579 0.40624889365319167 0.40110359230136905 0.389871683790855 0.4073110615716678 0.411805105978253 0.4114536777274835 0.41485760364882573 0.41718642994571004 0.41580214416747385
108 1080 0.010514228627255194 0 -0.0001502654246654274 0.4164934129497877 0.40680483842026877 0.3976865860545901 0.3989256434696431 0.4061157453274122 0.40237417154633026 0.40619700326247427 0.40829411337716576 0.42225583823701596 0.41893740702717164
109 1090 0.01019880050337339 0 -0.00015062881067397837 0.41316786421399765 0.4000342170039148 0.40201918853768615 0.3975039976484033 0.41091659047022033 0.4091197138994326 0.40614181393333837 0.40876801721261713 0.42199635658579154 0.41470979163912935
110 1100 0.009538176369209403 0 -0.0001509046071171792 0.41490373967827016 0.4087585257599122 0.4125038769175804 0.3914600932793454 0.4032421338417778 0.4114258497938546 0.408122982302197 0.4146447824880219 0.4158214881882 0.41177654871528807
111 1110 0.008886291060108317 0 -0.00015076143413984881 0.4158662581344395 0.39765212378301623 0.41181716929477763 0.39968665670467324 0.40112384025147774 0.40918461117791594 0.4074870987179041 0.41733513420384005 0.4210952599434505 0.4071882545464578
112 1120 0.008546448216816995 0 -0.0001510970878261818 0.4150709886925382 0.4034225668479555 0.402608750179373 0.403188234213957 0.4064570432368766 0.41676884884633175 0.4095766517043856 0.3988158475060698 0.4164302613264807 0.4156465925442326
113 1130 0.008282332130483645 0 -0.00015132163809495182 0.4110811512279044 0.4033093884463148 0.40219861126731743 0.40142434239553093 0.4062025858407555 0.4137862493077039 0.4090446856536892 0.40789790990370034 0.4191806921532939 0.41225796131306813
114 1140 0.008424433781618059 0 -0.00015147373053491344 0.4143547446222598 0.40279564996076817 0.40553170197091826 0.406074586832172 0.40428467146554736 0.40754995684621537 0.41219299811491983 0.41049330149993946 0.41440477817135496 0.40684845228398747
115 1150 0.00858305660987431 0 -0.0001515911416437324 0.4150987181640991 0.3997321772371598 0.4091161047194687 0.4062984831218513 0.4032502114852253 0.4136049533139966 0.40696934082382447 0.4086706389017852 0.4115965060441343 0.4145977605310054
116 1160 0.008716652946141377 0 -0.00015150160301770243 0.41640202164867784 0.4038169589930309 0.40850877181807893 0.40641503372514615 0.4020716743453436 0.4094862872111573 0.4100180280718351 0.40963559007269085 0.4052970605576611 0.41348545347007465
117 1170 0.00840617699074485 0 -0.0001514922083055171 0.4079773153846078 0.4039029183891352 0.4086737936713641 0.40746787658719286 0.4020046980724738 0.4046304202414493 0.40973349894760436 0.41700650441284876 0.417336462035537 0.4135971791277603
118 1180 0.008076435592824146 0 -0.0001516058595032388 0.40655712028775937 0.40784290640807136 0.40884233938863945 0.4046758719894488 0.40689867447046074 0.4042212104396143 0.40703903340252995 0.41236001384555687 0.41839878879784764 0.4090410687407854
119 1190 0.007348195622799666 0 -0.00015167481074926606 0.4109779501050228 0.40953595724398884 0.41026396675722404 0.40566865062739615 0.4023241877092474 0.40348747364797793 0.41389985339177854 0.40436109061516934 0.41489905155243845 0.4130922607044471
120 1200 0.006719164332435332 0 -0.0001517787158220004 0.41026955706576856 0.4075677422707111 0.4067310782564011 0.41038635998264966 0.4059171281876336 0.40435739656126063 0.4072583018317496 0.4062961579760514 0.4164084323400293 0.4115723734371507
121 1210 0.006189670118021524 0 -0.0001518661119426288 0.4134494363536135 0.40747339582846404 0.40963123971967597 0.4072274997433788 0.4005485692353823 0.40807013067778575 0.4116135074663816 0.40824098596500585 0.41075428520566054 0.41263644086600854
122 1220 0.006347569594051999 0 -0.00015181863269609478 0.4135715023778864 0.4038449087148453 0.4080412551328224 0.4099543245846972 0.40467624499819704 0.4111922525514887 0.4133101177092938 0.41070572179682857 0.4107784735575528 0.4073347257835174
123 1230 0.0056894451559626755 0 -0.0001519418712948107 0.4104765759891412 0.40877558729527447 0.40727543526532334 0.4070982665950321 0.40320100027248523 0.406961084509966 0.4126276059539372 0.4120522105137995 0.4137240452703547 0.4082961307776613
124 1240 0.005348664695176887 0 -0.00015190355600624574 0.4107697769247863 0.40880325802045403 0.41433000563098527 0.40798879430695123 0.40125950661232207 0.40779267830069826 0.40905565196657107 0.40811423297805915 0.4101791145687777 0.41023755330838657
125 1250 0.005257154134083517 0 -0.00015187736878472254 0.41062099520326156 0.41116207991278975 0.4111334041140585 0.4116133828983972 0.40055967604486203 0.40964633015531554 0.4115702713194445 0.40555435689407093 0.41002170092591234 0.4096732885126229
126 1260 0.0047596738523626786 0 -0.00015192014403008465 0.4117901909601773 0.4106829715888106 0.410877627729456 0.40589277670884316 0.4033498678109518 0.4062229705494769 0.41093504128095626 0.4072063854617026 0.41361138335307235 0.4080824667929589
127 1270 0.004294317265660202 0 -0.00015194099279187094 0.4113186661175845 0.4084370013210004 0.4115465305460391 0.40869400906646935 0.40221584940074917 0.40769281923528544 0.41250207795301236 0.4070315664823722 0.4128892486287135 0.4083133724615
128 1280 0.004183007018239815 0 -0.00015193516612261527 0.4121369478571399 0.4082731167357758 0.4080373031040233 0.41253820116734563 0.4023263496863066 0.4065803925090322 0.41337961144625024 0.40870396821549565 0.4096050275788313 0.4091119246338932
129 1290 0.003870680072897816 0 -0.0001519908001988482 0.4090698295340609 0.40759492637358974 0.4083194959381029 0.40926373903039265 0.4040976942752541 0.41046348976458824 0.413944117118461 0.40712098520959655 0.4110716846605969 0.40759428609293286
130 1300 0.003674503603790737 0 -0.00015203106951402798 0.40966329519292793 0.40715746034791084 0.4088603105314029 0.41122212011806086 0.40408324120802513 0.40875049627989446 0.41373949955135375 0.40864055020481316 0.40977881445357356 0.40824859459481494
131 1310 0.003639278376771985 0 -0.000152031311231793 0.4093564685613229 0.40553924564739835 0.4087362003446259 0.4127428462183485 0.4061184066136643 0.4111434160491526 0.4122111730029509 0.40716012287859704 0.40976762582144244 0.40720446554700623
132 1320 0.003739949321066485 0 -0.00015209201408571807 0.40888287611963864 0.4080565793411095 0.410450746186015 0.40873789582093684 0.40544436416255086 0.4117052975895758 0.4104983023976111 0.4083576278628909 0.4096290053621076 0.40739273584409297
133 1330 0.0033662497341525616 0 -0.00015203901157575896 0.4102970760572452 0.4084562347766562 0.4109676785112593 0.40823519467029395 0.4040586436865444 0.4072658468115197 0.41232667724604544 0.4086468752577982 0.4113993605932396 0.407863553023539
134 1340 0.0031998823197319707 0 -0.00015205747588302213 0.4107164161314027 0.40724106698026635 0.41120088909093006 0.4075406426838368 0.40474173669658475 0.4098269253383269 0.4121244246124066 0.4076738646007645 0.4094582819002709 0.40879310170954564
135 1350 0.002735372272317155 0 -0.00015207571395789606 0.41050789559528766 0.4067915400899267 0.40992275531990524 0.40976995182809567 0.4045444695822481 0.4112096090529161 0.4103041818909403 0.40980692133181446 0.40999344976485946 0.407578546722963
136 1360 0.0025614583320722807 0 -0.00015207360208569927 0.4097452345871557 0.4091930273452027 0.40865644440278237 0.4098695737613122 0.4058370248766508 0.41103922983137603 0.41281586484597804 0.40797001339900474 0.4076530074567384 0.40672594322653405
137 1370 0.002451393721572716 0 -0.0001520954925862659 0.41068999404261936 0.4070835970515507 0.4097774950479333 0.40897828138629705 0.40623887121384006 0.41191850563401167 0.4104581228925547 0.4093480616029755 0.40865799091594435 0.4067247706612105
138 1380 0.002293610248005037 0 -0.0001520934843630887 0.4095024217455794 0.407596923977592 0.41035300198673785 0.40929274899838397 0.4056714863408312 0.40839936260620735 0.41126897468914436 0.40973620173469383 0.41102283639710546 0.4067173523404669
139 1390 0.0021157143142816423 0 -0.0001520918978128369 0.4096444094820865 0.4082233658922093 0.41056177253900084 0.40853875203193124 0.4051328442971659 0.4101115256900058 0.41144977052669746 0.4091953057437882 0.4105649819466147 0.4070594644457443
140 1400 0.0018228543165460954 0 -0.00015210953072885972 0.4087719421735885 0.4083955071219905 0.40989859170763426 0.4083973220551356 0.40566503279272204 0.41042870659428576 0.4116065279835126 0.4092060237105527 0.41025102759814774 0.4074692181224923
141 1410 0.0017662291295379203 0 -0.00015211457068808128 0.4097988762316789 0.4081623267220749 0.41062796470730845 0.40907564770559274 0.4057353644162686 0.41076735884316684 0.4106092106571292 0.4079030061639668 0.40954785125265886 0.4085291707737147
142 1420 0.001925254103419119 0 -0.0001521158792677311 0.4116333701317604 0.4097435870802879 0.41033047795857036 0.4083114588409634 0.406266597306386 0.40953023015583245 0.41004905816152915 0.40823772878150116 0.40913936634540515 0.4076005290528681
143 1430 0.0020551993286120744 0 -0.00015212282586505305 0.4108452948789819 0.40916812919425205 0.4090432160884282 0.40987565840657836 0.4062268404681767 0.41016153981059017 0.4094773595684534 0.4071034393590851 0.41036167658600536 0.40837130571713864
144 1440 0.002098439943745543 0 -0.00015212575505137814 0.41108527993609145 0.4091575888321332 0.4097695158944516 0.4100062876256075 0.4067225821523791 0.408807892965227 0.4103984397100297 0.40788846886366664 0.4096111320526225 0.40703684602288354
145 1450 0.0021081423035376337 0 -0.00015213315146394332 0.4099783566263702 0.41030591375537806 0.4090016900340253 0.409897739403394 0.40652733622663173 0.40853118884106465 0.4102628886888167 0.4078255293179051 0.41005773734876083 0.40756809246449666
146 1460 0.0018649102513254837 0 -0.00015213047384082665 0.4098886888628234 0.4086755845274216 0.4096594227672299 0.41039877224589416 0.4064715100688735 0.4097520052373387 0.4097176070613886 0.4078032321820479 0.41056513993511934 0.4076275118635512
147 1470 0.001692838490547035 0 -0.00015213434348167968 0.4109428764810096 0.40825058614686377 0.40952985192196995 0.4099978457375528 0.40685890231095834 0.40953556853750767 0.40942974578825725 0.4082972644209853 0.4098098347658067 0.4071650735143012
148 1480 0.0018141727754141278 0 -0.00015214282751274563 0.4095445824727222 0.4089154508186663 0.4105410124798873 0.4092047754568814 0.4071667331310634 0.4095137195214202 0.40939155225445334 0.409418664412704 0.4090875708541635 0.40686309599214
149 1490 0.0019587233381157874 0 -0.0001521488306415312 0.4101850092470927 0.409295019349248 0.40871340858749183 0.4089026012952236 0.40713278856292245 0.4090291275781544 0.4097660305655695 0.4097888603952312 0.4093448035337603 0.4074649219012144
150 1500 0.0022953817819142282 0 -0.00015214787340469605 0.40934179143319527 0.4084673328327754 0.40751212947709725 0.4101456334157343 0.4081760835142186 0.40891036764081196 0.4093745135616164 0.40950691122108623 0.41000856061451946 0.4078481962433684
151 1510 0.002517448367984431 0 -0.00015215128055454154 0.4087255060557178 0.41098107356381763 0.4085137985642351 0.40870342059882575 0.4074830168754105 0.40928614699577 0.40937243514312965 0.40920729482798324 0.4099766403935014 0.4080071108032331
152 1520 0.0025699318492377068 0 -0.0001521533644501255 0.4095561737494294 0.4098685927525732 0.4084312085718145 0.4085093132855587 0.40837029037256856 0.410017235068788 0.40818347809886807 0.4091738642447976 0.40837776542541343 0.4086758231146933
153 1530 0.002695620110461501 0 -0.0001521387985867777 0.40985227860239143 0.41071143717451114 0.40683296714400524 0.41051388774354186 0.4077917467157453 0.40920272186743395 0.4087621720437106 0.40943184883283273 0.4085258852035981 0.40909229636450295
154 1540 0.0026494699879762267 0 -0.0001521393774787336 0.4084868917631548 0.40959059199121756 0.4081208655158044 0.40904969068881364 0.40966296534907115 0.40988649784982095 0.4075554256699301 0.4109852960843653 0.40953836566503304 0.40693988215953614
155 1550 0.002416186695142682 0 -0.00015215058752056322 0.4080347729631942 0.4102293016051616 0.4090610869017113 0.4092872651013287 0.4079619817756154 0.4106579478227602 0.40836430256925355 0.4100150029126102 0.4079725836563208 0.40848116829660136
156 1560 0.0020716419022169283 0 -0.00015215586318608642 0.40901937209971323 0.4102277141847882 0.4078458926065394 0.4098515523835219 0.4078062776402179 0.4089746802892213 0.40915585399751075 0.4096621852368051 0.40853667344028144 0.40852817757806786
157 1570 0.0019584260444032186 0 -0.0001521537143737378 0.4104760418047238 0.4093798920192892 0.4094206002036068 0.409062108770173 0.4089182606136434 0.40897399305663634 0.40841420762130604 0.4093260329959515 0.4087560034425014 0.4069765709770436
158 1580 0.001784918030288188 0 -0.00015215573159102453 0.40925563014444166 0.4101417105154702 0.4089914809216547 0.4078234628903438 0.40841295772399694 0.4096278664001563 0.4087047584061029 0.41021625980190374 0.4085524472040048 0.4079762615460045
159 1590 0.001593562363215073 0 -0.0001521561222877335 0.40894532437263 0.41079902706766785 0.40864189971043574 0.40879382444474993 0.4082309966968608 0.4095539290670841 0.40829125115790704 0.4100834434531094 0.40848716096556875 0.40820459504875733
160 1600 0.0015518541574283805 0 -0.00015215774180670717 0.40909267031788427 0.4100702819614142 0.4093828261543406 0.4080178028070528 0.4080220325239338 0.4089483307665114 0.4082504220735805 0.40986658879895244 0.4098861894685435 0.40827695697852917
161 1610 0.0014280962565161814 0 -0.00015216020209856798 0.4096846904324984 0.4092706143364886 0.40906596462090056 0.40957699472758036 0.4078735214990745 0.4084258187242975 0.40823446053652857 0.409815004062498 0.4099106312605076 0.40816853597318165
162 1620 0.001316591226561612 0 -0.00015216121432569467 0.4091024953976957 0.40970421937626383 0.4093192802563551 0.4090470937565187 0.40810387975744744 0.4094101676107424 0.4084616452511922 0.410066118577786 0.40900414229140336 0.40770089821008576
163 1630 0.001268410015325809 0 -0.00015216249370976346 0.4089850981163158 0.409116718988005 0.40855509532196355 0.40946932601435676 0.4077734805986631 0.40928756208575606 0.40895415135082464 0.41039748082937233 0.4092498658411373 0.40840142803977647
164 1640 0.001264688222677311 0 -0.00015216229216528517 0.4086234332154001 0.4094354553803776 0.4096331205582585 0.40894921829485187 0.40785689532466596 0.409114571208052 0.40868292954042473 0.4087906558771578 0.4103458775738095 0.4084900936941448
