% # columns="iteration, evaluation, min max(neg(.)) min(pos(.)) max correlation, correlation matrix principle axes lengths  (sorted square roots of eigenvalues of correlation matrix)", seed=878978, Mon Mar  9 13:20:14 2020
1 10 -0.048239631898379196 -0.01827484333371138 0.013020210368843595 0.07617313253584188 0.9239851821556816 0.9598274008160108 0.9708174268600852 0.9854923159622844 1.0033499745654517 1.0063349374195822 1.0115974354787036 1.0164967433548204 1.0298567051915193 1.0838266240528613
2 20 -0.07316897960509491 -0.01750850290604041 0.03835864240928878 0.10796549853835899 0.9239851821556816 0.9598274008160108 0.9708174268600852 0.9854923159622844 1.0033499745654517 1.0063349374195822 1.0115974354787036 1.0164967433548204 1.0298567051915193 1.0838266240528613
3 30 -0.07761709849398998 -0.013063969872418823 0.06994173161378157 0.19663394365621567 0.9239851821556816 0.9598274008160108 0.9708174268600852 0.9854923159622844 1.0033499745654517 1.0063349374195822 1.0115974354787036 1.0164967433548204 1.0298567051915193 1.0838266240528613
4 40 -0.07362297314975852 -0.008112483999800262 0.07024626225130265 0.20795204669261236 0.9239851821556816 0.9598274008160108 0.9708174268600852 0.9854923159622844 1.0033499745654517 1.0063349374195822 1.0115974354787036 1.0164967433548204 1.0298567051915193 1.0838266240528613
5 50 -0.09866908100769083 -0.01410472746895282 0.07888138119055588 0.2716290839368631 0.9239851821556816 0.9598274008160108 0.9708174268600852 0.9854923159622844 1.0033499745654517 1.0063349374195822 1.0115974354787036 1.0164967433548204 1.0298567051915193 1.0838266240528613
6 60 -0.09842433287848143 -0.019150405554389714 0.10581649196920123 0.3005244677754435 0.9239851821556816 0.9598274008160108 0.9708174268600852 0.9854923159622844 1.0033499745654517 1.0063349374195822 1.0115974354787036 1.0164967433548204 1.0298567051915193 1.0838266240528613
7 70 -0.10471970154849453 -0.02531636016578681 0.08763729729857908 0.34692961482013246 0.9239851821556816 0.9598274008160108 0.9708174268600852 0.9854923159622844 1.0033499745654517 1.0063349374195822 1.0115974354787036 1.0164967433548204 1.0298567051915193 1.0838266240528613
8 80 -0.11875735713630596 -0.028981782298665056 0.07951445555665942 0.33168521339801205 0.9239851821556816 0.9598274008160108 0.9708174268600852 0.9854923159622844 1.0033499745654517 1.0063349374195822 1.0115974354787036 1.0164967433548204 1.0298567051915193 1.0838266240528613
9 90 -0.10661488163960398 -0.024479586850301074 0.08873625116414809 0.36855533857365574 0.9239851821556816 0.9598274008160108 0.9708174268600852 0.9854923159622844 1.0033499745654517 1.0063349374195822 1.0115974354787036 1.0164967433548204 1.0298567051915193 1.0838266240528613
10 100 -0.13614040219251883 -0.02377900913407545 0.09679061353197345 0.3705000275910437 0.9239851821556816 0.9598274008160108 0.9708174268600852 0.9854923159622844 1.0033499745654517 1.0063349374195822 1.0115974354787036 1.0164967433548204 1.0298567051915193 1.0838266240528613
11 110 -0.16088854648387363 -0.00835531129399591 0.0965094238469484 0.3347932803518189 0.7415387949311234 0.8251901034212131 0.8731989010381896 0.8823724116665157 0.9490815329502179 0.9858762319799267 1.023965889870452 1.0918389139331626 1.1238064038580737 1.3608296084609113
12 120 -0.16959032800839205 -0.004038881368754058 0.10294019283987228 0.33893396774571266 0.7415387949311234 0.8251901034212131 0.8731989010381896 0.8823724116665157 0.9490815329502179 0.9858762319799267 1.023965889870452 1.0918389139331626 1.1238064038580737 1.3608296084609113
13 130 -0.1347825312636147 -0.01137135983077558 0.0964769878868519 0.33773644833662825 0.7415387949311234 0.8251901034212131 0.8731989010381896 0.8823724116665157 0.9490815329502179 0.9858762319799267 1.023965889870452 1.0918389139331626 1.1238064038580737 1.3608296084609113
14 140 -0.13588916497734868 -0.012700088745179484 0.10804834750224304 0.3297870474410651 0.7415387949311234 0.8251901034212131 0.8731989010381896 0.8823724116665157 0.9490815329502179 0.9858762319799267 1.023965889870452 1.0918389139331626 1.1238064038580737 1.3608296084609113
15 150 -0.13392954611208038 -0.019098594131159836 0.11929552925930634 0.350022206806981 0.7415387949311234 0.8251901034212131 0.8731989010381896 0.8823724116665157 0.9490815329502179 0.9858762319799267 1.023965889870452 1.0918389139331626 1.1238064038580737 1.3608296084609113
16 160 -0.13112840149608743 -0.026220955621455412 0.11580620278544403 0.3192688862811889 0.7415387949311234 0.8251901034212131 0.8731989010381896 0.8823724116665157 0.9490815329502179 0.9858762319799267 1.023965889870452 1.0918389139331626 1.1238064038580737 1.3608296084609113
17 170 -0.10726213259044902 -0.01811844107469729 0.1017789119016464 0.31763175336476707 0.7415387949311234 0.8251901034212131 0.8731989010381896 0.8823724116665157 0.9490815329502179 0.9858762319799267 1.023965889870452 1.0918389139331626 1.1238064038580737 1.3608296084609113
18 180 -0.14766232270932828 -0.030129197150378748 0.0960809982543803 0.29881883480871646 0.7415387949311234 0.8251901034212131 0.8731989010381896 0.8823724116665157 0.9490815329502179 0.9858762319799267 1.023965889870452 1.0918389139331626 1.1238064038580737 1.3608296084609113
19 190 -0.16975273540087316 -0.04580661221739311 0.07924482769913002 0.3078007440728337 0.7415387949311234 0.8251901034212131 0.8731989010381896 0.8823724116665157 0.9490815329502179 0.9858762319799267 1.023965889870452 1.0918389139331626 1.1238064038580737 1.3608296084609113
20 200 -0.16344109391896994 -0.06486662256428409 0.06849915366759368 0.26016641758229214 0.7415387949311234 0.8251901034212131 0.8731989010381896 0.8823724116665157 0.9490815329502179 0.9858762319799267 1.023965889870452 1.0918389139331626 1.1238064038580737 1.3608296084609113
21 210 -0.1712182979400088 -0.06044464761454754 0.07778182086728179 0.2593064647246669 0.7762659909713298 0.7942288698985083 0.8692026527914137 0.8897157762349246 0.9402219522364597 0.9768553147991788 1.017370376207917 1.1199197803693086 1.1681730675471234 1.314286673930393
22 220 -0.15939989559054007 -0.06546671669499374 0.09227895499947578 0.23558349200009865 0.7762659909713298 0.7942288698985083 0.8692026527914137 0.8897157762349246 0.9402219522364597 0.9768553147991788 1.017370376207917 1.1199197803693086 1.1681730675471234 1.314286673930393
23 230 -0.1725201948838314 -0.0545347091859989 0.09590443764677072 0.24371981338301515 0.7762659909713298 0.7942288698985083 0.8692026527914137 0.8897157762349246 0.9402219522364597 0.9768553147991788 1.017370376207917 1.1199197803693086 1.1681730675471234 1.314286673930393
24 240 -0.23312537658274365 -0.07436948656376953 0.11462133625458763 0.2381449423799017 0.7762659909713298 0.7942288698985083 0.8692026527914137 0.8897157762349246 0.9402219522364597 0.9768553147991788 1.017370376207917 1.1199197803693086 1.1681730675471234 1.314286673930393
25 250 -0.25701517436012516 -0.06147445854107639 0.1325699671794381 0.24559228398648297 0.7762659909713298 0.7942288698985083 0.8692026527914137 0.8897157762349246 0.9402219522364597 0.9768553147991788 1.017370376207917 1.1199197803693086 1.1681730675471234 1.314286673930393
26 260 -0.2771431344441706 -0.06629005032427324 0.14149564653954713 0.2689770928550112 0.7762659909713298 0.7942288698985083 0.8692026527914137 0.8897157762349246 0.9402219522364597 0.9768553147991788 1.017370376207917 1.1199197803693086 1.1681730675471234 1.314286673930393
27 270 -0.278137960230044 -0.05369084840353157 0.152407088719995 0.2674702107948339 0.7762659909713298 0.7942288698985083 0.8692026527914137 0.8897157762349246 0.9402219522364597 0.9768553147991788 1.017370376207917 1.1199197803693086 1.1681730675471234 1.314286673930393
28 280 -0.25119836480060714 -0.020166011322546654 0.14555262360948418 0.2573166845712433 0.7762659909713298 0.7942288698985083 0.8692026527914137 0.8897157762349246 0.9402219522364597 0.9768553147991788 1.017370376207917 1.1199197803693086 1.1681730675471234 1.314286673930393
29 290 -0.25006817950173726 -0.019600424302358248 0.15081806159584488 0.2776819250060356 0.7762659909713298 0.7942288698985083 0.8692026527914137 0.8897157762349246 0.9402219522364597 0.9768553147991788 1.017370376207917 1.1199197803693086 1.1681730675471234 1.314286673930393
30 300 -0.2349722383040453 -0.018938642170633135 0.15346352453107798 0.2906227980444645 0.7762659909713298 0.7942288698985083 0.8692026527914137 0.8897157762349246 0.9402219522364597 0.9768553147991788 1.017370376207917 1.1199197803693086 1.1681730675471234 1.314286673930393
31 310 -0.2170433781833039 -0.017179614991972993 0.15707446276616768 0.2857910368222937 0.7334848839567356 0.7885988230270344 0.8042386587842453 0.8255820034362397 0.8774870399441987 0.9877044389792452 1.0458822266180516 1.1298170339081843 1.1803823350947231 1.4151057110791565
32 320 -0.22875099677862745 -0.011907337349823403 0.1523800352067099 0.3919540021522988 0.7334848839567356 0.7885988230270344 0.8042386587842453 0.8255820034362397 0.8774870399441987 0.9877044389792452 1.0458822266180516 1.1298170339081843 1.1803823350947231 1.4151057110791565
33 330 -0.2488836634751042 -0.017258063238911207 0.15326704817434175 0.42260996101180226 0.7334848839567356 0.7885988230270344 0.8042386587842453 0.8255820034362397 0.8774870399441987 0.9877044389792452 1.0458822266180516 1.1298170339081843 1.1803823350947231 1.4151057110791565
34 340 -0.2157621189883399 0.0136922708777455 0.17843002173499203 0.4223035143153056 0.7334848839567356 0.7885988230270344 0.8042386587842453 0.8255820034362397 0.8774870399441987 0.9877044389792452 1.0458822266180516 1.1298170339081843 1.1803823350947231 1.4151057110791565
35 350 -0.21040637016667293 0.010450477826432584 0.20193851396914522 0.39128961258566763 0.7334848839567356 0.7885988230270344 0.8042386587842453 0.8255820034362397 0.8774870399441987 0.9877044389792452 1.0458822266180516 1.1298170339081843 1.1803823350947231 1.4151057110791565
36 360 -0.16259026249021616 0.004627754398581873 0.19365035592672217 0.4036194036534921 0.7334848839567356 0.7885988230270344 0.8042386587842453 0.8255820034362397 0.8774870399441987 0.9877044389792452 1.0458822266180516 1.1298170339081843 1.1803823350947231 1.4151057110791565
37 370 -0.11545322781958224 0.0009327970394488645 0.19672814242004202 0.4120145217457158 0.7334848839567356 0.7885988230270344 0.8042386587842453 0.8255820034362397 0.8774870399441987 0.9877044389792452 1.0458822266180516 1.1298170339081843 1.1803823350947231 1.4151057110791565
38 380 -0.1296534775373021 0.0030429254106870396 0.1767619868308217 0.38950651851899926 0.7334848839567356 0.7885988230270344 0.8042386587842453 0.8255820034362397 0.8774870399441987 0.9877044389792452 1.0458822266180516 1.1298170339081843 1.1803823350947231 1.4151057110791565
39 390 -0.12105964272990895 0.008963028535763386 0.19443101939644825 0.40538751651903016 0.7334848839567356 0.7885988230270344 0.8042386587842453 0.8255820034362397 0.8774870399441987 0.9877044389792452 1.0458822266180516 1.1298170339081843 1.1803823350947231 1.4151057110791565
40 400 -0.10158655450535274 0.019123783846054527 0.21701832618972094 0.3974486204019056 0.7334848839567356 0.7885988230270344 0.8042386587842453 0.8255820034362397 0.8774870399441987 0.9877044389792452 1.0458822266180516 1.1298170339081843 1.1803823350947231 1.4151057110791565
41 410 -0.09201873067828864 0.029188997029236212 0.22525942282867922 0.4112747099886265 0.658426528512389 0.7111453687640845 0.7516233457848209 0.8257978965859618 0.8735763426151111 0.9876347497250709 0.996845511536637 1.1051831433481 1.185964633565018 1.5664182262672117
42 420 -0.08056314383065541 0.05296261978034226 0.23429011153853044 0.4032534535129735 0.658426528512389 0.7111453687640845 0.7516233457848209 0.8257978965859618 0.8735763426151111 0.9876347497250709 0.996845511536637 1.1051831433481 1.185964633565018 1.5664182262672117
43 430 -0.08650329122074484 0.07458204267939382 0.2283837427151028 0.3934273629471454 0.658426528512389 0.7111453687640845 0.7516233457848209 0.8257978965859618 0.8735763426151111 0.9876347497250709 0.996845511536637 1.1051831433481 1.185964633565018 1.5664182262672117
44 440 -0.09429634115207533 0.08013921092206691 0.23501013208826474 0.3927669482164262 0.658426528512389 0.7111453687640845 0.7516233457848209 0.8257978965859618 0.8735763426151111 0.9876347497250709 0.996845511536637 1.1051831433481 1.185964633565018 1.5664182262672117
45 450 -0.0955195908889417 0.11095277482742263 0.27574431515906433 0.44684896318838124 0.658426528512389 0.7111453687640845 0.7516233457848209 0.8257978965859618 0.8735763426151111 0.9876347497250709 0.996845511536637 1.1051831433481 1.185964633565018 1.5664182262672117
46 460 -0.0556663515737136 0.11625404529886244 0.2837896402886305 0.4577262904347757 0.658426528512389 0.7111453687640845 0.7516233457848209 0.8257978965859618 0.8735763426151111 0.9876347497250709 0.996845511536637 1.1051831433481 1.185964633565018 1.5664182262672117
47 470 -0.06881800807018788 0.11636998018559319 0.29595523361787046 0.47440312699284326 0.658426528512389 0.7111453687640845 0.7516233457848209 0.8257978965859618 0.8735763426151111 0.9876347497250709 0.996845511536637 1.1051831433481 1.185964633565018 1.5664182262672117
48 480 -0.08309868817358487 0.11037660820875167 0.29557036909833395 0.47467509808457264 0.658426528512389 0.7111453687640845 0.7516233457848209 0.8257978965859618 0.8735763426151111 0.9876347497250709 0.996845511536637 1.1051831433481 1.185964633565018 1.5664182262672117
49 490 -0.05194692595271544 0.13479625728631606 0.30742947572025736 0.46910772100739456 0.658426528512389 0.7111453687640845 0.7516233457848209 0.8257978965859618 0.8735763426151111 0.9876347497250709 0.996845511536637 1.1051831433481 1.185964633565018 1.5664182262672117
50 500 -0.01724258938923983 0.1499282417043521 0.31281685338797993 0.4773609547926773 0.658426528512389 0.7111453687640845 0.7516233457848209 0.8257978965859618 0.8735763426151111 0.9876347497250709 0.996845511536637 1.1051831433481 1.185964633565018 1.5664182262672117
51 510 0.0011892213835884 0.19502556401575988 0.34523877815764514 0.4850325640401399 0.6069899836811868 0.6445114607064382 0.7149349562924052 0.7629665443093938 0.8521962790285424 0.9019831387573389 0.9540395718989128 1.019148764788574 1.0854222569965937 1.8590613037684298
52 520 0.046661663094959116 0.20980520670387923 0.37002144768959355 0.5004860260881577 0.6069899836811868 0.6445114607064382 0.7149349562924052 0.7629665443093938 0.8521962790285424 0.9019831387573389 0.9540395718989128 1.019148764788574 1.0854222569965937 1.8590613037684298
53 530 0.02650144114598868 0.22460633103250127 0.37204587969004616 0.5322058250975357 0.6069899836811868 0.6445114607064382 0.7149349562924052 0.7629665443093938 0.8521962790285424 0.9019831387573389 0.9540395718989128 1.019148764788574 1.0854222569965937 1.8590613037684298
54 540 0.0729563010574369 0.21923889776082522 0.3635729266685529 0.5760111195990963 0.6069899836811868 0.6445114607064382 0.7149349562924052 0.7629665443093938 0.8521962790285424 0.9019831387573389 0.9540395718989128 1.019148764788574 1.0854222569965937 1.8590613037684298
55 550 0.07659733326009063 0.2396398024277257 0.3781988313517589 0.589270819633874 0.6069899836811868 0.6445114607064382 0.7149349562924052 0.7629665443093938 0.8521962790285424 0.9019831387573389 0.9540395718989128 1.019148764788574 1.0854222569965937 1.8590613037684298
56 560 0.09345074811608009 0.24269179814997333 0.3951754714507273 0.5963771134156238 0.6069899836811868 0.6445114607064382 0.7149349562924052 0.7629665443093938 0.8521962790285424 0.9019831387573389 0.9540395718989128 1.019148764788574 1.0854222569965937 1.8590613037684298
57 570 0.0810544107509943 0.23730475743964263 0.38523722347607914 0.5899455513612325 0.6069899836811868 0.6445114607064382 0.7149349562924052 0.7629665443093938 0.8521962790285424 0.9019831387573389 0.9540395718989128 1.019148764788574 1.0854222569965937 1.8590613037684298
58 580 0.10813053718058704 0.22825697758183455 0.39010880352874594 0.5796259254868333 0.6069899836811868 0.6445114607064382 0.7149349562924052 0.7629665443093938 0.8521962790285424 0.9019831387573389 0.9540395718989128 1.019148764788574 1.0854222569965937 1.8590613037684298
59 590 0.14108202180344553 0.2529863985166023 0.3812418142178732 0.5625142826541708 0.6069899836811868 0.6445114607064382 0.7149349562924052 0.7629665443093938 0.8521962790285424 0.9019831387573389 0.9540395718989128 1.019148764788574 1.0854222569965937 1.8590613037684298
60 600 0.19355650102344615 0.27474921876300357 0.40635759389928644 0.5595398313209239 0.6069899836811868 0.6445114607064382 0.7149349562924052 0.7629665443093938 0.8521962790285424 0.9019831387573389 0.9540395718989128 1.019148764788574 1.0854222569965937 1.8590613037684298
61 610 0.15585954320496503 0.2641667132525899 0.42633314625469343 0.577879809059225 0.5827237660090223 0.630813881174106 0.6780536270937157 0.7114075019590602 0.7729695562940572 0.8705216856022309 0.8827686528912637 0.9380152658458669 1.0374348050938147 2.050837745024988
62 620 0.16110087664473885 0.2864584806166293 0.445655622536022 0.58444455780186 0.5827237660090223 0.630813881174106 0.6780536270937157 0.7114075019590602 0.7729695562940572 0.8705216856022309 0.8827686528912637 0.9380152658458669 1.0374348050938147 2.050837745024988
63 630 0.13987093271601686 0.2733030892314996 0.4352148991940169 0.577896674743084 0.5827237660090223 0.630813881174106 0.6780536270937157 0.7114075019590602 0.7729695562940572 0.8705216856022309 0.8827686528912637 0.9380152658458669 1.0374348050938147 2.050837745024988
64 640 0.12625839339794134 0.24954916147692624 0.43492836562918585 0.578049322937412 0.5827237660090223 0.630813881174106 0.6780536270937157 0.7114075019590602 0.7729695562940572 0.8705216856022309 0.8827686528912637 0.9380152658458669 1.0374348050938147 2.050837745024988
65 650 0.10876526063827656 0.2510021014883731 0.43151639932856023 0.5744475207683859 0.5827237660090223 0.630813881174106 0.6780536270937157 0.7114075019590602 0.7729695562940572 0.8705216856022309 0.8827686528912637 0.9380152658458669 1.0374348050938147 2.050837745024988
66 660 0.09810882020351015 0.24441218947842608 0.43462402253496574 0.5852443401844865 0.5827237660090223 0.630813881174106 0.6780536270937157 0.7114075019590602 0.7729695562940572 0.8705216856022309 0.8827686528912637 0.9380152658458669 1.0374348050938147 2.050837745024988
67 670 0.10232162316263273 0.24598982887743054 0.4320160311179058 0.5940111192341968 0.5827237660090223 0.630813881174106 0.6780536270937157 0.7114075019590602 0.7729695562940572 0.8705216856022309 0.8827686528912637 0.9380152658458669 1.0374348050938147 2.050837745024988
68 680 0.12188963196135993 0.24338709784233484 0.42715248579857745 0.5920585461754867 0.5827237660090223 0.630813881174106 0.6780536270937157 0.7114075019590602 0.7729695562940572 0.8705216856022309 0.8827686528912637 0.9380152658458669 1.0374348050938147 2.050837745024988
69 690 0.08379990569123819 0.23396037845238093 0.4111478417127977 0.5746764939820587 0.5827237660090223 0.630813881174106 0.6780536270937157 0.7114075019590602 0.7729695562940572 0.8705216856022309 0.8827686528912637 0.9380152658458669 1.0374348050938147 2.050837745024988
70 700 0.10607933149218303 0.22934223523682418 0.39900632448404055 0.5605575683872626 0.5827237660090223 0.630813881174106 0.6780536270937157 0.7114075019590602 0.7729695562940572 0.8705216856022309 0.8827686528912637 0.9380152658458669 1.0374348050938147 2.050837745024988
71 710 0.07755123451826626 0.22503953856070502 0.40052238898047166 0.5604959667363649 0.5784573295834377 0.6391751251314121 0.6972986583048157 0.7163233344268886 0.8025049933739907 0.8952786125787631 0.9491209357136398 0.9890783580688437 1.0812591407030934 1.9400339693033883
72 720 0.10346706804960625 0.20861173546398276 0.40235855178873264 0.579366227513507 0.5784573295834377 0.6391751251314121 0.6972986583048157 0.7163233344268886 0.8025049933739907 0.8952786125787631 0.9491209357136398 0.9890783580688437 1.0812591407030934 1.9400339693033883
73 730 0.11028982335980823 0.22101084890789718 0.4114467814748397 0.5673939120027984 0.5784573295834377 0.6391751251314121 0.6972986583048157 0.7163233344268886 0.8025049933739907 0.8952786125787631 0.9491209357136398 0.9890783580688437 1.0812591407030934 1.9400339693033883
74 740 0.11842983844582329 0.20677736124285312 0.40870090118512037 0.5711556619750082 0.5784573295834377 0.6391751251314121 0.6972986583048157 0.7163233344268886 0.8025049933739907 0.8952786125787631 0.9491209357136398 0.9890783580688437 1.0812591407030934 1.9400339693033883
75 750 0.06419976951303717 0.22779709583434524 0.419202525653914 0.588328718111864 0.5784573295834377 0.6391751251314121 0.6972986583048157 0.7163233344268886 0.8025049933739907 0.8952786125787631 0.9491209357136398 0.9890783580688437 1.0812591407030934 1.9400339693033883
76 760 0.015339309459240273 0.21262062456781178 0.4115840634503155 0.5710634320785134 0.5784573295834377 0.6391751251314121 0.6972986583048157 0.7163233344268886 0.8025049933739907 0.8952786125787631 0.9491209357136398 0.9890783580688437 1.0812591407030934 1.9400339693033883
77 770 -0.005149398702102044 0.22024187720615598 0.4079957208501611 0.599572761349447 0.5784573295834377 0.6391751251314121 0.6972986583048157 0.7163233344268886 0.8025049933739907 0.8952786125787631 0.9491209357136398 0.9890783580688437 1.0812591407030934 1.9400339693033883
78 780 -0.05647338807306785 0.20810410280187663 0.3807957675723793 0.5936134242561284 0.5784573295834377 0.6391751251314121 0.6972986583048157 0.7163233344268886 0.8025049933739907 0.8952786125787631 0.9491209357136398 0.9890783580688437 1.0812591407030934 1.9400339693033883
79 790 -0.06813969106756514 0.17881015441003809 0.3606178161578169 0.5950143334791603 0.5784573295834377 0.6391751251314121 0.6972986583048157 0.7163233344268886 0.8025049933739907 0.8952786125787631 0.9491209357136398 0.9890783580688437 1.0812591407030934 1.9400339693033883
80 800 -0.06381062380853497 0.18403769887886992 0.35301169041701785 0.5855314498136658 0.5784573295834377 0.6391751251314121 0.6972986583048157 0.7163233344268886 0.8025049933739907 0.8952786125787631 0.9491209357136398 0.9890783580688437 1.0812591407030934 1.9400339693033883
81 810 -0.09807706117017936 0.17254439068806612 0.3302048097480248 0.5607696579756748 0.5509772570150915 0.6515634524795341 0.6600359098127486 0.7502413106561813 0.8157315249565258 0.832487709236071 0.9492627147631175 1.0604359411237394 1.2572873116549355 1.818936646899962
82 820 -0.107980102387729 0.15441600200549632 0.3169340784876753 0.5594065674085353 0.5509772570150915 0.6515634524795341 0.6600359098127486 0.7502413106561813 0.8157315249565258 0.832487709236071 0.9492627147631175 1.0604359411237394 1.2572873116549355 1.818936646899962
83 830 -0.08239671988587854 0.1634614199468597 0.30763997067190285 0.5727310567598864 0.5509772570150915 0.6515634524795341 0.6600359098127486 0.7502413106561813 0.8157315249565258 0.832487709236071 0.9492627147631175 1.0604359411237394 1.2572873116549355 1.818936646899962
84 840 -0.11204198687831611 0.15819643507108627 0.31612924788482943 0.5608686173506873 0.5509772570150915 0.6515634524795341 0.6600359098127486 0.7502413106561813 0.8157315249565258 0.832487709236071 0.9492627147631175 1.0604359411237394 1.2572873116549355 1.818936646899962
85 850 -0.12569572706522997 0.11629148778871372 0.3050742195472396 0.5563984612933085 0.5509772570150915 0.6515634524795341 0.6600359098127486 0.7502413106561813 0.8157315249565258 0.832487709236071 0.9492627147631175 1.0604359411237394 1.2572873116549355 1.818936646899962
86 860 -0.147187203012851 0.11309701579603942 0.28479576582725075 0.5502549862114002 0.5509772570150915 0.6515634524795341 0.6600359098127486 0.7502413106561813 0.8157315249565258 0.832487709236071 0.9492627147631175 1.0604359411237394 1.2572873116549355 1.818936646899962
87 870 -0.1422286025536083 0.11911064954727947 0.2781578055342719 0.5156239896680542 0.5509772570150915 0.6515634524795341 0.6600359098127486 0.7502413106561813 0.8157315249565258 0.832487709236071 0.9492627147631175 1.0604359411237394 1.2572873116549355 1.818936646899962
88 880 -0.16873685169297678 0.10567993775177209 0.24242595145061233 0.5140048109678811 0.5509772570150915 0.6515634524795341 0.6600359098127486 0.7502413106561813 0.8157315249565258 0.832487709236071 0.9492627147631175 1.0604359411237394 1.2572873116549355 1.818936646899962
89 890 -0.17225676463960302 0.08314238312596409 0.2541571956377343 0.5277608131821643 0.5509772570150915 0.6515634524795341 0.6600359098127486 0.7502413106561813 0.8157315249565258 0.832487709236071 0.9492627147631175 1.0604359411237394 1.2572873116549355 1.818936646899962
90 900 -0.18990135752246448 0.054046304662120244 0.25167870259576003 0.5074343569253457 0.5509772570150915 0.6515634524795341 0.6600359098127486 0.7502413106561813 0.8157315249565258 0.832487709236071 0.9492627147631175 1.0604359411237394 1.2572873116549355 1.818936646899962
91 910 -0.23030945212304618 0.02022481002112657 0.24194232492289341 0.4994147467502236 0.5744657857472335 0.6363825516626422 0.7334596525548731 0.7771719435239707 0.8158906416529073 0.9004317077647273 1.0174088253424607 1.1371975070648535 1.3828636721474048 1.5511097298480447
92 920 -0.253811487723217 -0.02684527570250401 0.21542096364434954 0.4540136623224282 0.5744657857472335 0.6363825516626422 0.7334596525548731 0.7771719435239707 0.8158906416529073 0.9004317077647273 1.0174088253424607 1.1371975070648535 1.3828636721474048 1.5511097298480447
93 930 -0.2581347882061134 -0.031063103068294406 0.22296757135527273 0.45838486220055213 0.5744657857472335 0.6363825516626422 0.7334596525548731 0.7771719435239707 0.8158906416529073 0.9004317077647273 1.0174088253424607 1.1371975070648535 1.3828636721474048 1.5511097298480447
94 940 -0.3081133730896082 -0.06004447009030367 0.20855078211604197 0.5101072153994152 0.5744657857472335 0.6363825516626422 0.7334596525548731 0.7771719435239707 0.8158906416529073 0.9004317077647273 1.0174088253424607 1.1371975070648535 1.3828636721474048 1.5511097298480447
95 950 -0.3159293509096579 -0.08180498097563203 0.20581601042075554 0.5205153011945283 0.5744657857472335 0.6363825516626422 0.7334596525548731 0.7771719435239707 0.8158906416529073 0.9004317077647273 1.0174088253424607 1.1371975070648535 1.3828636721474048 1.5511097298480447
96 960 -0.3332082277865621 -0.08285133670047388 0.18516017635264154 0.521851887306701 0.5744657857472335 0.6363825516626422 0.7334596525548731 0.7771719435239707 0.8158906416529073 0.9004317077647273 1.0174088253424607 1.1371975070648535 1.3828636721474048 1.5511097298480447
97 970 -0.30376230299666396 -0.08666600743700259 0.1916732769762749 0.47770185597688297 0.5744657857472335 0.6363825516626422 0.7334596525548731 0.7771719435239707 0.8158906416529073 0.9004317077647273 1.0174088253424607 1.1371975070648535 1.3828636721474048 1.5511097298480447
98 980 -0.32042422524415454 -0.0818967891433465 0.19662218386640798 0.4959811690996394 0.5744657857472335 0.6363825516626422 0.7334596525548731 0.7771719435239707 0.8158906416529073 0.9004317077647273 1.0174088253424607 1.1371975070648535 1.3828636721474048 1.5511097298480447
99 990 -0.336780140751816 -0.08721543084788644 0.2014692849815824 0.4916978841501006 0.5744657857472335 0.6363825516626422 0.7334596525548731 0.7771719435239707 0.8158906416529073 0.9004317077647273 1.0174088253424607 1.1371975070648535 1.3828636721474048 1.5511097298480447
100 1000 -0.30867126667317024 -0.09816707396969968 0.192121891963496 0.48082748215405025 0.5744657857472335 0.6363825516626422 0.7334596525548731 0.7771719435239707 0.8158906416529073 0.9004317077647273 1.0174088253424607 1.1371975070648535 1.3828636721474048 1.5511097298480447
101 1010 -0.38588416003618914 -0.11306680587860499 0.1658250400858684 0.47481241690318854 0.5533802922598742 0.6361536566537349 0.7128740996523215 0.8078768859558776 0.8899276939421252 0.984600421263849 1.0433604560640575 1.1272102023867978 1.3200009902535201 1.5050609444591032
102 1020 -0.3927536421188213 -0.13215309128343494 0.18189632423796134 0.4604971474140067 0.5533802922598742 0.6361536566537349 0.7128740996523215 0.8078768859558776 0.8899276939421252 0.984600421263849 1.0433604560640575 1.1272102023867978 1.3200009902535201 1.5050609444591032
103 1030 -0.37040769065495543 -0.14519061899639257 0.15509307187004714 0.44676844723387243 0.5533802922598742 0.6361536566537349 0.7128740996523215 0.8078768859558776 0.8899276939421252 0.984600421263849 1.0433604560640575 1.1272102023867978 1.3200009902535201 1.5050609444591032
104 1040 -0.4236505096891809 -0.15221561111788573 0.1476499108303369 0.4465502408623911 0.5533802922598742 0.6361536566537349 0.7128740996523215 0.8078768859558776 0.8899276939421252 0.984600421263849 1.0433604560640575 1.1272102023867978 1.3200009902535201 1.5050609444591032
105 1050 -0.46327101131372295 -0.14842659613073306 0.14035397170025837 0.452817495221889 0.5533802922598742 0.6361536566537349 0.7128740996523215 0.8078768859558776 0.8899276939421252 0.984600421263849 1.0433604560640575 1.1272102023867978 1.3200009902535201 1.5050609444591032
106 1060 -0.4768357197428533 -0.15796651226865993 0.13809320477511683 0.4316926782152569 0.5533802922598742 0.6361536566537349 0.7128740996523215 0.8078768859558776 0.8899276939421252 0.984600421263849 1.0433604560640575 1.1272102023867978 1.3200009902535201 1.5050609444591032
107 1070 -0.4766299383668294 -0.14005631295288284 0.11912712062207986 0.4286090027193425 0.5533802922598742 0.6361536566537349 0.7128740996523215 0.8078768859558776 0.8899276939421252 0.984600421263849 1.0433604560640575 1.1272102023867978 1.3200009902535201 1.5050609444591032
108 1080 -0.462217643747518 -0.12049280682319256 0.12561105975248707 0.410618673502099 0.5533802922598742 0.6361536566537349 0.7128740996523215 0.8078768859558776 0.8899276939421252 0.984600421263849 1.0433604560640575 1.1272102023867978 1.3200009902535201 1.5050609444591032
109 1090 -0.44932857314545355 -0.12187817461499738 0.12589028770749455 0.4423530402555936 0.5533802922598742 0.6361536566537349 0.7128740996523215 0.8078768859558776 0.8899276939421252 0.984600421263849 1.0433604560640575 1.1272102023867978 1.3200009902535201 1.5050609444591032
110 1100 -0.4553880910501451 -0.13920758910802178 0.12853143033867087 0.4674683698892511 0.5533802922598742 0.6361536566537349 0.7128740996523215 0.8078768859558776 0.8899276939421252 0.984600421263849 1.0433604560640575 1.1272102023867978 1.3200009902535201 1.5050609444591032
111 1110 -0.4307516610996962 -0.15183065115829644 0.1384704930798481 0.4662541864648939 0.5349819294868539 0.6442658260736733 0.6801593196759498 0.7682333709324889 0.8185884933244774 0.9466908970712121 1.118234908682186 1.2052753933836078 1.2886038417411567 1.5218304591108418
112 1120 -0.42676339036154265 -0.1986712746145544 0.13628452550861278 0.4618044130941229 0.5349819294868539 0.6442658260736733 0.6801593196759498 0.7682333709324889 0.8185884933244774 0.9466908970712121 1.118234908682186 1.2052753933836078 1.2886038417411567 1.5218304591108418
113 1130 -0.44277334751811703 -0.20084539679342275 0.1582108129318627 0.42500240676103923 0.5349819294868539 0.6442658260736733 0.6801593196759498 0.7682333709324889 0.8185884933244774 0.9466908970712121 1.118234908682186 1.2052753933836078 1.2886038417411567 1.5218304591108418
114 1140 -0.456542933809983 -0.18272597691782702 0.12708460030567265 0.4085213889966325 0.5349819294868539 0.6442658260736733 0.6801593196759498 0.7682333709324889 0.8185884933244774 0.9466908970712121 1.118234908682186 1.2052753933836078 1.2886038417411567 1.5218304591108418
115 1150 -0.4595456359812833 -0.19652800531305942 0.13460624997777515 0.4249187378592706 0.5349819294868539 0.6442658260736733 0.6801593196759498 0.7682333709324889 0.8185884933244774 0.9466908970712121 1.118234908682186 1.2052753933836078 1.2886038417411567 1.5218304591108418
116 1160 -0.47799003710645044 -0.209817087371668 0.09244561726113701 0.43816439945095875 0.5349819294868539 0.6442658260736733 0.6801593196759498 0.7682333709324889 0.8185884933244774 0.9466908970712121 1.118234908682186 1.2052753933836078 1.2886038417411567 1.5218304591108418
117 1170 -0.470556214268786 -0.204037354675163 0.0883934267125814 0.4349915711015062 0.5349819294868539 0.6442658260736733 0.6801593196759498 0.7682333709324889 0.8185884933244774 0.9466908970712121 1.118234908682186 1.2052753933836078 1.2886038417411567 1.5218304591108418
118 1180 -0.46365503753887916 -0.2026583085058365 0.10505708266218328 0.43270566337092603 0.5349819294868539 0.6442658260736733 0.6801593196759498 0.7682333709324889 0.8185884933244774 0.9466908970712121 1.118234908682186 1.2052753933836078 1.2886038417411567 1.5218304591108418
119 1190 -0.4420227933512001 -0.19621355930181789 0.0837079662218701 0.417119129304661 0.5349819294868539 0.6442658260736733 0.6801593196759498 0.7682333709324889 0.8185884933244774 0.9466908970712121 1.118234908682186 1.2052753933836078 1.2886038417411567 1.5218304591108418
120 1200 -0.456516033498058 -0.19793945746753466 0.09526091413592817 0.42997080392395554 0.5349819294868539 0.6442658260736733 0.6801593196759498 0.7682333709324889 0.8185884933244774 0.9466908970712121 1.118234908682186 1.2052753933836078 1.2886038417411567 1.5218304591108418
121 1210 -0.4755018243169077 -0.2038839829072913 0.09896493529429917 0.43337012523593843 0.5185462254759453 0.5971833325089014 0.6634344805898573 0.6914862319618902 0.770417323529477 0.9956909413414957 1.119990045636719 1.1832525590314313 1.3371186835332873 1.5584894490154326
122 1220 -0.47507865009295835 -0.22389046841275143 0.08826030941236973 0.42571302179138587 0.5185462254759453 0.5971833325089014 0.6634344805898573 0.6914862319618902 0.770417323529477 0.9956909413414957 1.119990045636719 1.1832525590314313 1.3371186835332873 1.5584894490154326
123 1230 -0.44199128761825385 -0.20901607265723254 0.0976857929142279 0.4264763987699366 0.5185462254759453 0.5971833325089014 0.6634344805898573 0.6914862319618902 0.770417323529477 0.9956909413414957 1.119990045636719 1.1832525590314313 1.3371186835332873 1.5584894490154326
124 1240 -0.4711631260064816 -0.2130642720415168 0.10471397231975076 0.450627798750903 0.5185462254759453 0.5971833325089014 0.6634344805898573 0.6914862319618902 0.770417323529477 0.9956909413414957 1.119990045636719 1.1832525590314313 1.3371186835332873 1.5584894490154326
125 1250 -0.46271269790649 -0.20781612199825364 0.07955544434469447 0.4459171917256449 0.5185462254759453 0.5971833325089014 0.6634344805898573 0.6914862319618902 0.770417323529477 0.9956909413414957 1.119990045636719 1.1832525590314313 1.3371186835332873 1.5584894490154326
126 1260 -0.48344313646527953 -0.21178186839004964 0.07529651805661935 0.4517496396514704 0.5185462254759453 0.5971833325089014 0.6634344805898573 0.6914862319618902 0.770417323529477 0.9956909413414957 1.119990045636719 1.1832525590314313 1.3371186835332873 1.5584894490154326
127 1270 -0.5080683340398546 -0.20972178235129088 0.060286114126355886 0.45106456620931734 0.5185462254759453 0.5971833325089014 0.6634344805898573 0.6914862319618902 0.770417323529477 0.9956909413414957 1.119990045636719 1.1832525590314313 1.3371186835332873 1.5584894490154326
128 1280 -0.5067574549857443 -0.21203192701711812 0.0681077934060656 0.4627743568030296 0.5185462254759453 0.5971833325089014 0.6634344805898573 0.6914862319618902 0.770417323529477 0.9956909413414957 1.119990045636719 1.1832525590314313 1.3371186835332873 1.5584894490154326
129 1290 -0.5118434598465924 -0.21913088346058707 0.05900060295585133 0.45652192533679553 0.5185462254759453 0.5971833325089014 0.6634344805898573 0.6914862319618902 0.770417323529477 0.9956909413414957 1.119990045636719 1.1832525590314313 1.3371186835332873 1.5584894490154326
130 1300 -0.5242834230126246 -0.21816915409340887 0.06687308971944136 0.4393044293963908 0.5185462254759453 0.5971833325089014 0.6634344805898573 0.6914862319618902 0.770417323529477 0.9956909413414957 1.119990045636719 1.1832525590314313 1.3371186835332873 1.5584894490154326
131 1310 -0.518020134778215 -0.22469775083098578 0.026735119234992954 0.43173463938530177 0.41998002060728945 0.5642923452126938 0.6874062646245104 0.7026267393600887 0.898305411858678 0.9542967816270813 1.1821500739464186 1.207721220924404 1.328934654076997 1.4829725566943055
132 1320 -0.5013978563157836 -0.19221012546393923 0.029003144226378754 0.4229825232681279 0.41998002060728945 0.5642923452126938 0.6874062646245104 0.7026267393600887 0.898305411858678 0.9542967816270813 1.1821500739464186 1.207721220924404 1.328934654076997 1.4829725566943055
133 1330 -0.48365214795028666 -0.21742971387977467 0.03732221134962457 0.41119409872300444 0.41998002060728945 0.5642923452126938 0.6874062646245104 0.7026267393600887 0.898305411858678 0.9542967816270813 1.1821500739464186 1.207721220924404 1.328934654076997 1.4829725566943055
134 1340 -0.46606017276016226 -0.24186247185808374 0.01653063971018338 0.3906009106530256 0.41998002060728945 0.5642923452126938 0.6874062646245104 0.7026267393600887 0.898305411858678 0.9542967816270813 1.1821500739464186 1.207721220924404 1.328934654076997 1.4829725566943055
135 1350 -0.44221686256458637 -0.24434736373435162 0.024407300678475956 0.3565256546158711 0.41998002060728945 0.5642923452126938 0.6874062646245104 0.7026267393600887 0.898305411858678 0.9542967816270813 1.1821500739464186 1.207721220924404 1.328934654076997 1.4829725566943055
136 1360 -0.4507297775948609 -0.22431938465735668 0.02574055542600359 0.34704253558064513 0.41998002060728945 0.5642923452126938 0.6874062646245104 0.7026267393600887 0.898305411858678 0.9542967816270813 1.1821500739464186 1.207721220924404 1.328934654076997 1.4829725566943055
137 1370 -0.4762479860743358 -0.2221367563930986 0.020398946204498895 0.3729367254524364 0.41998002060728945 0.5642923452126938 0.6874062646245104 0.7026267393600887 0.898305411858678 0.9542967816270813 1.1821500739464186 1.207721220924404 1.328934654076997 1.4829725566943055
138 1380 -0.47158505417521074 -0.21776877619453322 0.020623398832173744 0.3785259877348862 0.41998002060728945 0.5642923452126938 0.6874062646245104 0.7026267393600887 0.898305411858678 0.9542967816270813 1.1821500739464186 1.207721220924404 1.328934654076997 1.4829725566943055
139 1390 -0.435845924657611 -0.21417975502531605 0.0435769256454278 0.37637601396765685 0.41998002060728945 0.5642923452126938 0.6874062646245104 0.7026267393600887 0.898305411858678 0.9542967816270813 1.1821500739464186 1.207721220924404 1.328934654076997 1.4829725566943055
140 1400 -0.432198327020648 -0.2240470770916542 0.037909202436162553 0.3621365690353564 0.41998002060728945 0.5642923452126938 0.6874062646245104 0.7026267393600887 0.898305411858678 0.9542967816270813 1.1821500739464186 1.207721220924404 1.328934654076997 1.4829725566943055
141 1410 -0.44652427445657017 -0.21886422258181037 0.04172213842905696 0.3759699285211892 0.3685843351368013 0.5480380546317217 0.6919677870266806 0.7299625003178228 0.9536563733154357 1.085419078390888 1.1227748475125883 1.2002622699351906 1.3061601833925969 1.4343057047914305
142 1420 -0.44739482491146854 -0.2359765804065059 0.024375232038867486 0.3654774396569994 0.3685843351368013 0.5480380546317217 0.6919677870266806 0.7299625003178228 0.9536563733154357 1.085419078390888 1.1227748475125883 1.2002622699351906 1.3061601833925969 1.4343057047914305
143 1430 -0.43976951282341376 -0.23868968691597395 0.014941430539750196 0.36307652044899846 0.3685843351368013 0.5480380546317217 0.6919677870266806 0.7299625003178228 0.9536563733154357 1.085419078390888 1.1227748475125883 1.2002622699351906 1.3061601833925969 1.4343057047914305
144 1440 -0.4349023404841322 -0.2400500108265995 0.020353027997518827 0.3440570413151329 0.3685843351368013 0.5480380546317217 0.6919677870266806 0.7299625003178228 0.9536563733154357 1.085419078390888 1.1227748475125883 1.2002622699351906 1.3061601833925969 1.4343057047914305
145 1450 -0.45895510102618403 -0.24775718233887367 0.027646771338505547 0.34769869718583696 0.3685843351368013 0.5480380546317217 0.6919677870266806 0.7299625003178228 0.9536563733154357 1.085419078390888 1.1227748475125883 1.2002622699351906 1.3061601833925969 1.4343057047914305
146 1460 -0.4488042526957481 -0.25006164962436306 0.018914392901657667 0.3583470663308803 0.3685843351368013 0.5480380546317217 0.6919677870266806 0.7299625003178228 0.9536563733154357 1.085419078390888 1.1227748475125883 1.2002622699351906 1.3061601833925969 1.4343057047914305
147 1470 -0.42376946318508946 -0.2248559037722811 0.03410289640509443 0.33117578985702295 0.3685843351368013 0.5480380546317217 0.6919677870266806 0.7299625003178228 0.9536563733154357 1.085419078390888 1.1227748475125883 1.2002622699351906 1.3061601833925969 1.4343057047914305
148 1480 -0.4256098815556034 -0.2323854569180485 0.03965997050655501 0.35157469686599435 0.3685843351368013 0.5480380546317217 0.6919677870266806 0.7299625003178228 0.9536563733154357 1.085419078390888 1.1227748475125883 1.2002622699351906 1.3061601833925969 1.4343057047914305
149 1490 -0.40249886225557646 -0.23196326457913016 0.028539253395306125 0.34385144960034875 0.3685843351368013 0.5480380546317217 0.6919677870266806 0.7299625003178228 0.9536563733154357 1.085419078390888 1.1227748475125883 1.2002622699351906 1.3061601833925969 1.4343057047914305
150 1500 -0.37630434041788163 -0.22898909623808905 0.017531318096230764 0.3258677553821088 0.3685843351368013 0.5480380546317217 0.6919677870266806 0.7299625003178228 0.9536563733154357 1.085419078390888 1.1227748475125883 1.2002622699351906 1.3061601833925969 1.4343057047914305
151 1510 -0.40985920223771993 -0.24331627771179576 0.026335267908620733 0.38371167740839085 0.2963988658465863 0.5699883273695268 0.7070758133298852 0.7771691358687457 0.9429553803822879 1.0315652595396076 1.068028213495695 1.1955443140907864 1.3793236968507494 1.434390769940918
152 1520 -0.4181059257084417 -0.24321574030402 0.010911142058395381 0.37679575194112513 0.2963988658465863 0.5699883273695268 0.7070758133298852 0.7771691358687457 0.9429553803822879 1.0315652595396076 1.068028213495695 1.1955443140907864 1.3793236968507494 1.434390769940918
