% # columns="iteration, evaluation, sigma, max axis length,  min axis length, all principle axes lengths  (sorted square roots of eigenvalues of C)", seed=883508, Mon Mar  9 13:20:14 2020
1 10 0.18743873680616513 1.0000450010125153 1.0 1.0 1.0000050000125 1.00001000005 1.0000150001125006 1.0000200002000015 1.0000250003125026 1.0000300004500045 1.0000350006125072 1.0000400008000108 1.0000450010125153
2 20 0.20350043050074584 1.072970727057918 0.8937089632562496 0.8937089632562496 0.9455170962917798 0.9882830920452871 0.993385369293196 0.9972506445938182 1.0000831348592876 1.0061501975613192 1.0111556507851982 1.0395258065514488 1.072970727057918
3 30 0.22079985962904336 1.1813746175668736 0.8642744883838034 0.8642744883838034 0.9374004406860285 0.9675648526586212 0.9765449943533553 0.9865951798378592 0.9989508190684394 1.0112194362731213 1.0230154417514319 1.0395207769273638 1.1813746175668736
4 40 0.2613523232782602 1.286761836222762 0.863760344146576 0.863760344146576 0.8953513023151732 0.9348484806726698 0.9465131490393728 0.9789770882456484 0.9898903851365811 1.0244533591547165 1.0411377620050828 1.047297507606162 1.286761836222762
5 50 0.29268780018467905 1.3678588043527544 0.8499213840678597 0.8499213840678597 0.8839322467436417 0.9233602127090054 0.949538420038975 0.9656426058765978 0.9831468681139404 1.0080222595414101 1.0382914494971078 1.0557601460363024 1.3678588043527544
6 60 0.332789436353558 1.3817451228075635 0.8497308526478498 0.8497308526478498 0.8689011800980834 0.9218834892031996 0.9388376483785709 0.9562432326850115 0.971964326793874 0.9951867753238505 1.0283750674509649 1.0887658212042117 1.3817451228075635
7 70 0.39414729162379153 1.4273032359115967 0.817181903928481 0.817181903928481 0.8633526627101221 0.8993028093229785 0.9273373225283353 0.963822305183683 0.982160462826096 0.9870885799449917 1.0145578471731147 1.094435177574622 1.4273032359115967
8 80 0.46363285085935324 1.4512711584175406 0.8105580789170814 0.8105580789170814 0.8768595602949778 0.9002168072777932 0.9187537780461594 0.9407464034413352 0.9797113726043749 0.9840370831945069 1.0169040348631881 1.0800284133608267 1.4512711584175406
9 90 0.5247147499933663 1.428113387303646 0.8305930650314364 0.8305930650314364 0.8773503710787584 0.8880047309983655 0.9077956263003751 0.9541169948180361 0.9616566162868021 0.9672429658580505 1.0213919248805132 1.078211801776374 1.428113387303646
10 100 0.5701108576635998 1.4335652638627443 0.8141976869485298 0.8141976869485298 0.8623423893455932 0.8968402665790879 0.9032108408750736 0.9436550369426643 0.9548447397138063 0.9713280540958861 1.0079066793167224 1.0851677004841145 1.4335652638627443
11 110 0.597793244280977 1.4149422718174673 0.8160738030656952 0.8160738030656952 0.8562713519315738 0.8729225401724026 0.9158204436201075 0.9379647902741649 0.9572815649704441 0.9690771241324471 1.009436916596557 1.0801045330069492 1.4149422718174673
12 120 0.5975432669039948 1.4285092545087703 0.7940289606779297 0.7940289606779297 0.8439367365161045 0.8575005506015856 0.8895052720064675 0.9115004707911749 0.9496777767982092 0.97856573890494 1.0146621183944957 1.1041474766061776 1.4285092545087703
13 130 0.5726385129568694 1.4076214577249275 0.7994075650422225 0.7994075650422225 0.8420463108276479 0.8676568492492617 0.8812387407043392 0.9022942274747882 0.9347336996820425 0.9705209457248655 1.007117160361369 1.076216018830342 1.4076214577249275
14 140 0.5585151553506119 1.3687042084872088 0.7750035285286325 0.7750035285286325 0.8304423436032311 0.8610357248081607 0.8713717184699774 0.9078668951759488 0.9429697854300557 0.9683398633789685 1.0051503377400315 1.0989230328553836 1.3687042084872088
15 150 0.5063525773468412 1.308770251955875 0.7844858279347003 0.7844858279347003 0.8195685575966679 0.8577970295254861 0.8796914388954383 0.8947844485813581 0.9469889710737354 0.9612795479586872 0.9964530779188088 1.0964616028739962 1.308770251955875
16 160 0.4909517289471887 1.2827430370712476 0.7701662167015717 0.7701662167015717 0.8017986928114107 0.8448532774865951 0.8545555820218653 0.8983774770967325 0.9369044026894605 0.9519461697596264 0.9923755630040811 1.1159986437556528 1.2827430370712476
17 170 0.4594352692793886 1.263897022434852 0.7689166919916846 0.7689166919916846 0.7745856528305833 0.8244234226842575 0.8512663179612369 0.8860696414650209 0.9344935506180335 0.9646147149391818 1.0064094680179272 1.127182109795706 1.263897022434852
18 180 0.4355718625689253 1.2534513044015148 0.7560627357014026 0.7560627357014026 0.771110600209528 0.8178790246739781 0.8346022752405416 0.8787100073276979 0.9040506096028088 0.9436572403800139 1.0137428268428954 1.1295046243091713 1.2534513044015148
19 190 0.4253878740187407 1.2429329887598735 0.7466157556181832 0.7466157556181832 0.7544096433839232 0.8131075803625146 0.8451434090976747 0.8755027252439277 0.8948447657672418 0.9611951823932892 1.0109281525303042 1.1104694081806668 1.2429329887598735
20 200 0.37430420304761325 1.2869178687161897 0.7299338123633179 0.7299338123633179 0.7435783242514896 0.8079914005911419 0.8322429159956761 0.8618604822645611 0.8873018390849969 0.9424117665895027 1.0026053177660348 1.1029694198060807 1.2869178687161897
21 210 0.34209683631332555 1.2765746083270708 0.7171467052891425 0.7171467052891425 0.7318386931550374 0.7873219899310938 0.8225159220881971 0.8526774670715614 0.8857668374895259 0.9411051186991843 0.9989758061946802 1.0866723562836906 1.2765746083270708
22 220 0.31930411640267786 1.255795964081805 0.7074203218972734 0.7074203218972734 0.7245120214733195 0.7797913123708002 0.8226450720673497 0.8519203914853102 0.8847888516358337 0.9311863074970088 0.9732072941923348 1.0747070063668394 1.255795964081805
23 230 0.29696577231751853 1.268201487847405 0.7090898136368263 0.7090898136368263 0.7248972428624699 0.7659653557226063 0.8082950505022268 0.8520542818637008 0.8580764062306976 0.9258275044232198 0.9581603961204366 1.0579967638806986 1.268201487847405
24 240 0.2724546436249499 1.2647361274214621 0.7017889686360749 0.7017889686360749 0.7292543112011968 0.7526767585520757 0.8071126059008086 0.8168665194291382 0.8631580717936449 0.922826260292391 0.9544112210269574 1.0537041633570432 1.2647361274214621
25 250 0.2530923453857555 1.249447753175142 0.6756621792136029 0.6756621792136029 0.7301365200906353 0.7647923537344513 0.7723216449918028 0.8033821686125346 0.8584054366323118 0.9185791169952614 0.9534332087121913 1.0582676699697895 1.249447753175142
26 260 0.22554326850816253 1.2574481670655557 0.6446128095742841 0.6446128095742841 0.7266675264418773 0.7343449564512553 0.7688794351920517 0.80254644234054 0.8746414427756554 0.9196586395985621 0.9398389354449056 1.0805500541396464 1.2574481670655557
27 270 0.20287316591817162 1.2404742185222746 0.6596103277635579 0.6596103277635579 0.7175873919852087 0.7309203625603636 0.7697947825694412 0.7971153043053744 0.8575440025180064 0.8905970406969271 0.9439659765043984 1.0406053601174037 1.2404742185222746
28 280 0.1864529627130275 1.2365355640890456 0.6482870980313026 0.6482870980313026 0.6913759999733338 0.7196919357171655 0.7562716411863258 0.7875737888748923 0.8459722331173531 0.8939871960744111 0.9514031868061968 1.0353961727014502 1.2365355640890456
29 290 0.16293834864953669 1.225572110803393 0.6498804517424079 0.6498804517424079 0.6951011822621341 0.699770998894655 0.743237668314973 0.7587119218133478 0.8319602482074027 0.8907180577725916 0.9498492715185813 1.0228256297167582 1.225572110803393
30 300 0.14143221050398935 1.2205209455371797 0.6395317288323373 0.6395317288323373 0.6778116908103765 0.6970991500741173 0.7312559854923496 0.7598300707924619 0.8237016391093316 0.8771399797969159 0.9480080039927464 0.9867879421746641 1.2205209455371797
31 310 0.12759285301884718 1.2004278979265333 0.6272339501943502 0.6272339501943502 0.6774026997516458 0.6858154468952111 0.7297071161096879 0.7605776556164923 0.8204486613339749 0.8754324130703777 0.917619742964028 0.9629315839455419 1.2004278979265333
32 320 0.11396611975753716 1.1904677098950978 0.6325300861617036 0.6325300861617036 0.668717445695078 0.6823353227248671 0.7157711075152078 0.7522935033288053 0.803590398200995 0.8589167784021159 0.903590250891426 0.9590706470901975 1.1904677098950978
33 330 0.11270705792960385 1.1819377550051504 0.6165216420542702 0.6165216420542702 0.6501193364720017 0.6749787603344614 0.7075312319756305 0.743796932210754 0.8081629428874417 0.8393484918656984 0.8844972942810561 0.964413452035575 1.1819377550051504
34 340 0.11517301452346107 1.204239746392162 0.6174236036527108 0.6174236036527108 0.6455391505692858 0.6771793682366213 0.7011622715807655 0.74500448536462 0.7858254089708723 0.8365744619066866 0.9024727975467678 0.9386341423729441 1.204239746392162
35 350 0.10760740712406557 1.2256964806465438 0.6111600662654543 0.6111600662654543 0.6454810031499687 0.6667137655795742 0.6925571152845261 0.7350120054952791 0.7666443001688572 0.8730690388572414 0.8806798721719343 0.9352932479671515 1.2256964806465438
36 360 0.1046015063529656 1.2172651763083204 0.6016044718400749 0.6016044718400749 0.6396794006248868 0.6732855104327712 0.676924745005753 0.7240830516642186 0.7677049558770744 0.8413630941716871 0.8838555745652288 0.9370091890797237 1.2172651763083204
37 370 0.10579344466138585 1.212141187917275 0.607572936991743 0.607572936991743 0.6372861741415763 0.6685531830122978 0.6739330308144026 0.7273292574067077 0.7838033097925389 0.8217601764938556 0.8702675051638948 0.925643186390945 1.212141187917275
38 380 0.09644215892359613 1.2079813102482644 0.5949774204774826 0.5949774204774826 0.6374336001658331 0.6568173919561895 0.6713004752081092 0.7188158978501212 0.7797250182971639 0.7998144341699157 0.8609470040387674 0.9451500172461074 1.2079813102482644
39 390 0.09419949636689648 1.2158047842413597 0.5913068033112098 0.5913068033112098 0.6260906648503484 0.6441569282472923 0.6746834369068196 0.6993564916010728 0.7643626338314371 0.7936672132181842 0.854871924470775 0.9357340033459441 1.2158047842413597
40 400 0.09324755379565461 1.212489938415296 0.6044627869890907 0.6044627869890907 0.6335920505276336 0.6494037517699893 0.6609213417072531 0.7046194592024828 0.7441394066483823 0.773777574231306 0.8486407684031951 0.9186258864659715 1.212489938415296
41 410 0.0905435153291556 1.2181854543451605 0.6011974003009966 0.6011974003009966 0.6342666037941035 0.6446663896107249 0.6732439268109109 0.7080350564771164 0.7372828619752364 0.7620362962469113 0.8205314013391827 0.9127354115192563 1.2181854543451605
42 420 0.08184140014162677 1.2095363887437762 0.5945583089682044 0.5945583089682044 0.6336546272199612 0.6344841286728466 0.672012285467585 0.7028192333562168 0.7326073308749114 0.7700011678452126 0.8044135269442617 0.9249841187684072 1.2095363887437762
43 430 0.07356934602990643 1.205192808863243 0.5904172660172158 0.5904172660172158 0.6217255299716896 0.6385546139229723 0.6707043048295526 0.696435687719977 0.7239618914612307 0.7633031499712111 0.787908047221538 0.9094327565216934 1.205192808863243
44 440 0.06427717659778477 1.1842817477793144 0.5816169786788224 0.5816169786788224 0.6090267010113896 0.6345138880253903 0.6769575279808863 0.6833147353006488 0.7069457436102939 0.7707676628441825 0.7863744201103876 0.8970287072507329 1.1842817477793144
45 450 0.060176765848835 1.1562979915079465 0.5800681921991717 0.5800681921991717 0.5922822692869291 0.6208678121434381 0.6629156144659563 0.6870525665256026 0.7116379054669406 0.7622867833487542 0.7865931981236858 0.8800570641377684 1.1562979915079465
46 460 0.05670680093696346 1.16308856967404 0.5666657991397902 0.5666657991397902 0.5829693848332179 0.6099503844932076 0.6617799339693936 0.6851882224863413 0.701635138497249 0.7622581719601175 0.7706355814730694 0.8769208689816023 1.16308856967404
47 470 0.05283002100721109 1.13782069815392 0.5620200288788607 0.5620200288788607 0.57624510791908 0.6009980742238354 0.662938539464774 0.6809795808496772 0.6973982593238004 0.7607358996155619 0.7726306536033895 0.840763431694373 1.13782069815392
48 480 0.050215011510436385 1.1442760256765776 0.5326983545639036 0.5326983545639036 0.5852399536134076 0.6025484275016437 0.6498769919640364 0.6611608898110827 0.6954505058897028 0.7600668503133996 0.7684016442247511 0.8426308988189318 1.1442760256765776
49 490 0.05233875084318062 1.1265647545555477 0.5259655366410896 0.5259655366410896 0.5651534779549403 0.5942993726872073 0.6414202298388088 0.6575160955381716 0.6942941557707938 0.7664473223296625 0.7813917722477475 0.8299646463103373 1.1265647545555477
50 500 0.053918639375803594 1.106101050813151 0.5201367410695068 0.5201367410695068 0.564318869469362 0.59532809775219 0.6299424525583222 0.6559785106530612 0.6940012673036144 0.7746166389709362 0.7829819029963125 0.8452490124656192 1.106101050813151
51 510 0.05030723218028834 1.0984163459484082 0.5153410256850877 0.5153410256850877 0.5556468935150635 0.593330236340038 0.6247408576715582 0.6560232026500005 0.6889133751313107 0.7733604579110964 0.7788155187760053 0.8617220362681817 1.0984163459484082
52 520 0.0437195789614588 1.08389454156939 0.5170265924460575 0.5170265924460575 0.5469156237113509 0.5800632846298586 0.6231013074198526 0.6544076843242845 0.6784310241277244 0.763893591589063 0.7685304078654535 0.8798619775648479 1.08389454156939
53 530 0.04119948961055895 1.0825154950160036 0.5142689743675329 0.5142689743675329 0.5390010112412734 0.5741581805380748 0.5981288752807894 0.6508885765248067 0.67918531228702 0.7240724949797137 0.7750380519823455 0.8812443366975204 1.0825154950160036
54 540 0.038931008847384055 1.081084622073552 0.5163442440262453 0.5163442440262453 0.5365304647425857 0.5591908129171205 0.6007876551466039 0.6584303312013501 0.6936593520300286 0.7212291251997923 0.7549919488834006 0.8643064081397069 1.081084622073552
55 550 0.036899610085291794 1.0549163524570933 0.5066263839464974 0.5066263839464974 0.5323899550855572 0.564691417207246 0.5980218979228882 0.6476167411103593 0.6732055692767988 0.7267750713258766 0.74895279781352 0.8687426054394383 1.0549163524570933
56 560 0.03431429218292383 1.0314581832992857 0.49513230896622784 0.49513230896622784 0.5320865943842686 0.5553922057104896 0.6013342365769089 0.6316546215341957 0.6974102924602728 0.7187012261916651 0.7469855912943705 0.8592329185522138 1.0314581832992857
57 570 0.03247401589032326 1.0112128472321507 0.4897132844176864 0.4897132844176864 0.53287833822957 0.5483979962839062 0.599965359950937 0.6347440488536402 0.6891295366849209 0.7174674111887175 0.7413231172845768 0.8554092351426307 1.0112128472321507
58 580 0.031036625333054086 0.9898498176586917 0.4886656904548656 0.4886656904548656 0.5204890539617407 0.5362543566625929 0.6019699527419156 0.6341396198418396 0.6866873349558053 0.7180826609304192 0.7412868459637306 0.8381656481263114 0.9898498176586917
59 590 0.028710272222245467 0.9701922508085424 0.4825187091413756 0.4825187091413756 0.5092848439975597 0.5303768635210988 0.6020351611449654 0.620481512219191 0.6850844383538105 0.7179564351646763 0.7351106570204663 0.8484836045276096 0.9701922508085424
60 600 0.027039713618937714 0.9512869148594875 0.46117899388020084 0.46117899388020084 0.49648137702138695 0.5258921359708331 0.6114640973420248 0.6147600740445267 0.6870421735096242 0.724916278729682 0.7411999036958036 0.8436777969462755 0.9512869148594875
61 610 0.027144342787709202 0.9387410603949066 0.46368584311884364 0.46368584311884364 0.4877452279344641 0.521666429868516 0.5884733308544354 0.6106988269926951 0.704792112492631 0.7197299516173683 0.7408940031648081 0.8386950169955489 0.9387410603949066
62 620 0.02795101041256922 0.8997103529229945 0.4736647956905112 0.4736647956905112 0.5033200262105753 0.521303116688012 0.5882678642170124 0.6103379236531197 0.6983250683255761 0.7082345712940157 0.7338122202282186 0.8375264007989514 0.8997103529229945
63 630 0.028443257060479114 0.867175097714287 0.4869396188712439 0.4869396188712439 0.49943613763900346 0.5232112942884772 0.5857787555734401 0.6047992898719978 0.6871586263892866 0.7138843983425086 0.7290896669055819 0.8264201293837385 0.867175097714287
64 640 0.028436380478622795 0.8663925924706278 0.4748744552053763 0.4748744552053763 0.4977617617164599 0.5251098104268913 0.5876070340311901 0.6004717862964599 0.6837087989075297 0.702178984961629 0.7437055607498286 0.8242704311133494 0.8663925924706278
65 650 0.029152483072755683 0.8620586075309953 0.4757605178775404 0.4757605178775404 0.5032755778182195 0.5292415251514759 0.5810985314933967 0.6166902474242558 0.6890060836033615 0.7039070130169206 0.7370701479691328 0.8119655996007574 0.8620586075309953
66 660 0.02865750265477221 0.8602053319207418 0.46450366648815644 0.46450366648815644 0.5034559921701115 0.5308529907825746 0.576252940180097 0.640317686020029 0.6827317224333392 0.7072084852715497 0.7357018784794277 0.789727737646037 0.8602053319207418
67 670 0.02586752715373393 0.878184856506166 0.46191507922683506 0.46191507922683506 0.49356249817501346 0.5297548439458293 0.5655807518898235 0.6175662525571248 0.6853709927329632 0.7011584126139548 0.7332981719156216 0.7844055577652846 0.878184856506166
68 680 0.025594465810321376 0.88603722208964 0.4674937638768032 0.4674937638768032 0.4908082015260965 0.5245317501019756 0.5527786858807698 0.6033058418952625 0.6756833934040452 0.7079518089482093 0.7307784337198051 0.7648488232627498 0.88603722208964
69 690 0.024651869524692678 0.9003425316249255 0.45844838834796736 0.45844838834796736 0.4879485692120876 0.5165544746737517 0.5422384465741015 0.5984901444827229 0.6858292424856248 0.7019466185230265 0.7209727202306209 0.7852288413579085 0.9003425316249255
70 700 0.023490011772641962 0.8971248634106928 0.46059954482646714 0.46059954482646714 0.4799057247644655 0.5078914777819256 0.5459429084596275 0.5859895897290139 0.6749850438533318 0.6885904218653399 0.7013808885281787 0.7933273840956411 0.8971248634106928
71 710 0.021261953750815424 0.8976549710637134 0.44830256565358173 0.44830256565358173 0.4902191083210697 0.520047970926774 0.541847241126144 0.5846467124689121 0.6354943267198675 0.6798065754188845 0.7034942898083235 0.8017382931281845 0.8976549710637134
72 720 0.020008454017083465 0.907464824492588 0.45144704935933494 0.45144704935933494 0.48806352154119426 0.5116835446991856 0.5365383414617539 0.5866232020930356 0.6161309704147652 0.6554159920342848 0.6979264130782653 0.7930864002574981 0.907464824492588
73 730 0.018814180074034754 0.9075694159412532 0.44718364845529834 0.44718364845529834 0.4860341396536232 0.5060122877834317 0.5410507333995749 0.5639595028760457 0.6110101478096984 0.64446580926048 0.6768803399107942 0.7977898046741361 0.9075694159412532
74 740 0.018589643765722152 0.890377281955102 0.4377844822359185 0.4377844822359185 0.4841319559004951 0.4994102933570084 0.5383060808165893 0.5409214749932917 0.6143110337485027 0.6356550217882678 0.6754877222183333 0.7994875782353184 0.890377281955102
75 750 0.017571149574390644 0.8950544258176074 0.4345640670080175 0.4345640670080175 0.45570567333504025 0.5056962272817188 0.5233802350227345 0.5564813643427854 0.607611657787977 0.6287411712277763 0.7069460259660091 0.7982245153954283 0.8950544258176074
76 760 0.01752485767037842 0.8957655007624333 0.42567623394886983 0.42567623394886983 0.45386345442979376 0.499910954260473 0.5297413893869668 0.5502635034971816 0.5965009024643337 0.6279228330595469 0.7031727669820237 0.7938176043940758 0.8957655007624333
77 770 0.01645608805920004 0.8883182054302203 0.4225757000250042 0.4225757000250042 0.44758689118829664 0.4690596885460484 0.537395920516341 0.5537251489036986 0.5927249088825468 0.6250561931247463 0.7096013759117334 0.8017669508503976 0.8883182054302203
78 780 0.015414188392905709 0.883083162512047 0.4073913208470041 0.4073913208470041 0.4470122449856094 0.4643699749841979 0.5361027896748709 0.5480325382662797 0.593147097093294 0.6294412549427497 0.706289354294339 0.7970036776590209 0.883083162512047
79 790 0.014214687152798349 0.8886956718589893 0.3772388397962977 0.3772388397962977 0.44117267328456755 0.4612219949745684 0.5332908566293552 0.5470900843065376 0.6048324541741236 0.6233866285759835 0.7066888630534669 0.8007777599192862 0.8886956718589893
80 800 0.012889226646526013 0.879386599448902 0.3759982990432948 0.3759982990432948 0.43874579220595933 0.4562041244793083 0.5383742730486571 0.5455385014479999 0.594905254215959 0.6132243151622653 0.7049044758552996 0.7722808751463864 0.879386599448902
81 810 0.012357567595358672 0.8716064408542181 0.35931753549698386 0.35931753549698386 0.4323463040565687 0.4414994582678923 0.5230354439963625 0.542000744394707 0.5960432361897566 0.6164905187258611 0.7048321482109717 0.7719937825911963 0.8716064408542181
82 820 0.01232919989363854 0.860124586168635 0.3543052332784338 0.3543052332784338 0.4033671115022579 0.44142871554901275 0.5263514810046782 0.555599705927542 0.5936672423726375 0.6107747118748802 0.7055291087168905 0.7612407534031952 0.860124586168635
83 830 0.012414697110899877 0.8410143113771134 0.3435598229499774 0.3435598229499774 0.3944540329474444 0.43710997415926744 0.5263075792204427 0.5646247207906285 0.5723276670882959 0.6287557131029502 0.7105015770737794 0.7689558275155937 0.8410143113771134
84 840 0.012645585995961734 0.8400885985390893 0.3250093604990064 0.3250093604990064 0.39107543500693887 0.4310187987830614 0.5212825706202925 0.5653899056855058 0.5706468911152968 0.6511916721390317 0.7133180916565978 0.7679447934380251 0.8400885985390893
85 850 0.012987995133738096 0.8147776556362171 0.3200217648159529 0.3200217648159529 0.3934325856945226 0.4282372690319766 0.513612135055572 0.5490311439515364 0.5773456629562901 0.6643227328642352 0.7224051452531242 0.7683199756938585 0.8147776556362171
86 860 0.012281539380961576 0.8084198533849938 0.31404529076242177 0.31404529076242177 0.3951578503924915 0.431043085349162 0.49468164128990205 0.5550534952693105 0.5802054407405536 0.6571614127510219 0.7194444106339771 0.7812138591085267 0.8084198533849938
87 870 0.012667625391777444 0.7987570545801266 0.310713238363988 0.310713238363988 0.39183707035438986 0.42145947208274254 0.4943547630717957 0.5475666426966003 0.5730695158002261 0.6548230424857432 0.7144017305159215 0.7596050265089442 0.7987570545801266
88 880 0.012629752800966025 0.8050110233212073 0.3079583566439335 0.3079583566439335 0.3883382756375001 0.428909022832366 0.48285504566872034 0.5408678191401645 0.5695449530609311 0.6503013566635176 0.7129433471346605 0.7723927858296722 0.8050110233212073
89 890 0.011651655858047191 0.7922063807175045 0.29976672348419986 0.29976672348419986 0.37875096223811877 0.42599123624774526 0.4741183862296168 0.5622351011899985 0.5706188926955266 0.6539120750820896 0.6992925341511743 0.7701728023848813 0.7922063807175045
90 900 0.010775364270377426 0.803367445758225 0.2849767988373034 0.2849767988373034 0.37267972808160826 0.4232079730106456 0.4700675846770111 0.5555551909591245 0.5726603190182149 0.6407308196261304 0.7091177359400875 0.7551878672543942 0.803367445758225
91 910 0.010707942553952013 0.799717287254857 0.27602867136571047 0.27602867136571047 0.3625942897689702 0.41583568653034436 0.46910444445504285 0.5531384983662408 0.5821880734000042 0.6304259851466105 0.7022448377668863 0.775072945319488 0.799717287254857
92 920 0.010930108712461055 0.7923676601729125 0.264868719296358 0.264868719296358 0.3652814466341106 0.42387874690672017 0.4661667871835209 0.5547321460436794 0.5631905316199067 0.6298196600644622 0.6926026156429033 0.7907533170099758 0.7923676601729125
93 930 0.010749117274936791 0.8129462395094826 0.24735962141243467 0.24735962141243467 0.36904546981085107 0.4199223481347381 0.46372800165920114 0.5559533352074719 0.5695162216529207 0.6285228548936246 0.6930742690855083 0.786932835809001 0.8129462395094826
94 940 0.009904522381124195 0.8182066123739004 0.2373764168419384 0.2373764168419384 0.37402629615220573 0.4127609388849886 0.4578522665438201 0.5507954403905768 0.584012058503364 0.6283353138857714 0.6744540065205629 0.8032701770763556 0.8182066123739004
95 950 0.008809458379037061 0.8157604619512148 0.23270709451648286 0.23270709451648286 0.37048528883583465 0.4168717121892794 0.4528033516816471 0.5409071986487521 0.5486480839880826 0.6304774321891122 0.672921449032202 0.8029920421076832 0.8157604619512148
96 960 0.008140861198808903 0.8113790881641497 0.23252245253075804 0.23252245253075804 0.3672825433496424 0.41819030358366566 0.4479313049728782 0.5402166996668549 0.5461636474255012 0.6093204241284396 0.6678479469400341 0.7876823149085388 0.8113790881641497
97 970 0.007929347138768097 0.8023350157015995 0.22485143514341607 0.22485143514341607 0.3674500206998554 0.41177614897904874 0.4532609614008866 0.5410541378334432 0.546784278812656 0.6198343780644825 0.6604590630814643 0.7530753729067897 0.8023350157015995
98 980 0.007793374874060098 0.803599661490776 0.2178445580062315 0.2178445580062315 0.3544674436194255 0.43421499882860637 0.45223350273766 0.5403200784771556 0.547631778303498 0.6070921104300063 0.6531771934251248 0.7418908851956163 0.803599661490776
99 990 0.007424716015877111 0.7958664900891562 0.20429661155661624 0.20429661155661624 0.3570877183807655 0.44123641940726854 0.45155343240299406 0.5331327140133808 0.5508672922932736 0.6160953575831174 0.659053129497644 0.7485325989615527 0.7958664900891562
100 1000 0.007224104651976685 0.8142570437837585 0.20380874154370457 0.20380874154370457 0.35163967611016717 0.4328964555012206 0.4550999416489455 0.5293840632757802 0.5586480440108559 0.6087298583169436 0.6462358613710066 0.7389582014360333 0.8142570437837585
101 1010 0.006766733557354123 0.823647124060515 0.2002584377431959 0.2002584377431959 0.3548526336501961 0.4298578905447522 0.4520966285700312 0.5205432297299586 0.5533647489667115 0.5780911477322314 0.6503978664733432 0.7616299067795363 0.823647124060515
102 1020 0.006176496986619239 0.7901715561104778 0.19857203469938525 0.19857203469938525 0.3522443127810158 0.426349190695624 0.4538964076353527 0.5053154289422506 0.5494565557520389 0.5650358273564293 0.6487715111549077 0.7785077501868827 0.7901715561104778
103 1030 0.005648395131181357 0.7752290688176051 0.19858657963932616 0.19858657963932616 0.35343145209809784 0.4264320644813357 0.4446753006487387 0.518924726352554 0.5449678596993547 0.5625065600688802 0.635359540308441 0.7500073963947957 0.7752290688176051
104 1040 0.00532036930788325 0.7745763645783437 0.19429830847703827 0.19429830847703827 0.3423258267493505 0.426122529606717 0.442074342094555 0.5253106177849829 0.5440800587829264 0.5613580681405764 0.6196769972363453 0.7491301594159684 0.7745763645783437
105 1050 0.004714807770158007 0.7856929208309258 0.19374605244635845 0.19374605244635845 0.3416041641608498 0.4201808014723877 0.4426805331006196 0.5067419559482215 0.5216781336763813 0.5521570700602788 0.6201304969474355 0.7485598565307036 0.7856929208309258
106 1060 0.004587665597165074 0.7824911988432328 0.19013294402122155 0.19013294402122155 0.34261170805352065 0.41329662898047453 0.43309518116689655 0.502646839920225 0.5131803696127186 0.5463042042482833 0.6100452991768676 0.7421946340512353 0.7824911988432328
107 1070 0.004477656834881156 0.786245900091386 0.18848113166190184 0.18848113166190184 0.3319853384181672 0.42049367896657275 0.44270958738020416 0.49846089966941654 0.5105497778223042 0.5402964794338144 0.5986721182758077 0.7421766525001724 0.786245900091386
108 1080 0.0047758528154960905 0.7790722427911754 0.18448971419381707 0.18448971419381707 0.3376541944216285 0.41845915640717485 0.44588102275742253 0.4966805751885131 0.5248897773635589 0.5431624508513534 0.5910049520241278 0.7120206908256785 0.7790722427911754
109 1090 0.004687546059288451 0.7801288897569199 0.18121464424114164 0.18121464424114164 0.3664745288074408 0.4266328984008477 0.43675184242884096 0.5040292172273652 0.5277307740839575 0.5366879535939021 0.5751401855704504 0.7001770755464977 0.7801288897569199
110 1100 0.004449071058678779 0.7659078574406734 0.17870973815081753 0.17870973815081753 0.3542034148877086 0.41539792077521037 0.4358218891137283 0.49716434280251437 0.5266318648940875 0.5509807889265262 0.5736393061043704 0.7066223543855549 0.7659078574406734
111 1110 0.004237585408266488 0.7821532465189911 0.17363484474435867 0.17363484474435867 0.34303181171205366 0.4070424890569041 0.42535326631903647 0.4879570119019233 0.5261424355763333 0.548864140432672 0.5742622532501764 0.7126977600636805 0.7821532465189911
112 1120 0.0037966071880688452 0.7792289531467033 0.17244885429283535 0.17244885429283535 0.3411257484887028 0.4152832810569898 0.42274858553001343 0.48236049554602667 0.5103781026749501 0.5336940005281111 0.5705559710076993 0.7097616438149569 0.7792289531467033
113 1130 0.00352026911882372 0.7870204840133529 0.16972515074911837 0.16972515074911837 0.3395724918060306 0.4080610826466815 0.4138725965435426 0.47654732468690575 0.5006781940883557 0.5230555156182135 0.5709474186791205 0.6934038468727737 0.7870204840133529
114 1140 0.003133740807655045 0.7798880130501972 0.16421629389423342 0.16421629389423342 0.33586299206809317 0.412471997128468 0.419898585157021 0.463262420873195 0.49661009629886654 0.5191312251476727 0.5683487638004225 0.6858502748644993 0.7798880130501972
115 1150 0.0031830935764666475 0.7722116291294479 0.15187638836454403 0.15187638836454403 0.33607040498439833 0.4070800752540408 0.4186649746112429 0.4633901871373494 0.491216132843875 0.5046923668872197 0.5693411288679091 0.6900993993356331 0.7722116291294479
116 1160 0.0032262431351265334 0.7443219020265712 0.15230703996858713 0.15230703996858713 0.3392977672810027 0.40142025588387575 0.42061507057854364 0.4674732869683966 0.48698906297086875 0.5066637603546755 0.5810532256849518 0.6855742076773055 0.7443219020265712
117 1170 0.0029373698137479605 0.7455171895885175 0.14578259344095915 0.14578259344095915 0.33799066514067283 0.4000768198163539 0.42083759365639095 0.46339175438653846 0.488930285652139 0.5374077891430181 0.5590265549309631 0.6784190019702128 0.7455171895885175
118 1180 0.002626694184302339 0.7308506301298057 0.14600534829101067 0.14600534829101067 0.3307611121329965 0.3936525209862966 0.41377123345667616 0.45868506058192354 0.4742903961191785 0.5393946240565657 0.5522306503300033 0.6657682367594175 0.7308506301298057
119 1190 0.002408701256054562 0.7047704623467271 0.14541082688990356 0.14541082688990356 0.32389064190244077 0.3903710065064138 0.4129503021648213 0.44655217352089865 0.47361087694091275 0.5398032803074496 0.5475252794562984 0.6519217065767181 0.7047704623467271
120 1200 0.002232285596635148 0.6913271283311972 0.14400731659835542 0.14400731659835542 0.32377426572084245 0.39230072113923287 0.4082149279633871 0.4500714464525852 0.4758557259297598 0.5163186077139492 0.5463871629641973 0.6412817042162751 0.6913271283311972
121 1210 0.001978337503174457 0.6799389199150537 0.14055934385863264 0.14055934385863264 0.32318797231606883 0.3894123548957046 0.3977795970997177 0.4447638334825666 0.4721410442770897 0.5192070129744764 0.5491730590425239 0.6308783433602799 0.6799389199150537
122 1220 0.0017420166268722573 0.6792870144092903 0.1360439622057053 0.1360439622057053 0.3164748353360535 0.3882591496631566 0.3927516211663193 0.4473321825719898 0.45607433147472803 0.5158448077390757 0.5406845009288591 0.6271439761162092 0.6792870144092903
123 1230 0.0016506337949691349 0.6660427460027958 0.13495162765617216 0.13495162765617216 0.3099447183575415 0.384674452038294 0.3857869181238652 0.43668087048511933 0.46223079316652843 0.5084464772122566 0.5374825721399009 0.6200628505816115 0.6660427460027958
124 1240 0.0015119206799016696 0.6641451709384347 0.13431188775881617 0.13431188775881617 0.3137458311115346 0.3711704820628362 0.3903508651180937 0.4271008238723867 0.46202087266081143 0.500708784919318 0.5292037875317014 0.6134924074385525 0.6641451709384347
125 1250 0.0014133492640922716 0.6494850435486701 0.12972289915747562 0.12972289915747562 0.3151997197558031 0.3622038491434548 0.3891463311760318 0.42341153947817717 0.4571218967753955 0.49941280020123874 0.5272774047987828 0.6163910447723121 0.6494850435486701
126 1260 0.0012716121393280362 0.6430291004347148 0.12885271249695948 0.12885271249695948 0.3175753927394255 0.356233936016595 0.38597398686830925 0.426986002349725 0.43213789435497746 0.49828586603399183 0.523601887363753 0.6095243665179164 0.6430291004347148
127 1270 0.0011846217310631235 0.6255235108408361 0.12804078954398684 0.12804078954398684 0.3148091866734376 0.3538692697520261 0.37702393256746447 0.41427329700269977 0.42845401614591727 0.49631579278313714 0.5164876057120927 0.6096497969498343 0.6255235108408361
128 1280 0.001147651156322713 0.6180982087220873 0.12445304705630938 0.12445304705630938 0.3098759909878907 0.35333903991052756 0.3758653702065052 0.3935132108766505 0.4352432169977419 0.4872063652718725 0.5252690490681097 0.6120269680063206 0.6180982087220873
129 1290 0.0011325702143182546 0.6167714922702799 0.12461925560702004 0.12461925560702004 0.31150552048928865 0.35045635499458677 0.37015088883590186 0.39828523405757305 0.43370232600776537 0.4936171143764788 0.5081277368622523 0.5958909136187086 0.6167714922702799
130 1300 0.0010652950193944608 0.6085025758379772 0.12095583718127682 0.12095583718127682 0.30650376390348355 0.35020079404141163 0.37486037956853185 0.40444947868064524 0.430271724934474 0.4887448909918924 0.5028001720009166 0.585062346392809 0.6085025758379772
131 1310 0.0009437799000168738 0.6097818735524229 0.11798870912913098 0.11798870912913098 0.30600169432171576 0.35265843051193274 0.36684190051854276 0.3976801578058635 0.431006062406621 0.4814969933734733 0.49704177497166613 0.573366154421514 0.6097818735524229
132 1320 0.0008415421733060574 0.611253083692186 0.11663447259861441 0.11663447259861441 0.29933261841544095 0.35356717068551147 0.36099346934725807 0.3918316425581297 0.4229018122290572 0.46933940293284787 0.4956406126969607 0.5692446260531812 0.611253083692186
133 1330 0.0008164506772611596 0.60165752769791 0.11582605787442747 0.11582605787442747 0.3000875029213185 0.3471061404565145 0.3642765506814658 0.39216087056479937 0.41912045782977964 0.46707229418987845 0.47578357567475077 0.5652600434873649 0.60165752769791
134 1340 0.0007838668415957238 0.6118265983926698 0.11165545929784035 0.11165545929784035 0.2987899820905901 0.3399710599269715 0.37817989970639676 0.3889807547171703 0.417860769909457 0.4541750496333337 0.47049424156399755 0.5686298912748592 0.6118265983926698
135 1350 0.0006944156166180999 0.5891178409728476 0.11255872789382287 0.11255872789382287 0.29886608081272 0.34289621130275816 0.37026796408722373 0.3852764796582772 0.41621672300603246 0.446144164590863 0.472418911353183 0.5605913227569345 0.5891178409728476
136 1360 0.0007003614268761716 0.5899979073650754 0.11235507028780488 0.11235507028780488 0.29450152188192197 0.34021859978418356 0.3732005264245738 0.3760311150583016 0.4133331286629994 0.44832251069228707 0.4635775415296074 0.5537550709930458 0.5899979073650754
137 1370 0.0006532326374332662 0.5827358442567762 0.10679098939137043 0.10679098939137043 0.29311140812341946 0.33328321443074355 0.36563257105603575 0.37549715246081633 0.41760479976806264 0.45077768650379846 0.4716677530472204 0.5665568847798303 0.5827358442567762
138 1380 0.0006164119939500867 0.5775731274333482 0.10501870377618926 0.10501870377618926 0.2944208675791875 0.3212687599706411 0.3578298532434836 0.3768478489204056 0.4072813365042406 0.4553988871953043 0.46832785923882775 0.5630378138154727 0.5775731274333482
139 1390 0.0005599060956251522 0.5784332994566983 0.10477995248126085 0.10477995248126085 0.28942981488175784 0.3131146264117608 0.360791656634923 0.37184181110767656 0.40461984647457144 0.4508617044836699 0.46705182452387284 0.5400562445725833 0.5784332994566983
140 1400 0.000501057199408299 0.565912905286003 0.10261355010011391 0.10261355010011391 0.29132380101088734 0.30731620477652 0.3526092923893396 0.3722376499952874 0.40369369299760355 0.4431425959776394 0.4726288408351791 0.5281357890313266 0.565912905286003
141 1410 0.0004794297919904374 0.5653286918185914 0.09842295273410637 0.09842295273410637 0.2954210753759598 0.30542630440305313 0.34648567845594347 0.3716204049520762 0.4093917002749215 0.43866099646918116 0.4689853983032172 0.518417153767752 0.5653286918185914
142 1420 0.00042065038338339145 0.5634327425658064 0.09638003787529588 0.09638003787529588 0.293163207013221 0.2995617201352996 0.3519270776604102 0.37180833626552273 0.4060723956907507 0.4198471665811613 0.46877595072592976 0.5104209644725183 0.5634327425658064
143 1430 0.0004050171113506326 0.5525990579266029 0.09454581621959296 0.09454581621959296 0.28930706015136587 0.2988994223401311 0.34993161537422657 0.3693860804577202 0.40692576311731066 0.4121629061826637 0.4556266243994346 0.49638267161314303 0.5525990579266029
144 1440 0.0003953316734433491 0.5547717627041218 0.09294281172581058 0.09294281172581058 0.277982596208304 0.29844987479956886 0.3535488370955521 0.37266848012464965 0.4048851827935715 0.4089372219965358 0.44843775635532496 0.49678634805009 0.5547717627041218
145 1450 0.0003744904913814706 0.5546840554134482 0.09239025741973864 0.09239025741973864 0.2731289351043331 0.30038059755617613 0.35773936154972796 0.3659229666362939 0.4000797788030837 0.409247243104999 0.4376903009092908 0.49744621074089546 0.5546840554134482
146 1460 0.00034416656446233486 0.5496811672817633 0.09068262774801518 0.09068262774801518 0.2694702264152394 0.2963273578270036 0.34582431863655905 0.36434716880862683 0.39586645389741687 0.410309430094597 0.444259776159459 0.4902920087033454 0.5496811672817633
147 1470 0.00031903752890661803 0.5225297464210972 0.09014907081208334 0.09014907081208334 0.26703556272872464 0.2931483906574612 0.3456524224601361 0.3568858050294243 0.39534926484009575 0.40619230925949457 0.4406719209958483 0.4930204851313329 0.5225297464210972
148 1480 0.0002922041912159999 0.5225271210273446 0.09057451042127504 0.09057451042127504 0.2644763419703403 0.28893491402586824 0.3457832318874108 0.3504373782687024 0.39193511760048444 0.39912973403477436 0.44067407748036447 0.4763550864122084 0.5225271210273446
149 1490 0.0002756967877189716 0.5261315750760881 0.09088714980768192 0.09088714980768192 0.2615253281210357 0.2813516171796196 0.3309588266699037 0.35342283722188744 0.38554000685481227 0.40089707833575766 0.4436846389466794 0.46202256363014726 0.5261315750760881
