% # columns="iteration, evaluation, min max(neg(.)) min(pos(.)) max correlation, correlation matrix principle axes lengths  (sorted square roots of eigenvalues of correlation matrix)", seed=883508, Mon Mar  9 13:20:14 2020
1 10 -0.08008467929625798 -0.01776610251282652 0.013526659153729189 0.06121262478842504 0.9329554422129719 0.9486569694891037 0.9809754665538177 0.9868865669855288 0.9909247115083252 0.9979136540691115 1.002948217102093 1.0208945564460512 1.031811136579238 1.0967486708513365
2 20 -0.08008467929625798 -0.01776610251282652 0.013526659153729189 0.06121262478842504 0.9329554422129719 0.9486569694891037 0.9809754665538177 0.9868865669855288 0.9909247115083252 0.9979136540691115 1.002948217102093 1.0208945564460512 1.031811136579238 1.0967486708513365
3 30 -0.08008467929625798 -0.01776610251282652 0.013526659153729189 0.06121262478842504 0.9329554422129719 0.9486569694891037 0.9809754665538177 0.9868865669855288 0.9909247115083252 0.9979136540691115 1.002948217102093 1.0208945564460512 1.031811136579238 1.0967486708513365
4 40 -0.08008467929625798 -0.01776610251282652 0.013526659153729189 0.06121262478842504 0.9329554422129719 0.9486569694891037 0.9809754665538177 0.9868865669855288 0.9909247115083252 0.9979136540691115 1.002948217102093 1.0208945564460512 1.031811136579238 1.0967486708513365
5 50 -0.08008467929625798 -0.01776610251282652 0.013526659153729189 0.06121262478842504 0.9329554422129719 0.9486569694891037 0.9809754665538177 0.9868865669855288 0.9909247115083252 0.9979136540691115 1.002948217102093 1.0208945564460512 1.031811136579238 1.0967486708513365
6 60 -0.08008467929625798 -0.01776610251282652 0.013526659153729189 0.06121262478842504 0.9329554422129719 0.9486569694891037 0.9809754665538177 0.9868865669855288 0.9909247115083252 0.9979136540691115 1.002948217102093 1.0208945564460512 1.031811136579238 1.0967486708513365
7 70 -0.08008467929625798 -0.01776610251282652 0.013526659153729189 0.06121262478842504 0.9329554422129719 0.9486569694891037 0.9809754665538177 0.9868865669855288 0.9909247115083252 0.9979136540691115 1.002948217102093 1.0208945564460512 1.031811136579238 1.0967486708513365
8 80 -0.08008467929625798 -0.01776610251282652 0.013526659153729189 0.06121262478842504 0.9329554422129719 0.9486569694891037 0.9809754665538177 0.9868865669855288 0.9909247115083252 0.9979136540691115 1.002948217102093 1.0208945564460512 1.031811136579238 1.0967486708513365
9 90 -0.08008467929625798 -0.01776610251282652 0.013526659153729189 0.06121262478842504 0.9329554422129719 0.9486569694891037 0.9809754665538177 0.9868865669855288 0.9909247115083252 0.9979136540691115 1.002948217102093 1.0208945564460512 1.031811136579238 1.0967486708513365
10 100 -0.08008467929625798 -0.01776610251282652 0.013526659153729189 0.06121262478842504 0.9329554422129719 0.9486569694891037 0.9809754665538177 0.9868865669855288 0.9909247115083252 0.9979136540691115 1.002948217102093 1.0208945564460512 1.031811136579238 1.0967486708513365
11 110 -0.2530220133266331 -0.09434131618188836 -0.005176838399106119 0.10816364282638477 0.6780733153333072 0.8710997506232091 0.9394154889997531 0.9523516492705898 0.9867961110262174 1.0305895527875688 1.0493760624059743 1.0832797349119119 1.0977368294526202 1.2150448701371055
12 120 -0.2530220133266331 -0.09434131618188836 -0.005176838399106119 0.10816364282638477 0.6780733153333072 0.8710997506232091 0.9394154889997531 0.9523516492705898 0.9867961110262174 1.0305895527875688 1.0493760624059743 1.0832797349119119 1.0977368294526202 1.2150448701371055
13 130 -0.2530220133266331 -0.09434131618188836 -0.005176838399106119 0.10816364282638477 0.6780733153333072 0.8710997506232091 0.9394154889997531 0.9523516492705898 0.9867961110262174 1.0305895527875688 1.0493760624059743 1.0832797349119119 1.0977368294526202 1.2150448701371055
14 140 -0.2530220133266331 -0.09434131618188836 -0.005176838399106119 0.10816364282638477 0.6780733153333072 0.8710997506232091 0.9394154889997531 0.9523516492705898 0.9867961110262174 1.0305895527875688 1.0493760624059743 1.0832797349119119 1.0977368294526202 1.2150448701371055
15 150 -0.2530220133266331 -0.09434131618188836 -0.005176838399106119 0.10816364282638477 0.6780733153333072 0.8710997506232091 0.9394154889997531 0.9523516492705898 0.9867961110262174 1.0305895527875688 1.0493760624059743 1.0832797349119119 1.0977368294526202 1.2150448701371055
16 160 -0.2530220133266331 -0.09434131618188836 -0.005176838399106119 0.10816364282638477 0.6780733153333072 0.8710997506232091 0.9394154889997531 0.9523516492705898 0.9867961110262174 1.0305895527875688 1.0493760624059743 1.0832797349119119 1.0977368294526202 1.2150448701371055
17 170 -0.2530220133266331 -0.09434131618188836 -0.005176838399106119 0.10816364282638477 0.6780733153333072 0.8710997506232091 0.9394154889997531 0.9523516492705898 0.9867961110262174 1.0305895527875688 1.0493760624059743 1.0832797349119119 1.0977368294526202 1.2150448701371055
18 180 -0.2530220133266331 -0.09434131618188836 -0.005176838399106119 0.10816364282638477 0.6780733153333072 0.8710997506232091 0.9394154889997531 0.9523516492705898 0.9867961110262174 1.0305895527875688 1.0493760624059743 1.0832797349119119 1.0977368294526202 1.2150448701371055
19 190 -0.2530220133266331 -0.09434131618188836 -0.005176838399106119 0.10816364282638477 0.6780733153333072 0.8710997506232091 0.9394154889997531 0.9523516492705898 0.9867961110262174 1.0305895527875688 1.0493760624059743 1.0832797349119119 1.0977368294526202 1.2150448701371055
20 200 -0.2530220133266331 -0.09434131618188836 -0.005176838399106119 0.10816364282638477 0.6780733153333072 0.8710997506232091 0.9394154889997531 0.9523516492705898 0.9867961110262174 1.0305895527875688 1.0493760624059743 1.0832797349119119 1.0977368294526202 1.2150448701371055
21 210 -0.24086381059184647 -0.09626921283902792 0.021903434694958444 0.16004632106126715 0.7042973176897974 0.8124187031818804 0.8978210907816682 0.9300855559911837 0.9658323922465523 1.0320900860672586 1.068235142601435 1.1196512958386484 1.1390007868412468 1.2176571743481615
22 220 -0.24086381059184647 -0.09626921283902792 0.021903434694958444 0.16004632106126715 0.7042973176897974 0.8124187031818804 0.8978210907816682 0.9300855559911837 0.9658323922465523 1.0320900860672586 1.068235142601435 1.1196512958386484 1.1390007868412468 1.2176571743481615
23 230 -0.24086381059184647 -0.09626921283902792 0.021903434694958444 0.16004632106126715 0.7042973176897974 0.8124187031818804 0.8978210907816682 0.9300855559911837 0.9658323922465523 1.0320900860672586 1.068235142601435 1.1196512958386484 1.1390007868412468 1.2176571743481615
24 240 -0.24086381059184647 -0.09626921283902792 0.021903434694958444 0.16004632106126715 0.7042973176897974 0.8124187031818804 0.8978210907816682 0.9300855559911837 0.9658323922465523 1.0320900860672586 1.068235142601435 1.1196512958386484 1.1390007868412468 1.2176571743481615
25 250 -0.24086381059184647 -0.09626921283902792 0.021903434694958444 0.16004632106126715 0.7042973176897974 0.8124187031818804 0.8978210907816682 0.9300855559911837 0.9658323922465523 1.0320900860672586 1.068235142601435 1.1196512958386484 1.1390007868412468 1.2176571743481615
26 260 -0.24086381059184647 -0.09626921283902792 0.021903434694958444 0.16004632106126715 0.7042973176897974 0.8124187031818804 0.8978210907816682 0.9300855559911837 0.9658323922465523 1.0320900860672586 1.068235142601435 1.1196512958386484 1.1390007868412468 1.2176571743481615
27 270 -0.24086381059184647 -0.09626921283902792 0.021903434694958444 0.16004632106126715 0.7042973176897974 0.8124187031818804 0.8978210907816682 0.9300855559911837 0.9658323922465523 1.0320900860672586 1.068235142601435 1.1196512958386484 1.1390007868412468 1.2176571743481615
28 280 -0.24086381059184647 -0.09626921283902792 0.021903434694958444 0.16004632106126715 0.7042973176897974 0.8124187031818804 0.8978210907816682 0.9300855559911837 0.9658323922465523 1.0320900860672586 1.068235142601435 1.1196512958386484 1.1390007868412468 1.2176571743481615
29 290 -0.24086381059184647 -0.09626921283902792 0.021903434694958444 0.16004632106126715 0.7042973176897974 0.8124187031818804 0.8978210907816682 0.9300855559911837 0.9658323922465523 1.0320900860672586 1.068235142601435 1.1196512958386484 1.1390007868412468 1.2176571743481615
30 300 -0.24086381059184647 -0.09626921283902792 0.021903434694958444 0.16004632106126715 0.7042973176897974 0.8124187031818804 0.8978210907816682 0.9300855559911837 0.9658323922465523 1.0320900860672586 1.068235142601435 1.1196512958386484 1.1390007868412468 1.2176571743481615
31 310 -0.2595445266105549 -0.10910269213712967 0.0018183043913919097 0.17337130370307097 0.6661834596846414 0.8268925134762956 0.8887725026249629 0.9291065776794637 0.948673157160651 1.0086946653854294 1.1055851147200126 1.1234771717847365 1.1500438617635145 1.2225902022362027
32 320 -0.2595445266105549 -0.10910269213712967 0.0018183043913919097 0.17337130370307097 0.6661834596846414 0.8268925134762956 0.8887725026249629 0.9291065776794637 0.948673157160651 1.0086946653854294 1.1055851147200126 1.1234771717847365 1.1500438617635145 1.2225902022362027
33 330 -0.2595445266105549 -0.10910269213712967 0.0018183043913919097 0.17337130370307097 0.6661834596846414 0.8268925134762956 0.8887725026249629 0.9291065776794637 0.948673157160651 1.0086946653854294 1.1055851147200126 1.1234771717847365 1.1500438617635145 1.2225902022362027
34 340 -0.2595445266105549 -0.10910269213712967 0.0018183043913919097 0.17337130370307097 0.6661834596846414 0.8268925134762956 0.8887725026249629 0.9291065776794637 0.948673157160651 1.0086946653854294 1.1055851147200126 1.1234771717847365 1.1500438617635145 1.2225902022362027
35 350 -0.2595445266105549 -0.10910269213712967 0.0018183043913919097 0.17337130370307097 0.6661834596846414 0.8268925134762956 0.8887725026249629 0.9291065776794637 0.948673157160651 1.0086946653854294 1.1055851147200126 1.1234771717847365 1.1500438617635145 1.2225902022362027
36 360 -0.2595445266105549 -0.10910269213712967 0.0018183043913919097 0.17337130370307097 0.6661834596846414 0.8268925134762956 0.8887725026249629 0.9291065776794637 0.948673157160651 1.0086946653854294 1.1055851147200126 1.1234771717847365 1.1500438617635145 1.2225902022362027
37 370 -0.2595445266105549 -0.10910269213712967 0.0018183043913919097 0.17337130370307097 0.6661834596846414 0.8268925134762956 0.8887725026249629 0.9291065776794637 0.948673157160651 1.0086946653854294 1.1055851147200126 1.1234771717847365 1.1500438617635145 1.2225902022362027
38 380 -0.2595445266105549 -0.10910269213712967 0.0018183043913919097 0.17337130370307097 0.6661834596846414 0.8268925134762956 0.8887725026249629 0.9291065776794637 0.948673157160651 1.0086946653854294 1.1055851147200126 1.1234771717847365 1.1500438617635145 1.2225902022362027
39 390 -0.2595445266105549 -0.10910269213712967 0.0018183043913919097 0.17337130370307097 0.6661834596846414 0.8268925134762956 0.8887725026249629 0.9291065776794637 0.948673157160651 1.0086946653854294 1.1055851147200126 1.1234771717847365 1.1500438617635145 1.2225902022362027
40 400 -0.2595445266105549 -0.10910269213712967 0.0018183043913919097 0.17337130370307097 0.6661834596846414 0.8268925134762956 0.8887725026249629 0.9291065776794637 0.948673157160651 1.0086946653854294 1.1055851147200126 1.1234771717847365 1.1500438617635145 1.2225902022362027
41 410 -0.2518736235487731 -0.13000110778883608 -0.005699913781937808 0.17117299688007914 0.6113761207145691 0.7927809819648431 0.917441881330396 0.9344146353167048 0.9770572145648109 1.034719708097691 1.0600492599897726 1.148941178397496 1.171042240366813 1.2010376216993461
42 420 -0.2518736235487731 -0.13000110778883608 -0.005699913781937808 0.17117299688007914 0.6113761207145691 0.7927809819648431 0.917441881330396 0.9344146353167048 0.9770572145648109 1.034719708097691 1.0600492599897726 1.148941178397496 1.171042240366813 1.2010376216993461
43 430 -0.2518736235487731 -0.13000110778883608 -0.005699913781937808 0.17117299688007914 0.6113761207145691 0.7927809819648431 0.917441881330396 0.9344146353167048 0.9770572145648109 1.034719708097691 1.0600492599897726 1.148941178397496 1.171042240366813 1.2010376216993461
44 440 -0.2518736235487731 -0.13000110778883608 -0.005699913781937808 0.17117299688007914 0.6113761207145691 0.7927809819648431 0.917441881330396 0.9344146353167048 0.9770572145648109 1.034719708097691 1.0600492599897726 1.148941178397496 1.171042240366813 1.2010376216993461
45 450 -0.2518736235487731 -0.13000110778883608 -0.005699913781937808 0.17117299688007914 0.6113761207145691 0.7927809819648431 0.917441881330396 0.9344146353167048 0.9770572145648109 1.034719708097691 1.0600492599897726 1.148941178397496 1.171042240366813 1.2010376216993461
46 460 -0.2518736235487731 -0.13000110778883608 -0.005699913781937808 0.17117299688007914 0.6113761207145691 0.7927809819648431 0.917441881330396 0.9344146353167048 0.9770572145648109 1.034719708097691 1.0600492599897726 1.148941178397496 1.171042240366813 1.2010376216993461
47 470 -0.2518736235487731 -0.13000110778883608 -0.005699913781937808 0.17117299688007914 0.6113761207145691 0.7927809819648431 0.917441881330396 0.9344146353167048 0.9770572145648109 1.034719708097691 1.0600492599897726 1.148941178397496 1.171042240366813 1.2010376216993461
48 480 -0.2518736235487731 -0.13000110778883608 -0.005699913781937808 0.17117299688007914 0.6113761207145691 0.7927809819648431 0.917441881330396 0.9344146353167048 0.9770572145648109 1.034719708097691 1.0600492599897726 1.148941178397496 1.171042240366813 1.2010376216993461
49 490 -0.2518736235487731 -0.13000110778883608 -0.005699913781937808 0.17117299688007914 0.6113761207145691 0.7927809819648431 0.917441881330396 0.9344146353167048 0.9770572145648109 1.034719708097691 1.0600492599897726 1.148941178397496 1.171042240366813 1.2010376216993461
50 500 -0.2518736235487731 -0.13000110778883608 -0.005699913781937808 0.17117299688007914 0.6113761207145691 0.7927809819648431 0.917441881330396 0.9344146353167048 0.9770572145648109 1.034719708097691 1.0600492599897726 1.148941178397496 1.171042240366813 1.2010376216993461
51 510 -0.24658211898353966 -0.10658988660963309 -0.005788785666824463 0.1543870936289906 0.6094605510690797 0.855501965241982 0.8827932800688408 0.894601655828183 0.9410857856139945 1.004225247790519 1.0634928203453335 1.1300523509622353 1.2085658765522713 1.2466998633271384
52 520 -0.24658211898353966 -0.10658988660963309 -0.005788785666824463 0.1543870936289906 0.6094605510690797 0.855501965241982 0.8827932800688408 0.894601655828183 0.9410857856139945 1.004225247790519 1.0634928203453335 1.1300523509622353 1.2085658765522713 1.2466998633271384
53 530 -0.24658211898353966 -0.10658988660963309 -0.005788785666824463 0.1543870936289906 0.6094605510690797 0.855501965241982 0.8827932800688408 0.894601655828183 0.9410857856139945 1.004225247790519 1.0634928203453335 1.1300523509622353 1.2085658765522713 1.2466998633271384
54 540 -0.24658211898353966 -0.10658988660963309 -0.005788785666824463 0.1543870936289906 0.6094605510690797 0.855501965241982 0.8827932800688408 0.894601655828183 0.9410857856139945 1.004225247790519 1.0634928203453335 1.1300523509622353 1.2085658765522713 1.2466998633271384
55 550 -0.24658211898353966 -0.10658988660963309 -0.005788785666824463 0.1543870936289906 0.6094605510690797 0.855501965241982 0.8827932800688408 0.894601655828183 0.9410857856139945 1.004225247790519 1.0634928203453335 1.1300523509622353 1.2085658765522713 1.2466998633271384
56 560 -0.24658211898353966 -0.10658988660963309 -0.005788785666824463 0.1543870936289906 0.6094605510690797 0.855501965241982 0.8827932800688408 0.894601655828183 0.9410857856139945 1.004225247790519 1.0634928203453335 1.1300523509622353 1.2085658765522713 1.2466998633271384
57 570 -0.24658211898353966 -0.10658988660963309 -0.005788785666824463 0.1543870936289906 0.6094605510690797 0.855501965241982 0.8827932800688408 0.894601655828183 0.9410857856139945 1.004225247790519 1.0634928203453335 1.1300523509622353 1.2085658765522713 1.2466998633271384
58 580 -0.24658211898353966 -0.10658988660963309 -0.005788785666824463 0.1543870936289906 0.6094605510690797 0.855501965241982 0.8827932800688408 0.894601655828183 0.9410857856139945 1.004225247790519 1.0634928203453335 1.1300523509622353 1.2085658765522713 1.2466998633271384
59 590 -0.24658211898353966 -0.10658988660963309 -0.005788785666824463 0.1543870936289906 0.6094605510690797 0.855501965241982 0.8827932800688408 0.894601655828183 0.9410857856139945 1.004225247790519 1.0634928203453335 1.1300523509622353 1.2085658765522713 1.2466998633271384
60 600 -0.24658211898353966 -0.10658988660963309 -0.005788785666824463 0.1543870936289906 0.6094605510690797 0.855501965241982 0.8827932800688408 0.894601655828183 0.9410857856139945 1.004225247790519 1.0634928203453335 1.1300523509622353 1.2085658765522713 1.2466998633271384
61 610 -0.29094037447733045 -0.12561825343728303 0.0350078021101284 0.19944752289571216 0.6834182392514814 0.8247986398215787 0.8282252868046098 0.8814180260916075 0.9369193874135359 1.0010677384299813 1.0612757534299584 1.159950661003875 1.2154876852917353 1.24925386622211
62 620 -0.29094037447733045 -0.12561825343728303 0.0350078021101284 0.19944752289571216 0.6834182392514814 0.8247986398215787 0.8282252868046098 0.8814180260916075 0.9369193874135359 1.0010677384299813 1.0612757534299584 1.159950661003875 1.2154876852917353 1.24925386622211
63 630 -0.29094037447733045 -0.12561825343728303 0.0350078021101284 0.19944752289571216 0.6834182392514814 0.8247986398215787 0.8282252868046098 0.8814180260916075 0.9369193874135359 1.0010677384299813 1.0612757534299584 1.159950661003875 1.2154876852917353 1.24925386622211
64 640 -0.29094037447733045 -0.12561825343728303 0.0350078021101284 0.19944752289571216 0.6834182392514814 0.8247986398215787 0.8282252868046098 0.8814180260916075 0.9369193874135359 1.0010677384299813 1.0612757534299584 1.159950661003875 1.2154876852917353 1.24925386622211
65 650 -0.29094037447733045 -0.12561825343728303 0.0350078021101284 0.19944752289571216 0.6834182392514814 0.8247986398215787 0.8282252868046098 0.8814180260916075 0.9369193874135359 1.0010677384299813 1.0612757534299584 1.159950661003875 1.2154876852917353 1.24925386622211
66 660 -0.29094037447733045 -0.12561825343728303 0.0350078021101284 0.19944752289571216 0.6834182392514814 0.8247986398215787 0.8282252868046098 0.8814180260916075 0.9369193874135359 1.0010677384299813 1.0612757534299584 1.159950661003875 1.2154876852917353 1.24925386622211
67 670 -0.29094037447733045 -0.12561825343728303 0.0350078021101284 0.19944752289571216 0.6834182392514814 0.8247986398215787 0.8282252868046098 0.8814180260916075 0.9369193874135359 1.0010677384299813 1.0612757534299584 1.159950661003875 1.2154876852917353 1.24925386622211
68 680 -0.29094037447733045 -0.12561825343728303 0.0350078021101284 0.19944752289571216 0.6834182392514814 0.8247986398215787 0.8282252868046098 0.8814180260916075 0.9369193874135359 1.0010677384299813 1.0612757534299584 1.159950661003875 1.2154876852917353 1.24925386622211
69 690 -0.29094037447733045 -0.12561825343728303 0.0350078021101284 0.19944752289571216 0.6834182392514814 0.8247986398215787 0.8282252868046098 0.8814180260916075 0.9369193874135359 1.0010677384299813 1.0612757534299584 1.159950661003875 1.2154876852917353 1.24925386622211
70 700 -0.29094037447733045 -0.12561825343728303 0.0350078021101284 0.19944752289571216 0.6834182392514814 0.8247986398215787 0.8282252868046098 0.8814180260916075 0.9369193874135359 1.0010677384299813 1.0612757534299584 1.159950661003875 1.2154876852917353 1.24925386622211
71 710 -0.26096304092848943 -0.07346467942401463 0.0924998301000551 0.21456331782564686 0.7305420380919031 0.7650147158984464 0.8270620264795012 0.8601095005443634 0.9751054400602279 1.0066055346439722 1.0857651376222055 1.0986965559946704 1.2081546833730126 1.283548888695287
72 720 -0.26096304092848943 -0.07346467942401463 0.0924998301000551 0.21456331782564686 0.7305420380919031 0.7650147158984464 0.8270620264795012 0.8601095005443634 0.9751054400602279 1.0066055346439722 1.0857651376222055 1.0986965559946704 1.2081546833730126 1.283548888695287
73 730 -0.26096304092848943 -0.07346467942401463 0.0924998301000551 0.21456331782564686 0.7305420380919031 0.7650147158984464 0.8270620264795012 0.8601095005443634 0.9751054400602279 1.0066055346439722 1.0857651376222055 1.0986965559946704 1.2081546833730126 1.283548888695287
74 740 -0.26096304092848943 -0.07346467942401463 0.0924998301000551 0.21456331782564686 0.7305420380919031 0.7650147158984464 0.8270620264795012 0.8601095005443634 0.9751054400602279 1.0066055346439722 1.0857651376222055 1.0986965559946704 1.2081546833730126 1.283548888695287
75 750 -0.26096304092848943 -0.07346467942401463 0.0924998301000551 0.21456331782564686 0.7305420380919031 0.7650147158984464 0.8270620264795012 0.8601095005443634 0.9751054400602279 1.0066055346439722 1.0857651376222055 1.0986965559946704 1.2081546833730126 1.283548888695287
76 760 -0.26096304092848943 -0.07346467942401463 0.0924998301000551 0.21456331782564686 0.7305420380919031 0.7650147158984464 0.8270620264795012 0.8601095005443634 0.9751054400602279 1.0066055346439722 1.0857651376222055 1.0986965559946704 1.2081546833730126 1.283548888695287
77 770 -0.26096304092848943 -0.07346467942401463 0.0924998301000551 0.21456331782564686 0.7305420380919031 0.7650147158984464 0.8270620264795012 0.8601095005443634 0.9751054400602279 1.0066055346439722 1.0857651376222055 1.0986965559946704 1.2081546833730126 1.283548888695287
78 780 -0.26096304092848943 -0.07346467942401463 0.0924998301000551 0.21456331782564686 0.7305420380919031 0.7650147158984464 0.8270620264795012 0.8601095005443634 0.9751054400602279 1.0066055346439722 1.0857651376222055 1.0986965559946704 1.2081546833730126 1.283548888695287
79 790 -0.26096304092848943 -0.07346467942401463 0.0924998301000551 0.21456331782564686 0.7305420380919031 0.7650147158984464 0.8270620264795012 0.8601095005443634 0.9751054400602279 1.0066055346439722 1.0857651376222055 1.0986965559946704 1.2081546833730126 1.283548888695287
80 800 -0.26096304092848943 -0.07346467942401463 0.0924998301000551 0.21456331782564686 0.7305420380919031 0.7650147158984464 0.8270620264795012 0.8601095005443634 0.9751054400602279 1.0066055346439722 1.0857651376222055 1.0986965559946704 1.2081546833730126 1.283548888695287
81 810 -0.24390756716138057 0.04354223618950784 0.2197105175727003 0.3396651632778056 0.6624932516381773 0.697140716661852 0.741786941136087 0.850668610789706 0.913487224767915 0.9364961534337012 0.9630468426970105 1.130071636262995 1.2671737498429578 1.5097940818094957
82 820 -0.24390756716138057 0.04354223618950784 0.2197105175727003 0.3396651632778056 0.6624932516381773 0.697140716661852 0.741786941136087 0.850668610789706 0.913487224767915 0.9364961534337012 0.9630468426970105 1.130071636262995 1.2671737498429578 1.5097940818094957
83 830 -0.24390756716138057 0.04354223618950784 0.2197105175727003 0.3396651632778056 0.6624932516381773 0.697140716661852 0.741786941136087 0.850668610789706 0.913487224767915 0.9364961534337012 0.9630468426970105 1.130071636262995 1.2671737498429578 1.5097940818094957
84 840 -0.24390756716138057 0.04354223618950784 0.2197105175727003 0.3396651632778056 0.6624932516381773 0.697140716661852 0.741786941136087 0.850668610789706 0.913487224767915 0.9364961534337012 0.9630468426970105 1.130071636262995 1.2671737498429578 1.5097940818094957
85 850 -0.24390756716138057 0.04354223618950784 0.2197105175727003 0.3396651632778056 0.6624932516381773 0.697140716661852 0.741786941136087 0.850668610789706 0.913487224767915 0.9364961534337012 0.9630468426970105 1.130071636262995 1.2671737498429578 1.5097940818094957
86 860 -0.24390756716138057 0.04354223618950784 0.2197105175727003 0.3396651632778056 0.6624932516381773 0.697140716661852 0.741786941136087 0.850668610789706 0.913487224767915 0.9364961534337012 0.9630468426970105 1.130071636262995 1.2671737498429578 1.5097940818094957
87 870 -0.24390756716138057 0.04354223618950784 0.2197105175727003 0.3396651632778056 0.6624932516381773 0.697140716661852 0.741786941136087 0.850668610789706 0.913487224767915 0.9364961534337012 0.9630468426970105 1.130071636262995 1.2671737498429578 1.5097940818094957
88 880 -0.24390756716138057 0.04354223618950784 0.2197105175727003 0.3396651632778056 0.6624932516381773 0.697140716661852 0.741786941136087 0.850668610789706 0.913487224767915 0.9364961534337012 0.9630468426970105 1.130071636262995 1.2671737498429578 1.5097940818094957
89 890 -0.24390756716138057 0.04354223618950784 0.2197105175727003 0.3396651632778056 0.6624932516381773 0.697140716661852 0.741786941136087 0.850668610789706 0.913487224767915 0.9364961534337012 0.9630468426970105 1.130071636262995 1.2671737498429578 1.5097940818094957
90 900 -0.24390756716138057 0.04354223618950784 0.2197105175727003 0.3396651632778056 0.6624932516381773 0.697140716661852 0.741786941136087 0.850668610789706 0.913487224767915 0.9364961534337012 0.9630468426970105 1.130071636262995 1.2671737498429578 1.5097940818094957
91 910 -0.12532277723066912 0.14406323246577676 0.3360938882367277 0.44384388360068694 0.5939244340309472 0.633408360939083 0.6820761505285098 0.7860738951576453 0.840516540340767 0.8800232486916166 0.9500273094227649 1.031107385717018 1.2523991740915474 1.7741929369622655
92 920 -0.12532277723066912 0.14406323246577676 0.3360938882367277 0.44384388360068694 0.5939244340309472 0.633408360939083 0.6820761505285098 0.7860738951576453 0.840516540340767 0.8800232486916166 0.9500273094227649 1.031107385717018 1.2523991740915474 1.7741929369622655
93 930 -0.12532277723066912 0.14406323246577676 0.3360938882367277 0.44384388360068694 0.5939244340309472 0.633408360939083 0.6820761505285098 0.7860738951576453 0.840516540340767 0.8800232486916166 0.9500273094227649 1.031107385717018 1.2523991740915474 1.7741929369622655
94 940 -0.12532277723066912 0.14406323246577676 0.3360938882367277 0.44384388360068694 0.5939244340309472 0.633408360939083 0.6820761505285098 0.7860738951576453 0.840516540340767 0.8800232486916166 0.9500273094227649 1.031107385717018 1.2523991740915474 1.7741929369622655
95 950 -0.12532277723066912 0.14406323246577676 0.3360938882367277 0.44384388360068694 0.5939244340309472 0.633408360939083 0.6820761505285098 0.7860738951576453 0.840516540340767 0.8800232486916166 0.9500273094227649 1.031107385717018 1.2523991740915474 1.7741929369622655
96 960 -0.12532277723066912 0.14406323246577676 0.3360938882367277 0.44384388360068694 0.5939244340309472 0.633408360939083 0.6820761505285098 0.7860738951576453 0.840516540340767 0.8800232486916166 0.9500273094227649 1.031107385717018 1.2523991740915474 1.7741929369622655
97 970 -0.12532277723066912 0.14406323246577676 0.3360938882367277 0.44384388360068694 0.5939244340309472 0.633408360939083 0.6820761505285098 0.7860738951576453 0.840516540340767 0.8800232486916166 0.9500273094227649 1.031107385717018 1.2523991740915474 1.7741929369622655
98 980 -0.12532277723066912 0.14406323246577676 0.3360938882367277 0.44384388360068694 0.5939244340309472 0.633408360939083 0.6820761505285098 0.7860738951576453 0.840516540340767 0.8800232486916166 0.9500273094227649 1.031107385717018 1.2523991740915474 1.7741929369622655
99 990 -0.12532277723066912 0.14406323246577676 0.3360938882367277 0.44384388360068694 0.5939244340309472 0.633408360939083 0.6820761505285098 0.7860738951576453 0.840516540340767 0.8800232486916166 0.9500273094227649 1.031107385717018 1.2523991740915474 1.7741929369622655
100 1000 -0.12532277723066912 0.14406323246577676 0.3360938882367277 0.44384388360068694 0.5939244340309472 0.633408360939083 0.6820761505285098 0.7860738951576453 0.840516540340767 0.8800232486916166 0.9500273094227649 1.031107385717018 1.2523991740915474 1.7741929369622655
101 1010 0.006826827147161579 0.29765763368477627 0.42916928486951894 0.5299494588699655 0.5260501302760165 0.5614432037040911 0.6413028702477944 0.7068977804315754 0.7749703925311437 0.8207323238942367 0.8776270601538472 0.9415335958384136 1.1568730982228854 2.0561683187669
102 1020 0.006826827147161579 0.29765763368477627 0.42916928486951894 0.5299494588699655 0.5260501302760165 0.5614432037040911 0.6413028702477944 0.7068977804315754 0.7749703925311437 0.8207323238942367 0.8776270601538472 0.9415335958384136 1.1568730982228854 2.0561683187669
103 1030 0.006826827147161579 0.29765763368477627 0.42916928486951894 0.5299494588699655 0.5260501302760165 0.5614432037040911 0.6413028702477944 0.7068977804315754 0.7749703925311437 0.8207323238942367 0.8776270601538472 0.9415335958384136 1.1568730982228854 2.0561683187669
104 1040 0.006826827147161579 0.29765763368477627 0.42916928486951894 0.5299494588699655 0.5260501302760165 0.5614432037040911 0.6413028702477944 0.7068977804315754 0.7749703925311437 0.8207323238942367 0.8776270601538472 0.9415335958384136 1.1568730982228854 2.0561683187669
105 1050 0.006826827147161579 0.29765763368477627 0.42916928486951894 0.5299494588699655 0.5260501302760165 0.5614432037040911 0.6413028702477944 0.7068977804315754 0.7749703925311437 0.8207323238942367 0.8776270601538472 0.9415335958384136 1.1568730982228854 2.0561683187669
106 1060 0.006826827147161579 0.29765763368477627 0.42916928486951894 0.5299494588699655 0.5260501302760165 0.5614432037040911 0.6413028702477944 0.7068977804315754 0.7749703925311437 0.8207323238942367 0.8776270601538472 0.9415335958384136 1.1568730982228854 2.0561683187669
107 1070 0.006826827147161579 0.29765763368477627 0.42916928486951894 0.5299494588699655 0.5260501302760165 0.5614432037040911 0.6413028702477944 0.7068977804315754 0.7749703925311437 0.8207323238942367 0.8776270601538472 0.9415335958384136 1.1568730982228854 2.0561683187669
108 1080 0.006826827147161579 0.29765763368477627 0.42916928486951894 0.5299494588699655 0.5260501302760165 0.5614432037040911 0.6413028702477944 0.7068977804315754 0.7749703925311437 0.8207323238942367 0.8776270601538472 0.9415335958384136 1.1568730982228854 2.0561683187669
109 1090 0.006826827147161579 0.29765763368477627 0.42916928486951894 0.5299494588699655 0.5260501302760165 0.5614432037040911 0.6413028702477944 0.7068977804315754 0.7749703925311437 0.8207323238942367 0.8776270601538472 0.9415335958384136 1.1568730982228854 2.0561683187669
110 1100 0.006826827147161579 0.29765763368477627 0.42916928486951894 0.5299494588699655 0.5260501302760165 0.5614432037040911 0.6413028702477944 0.7068977804315754 0.7749703925311437 0.8207323238942367 0.8776270601538472 0.9415335958384136 1.1568730982228854 2.0561683187669
111 1110 0.12208108655167133 0.3596606112666054 0.4876754315948204 0.561140840448559 0.5004321355954943 0.562217800174285 0.6646211142955679 0.685450503228221 0.7314974200950632 0.7774657740331666 0.8504608761280563 0.8764622307987301 1.091370191925404 2.1679056851772884
112 1120 0.12208108655167133 0.3596606112666054 0.4876754315948204 0.561140840448559 0.5004321355954943 0.562217800174285 0.6646211142955679 0.685450503228221 0.7314974200950632 0.7774657740331666 0.8504608761280563 0.8764622307987301 1.091370191925404 2.1679056851772884
113 1130 0.12208108655167133 0.3596606112666054 0.4876754315948204 0.561140840448559 0.5004321355954943 0.562217800174285 0.6646211142955679 0.685450503228221 0.7314974200950632 0.7774657740331666 0.8504608761280563 0.8764622307987301 1.091370191925404 2.1679056851772884
114 1140 0.12208108655167133 0.3596606112666054 0.4876754315948204 0.561140840448559 0.5004321355954943 0.562217800174285 0.6646211142955679 0.685450503228221 0.7314974200950632 0.7774657740331666 0.8504608761280563 0.8764622307987301 1.091370191925404 2.1679056851772884
115 1150 0.12208108655167133 0.3596606112666054 0.4876754315948204 0.561140840448559 0.5004321355954943 0.562217800174285 0.6646211142955679 0.685450503228221 0.7314974200950632 0.7774657740331666 0.8504608761280563 0.8764622307987301 1.091370191925404 2.1679056851772884
116 1160 0.12208108655167133 0.3596606112666054 0.4876754315948204 0.561140840448559 0.5004321355954943 0.562217800174285 0.6646211142955679 0.685450503228221 0.7314974200950632 0.7774657740331666 0.8504608761280563 0.8764622307987301 1.091370191925404 2.1679056851772884
117 1170 0.12208108655167133 0.3596606112666054 0.4876754315948204 0.561140840448559 0.5004321355954943 0.562217800174285 0.6646211142955679 0.685450503228221 0.7314974200950632 0.7774657740331666 0.8504608761280563 0.8764622307987301 1.091370191925404 2.1679056851772884
118 1180 0.12208108655167133 0.3596606112666054 0.4876754315948204 0.561140840448559 0.5004321355954943 0.562217800174285 0.6646211142955679 0.685450503228221 0.7314974200950632 0.7774657740331666 0.8504608761280563 0.8764622307987301 1.091370191925404 2.1679056851772884
119 1190 0.12208108655167133 0.3596606112666054 0.4876754315948204 0.561140840448559 0.5004321355954943 0.562217800174285 0.6646211142955679 0.685450503228221 0.7314974200950632 0.7774657740331666 0.8504608761280563 0.8764622307987301 1.091370191925404 2.1679056851772884
120 1200 0.12208108655167133 0.3596606112666054 0.4876754315948204 0.561140840448559 0.5004321355954943 0.562217800174285 0.6646211142955679 0.685450503228221 0.7314974200950632 0.7774657740331666 0.8504608761280563 0.8764622307987301 1.091370191925404 2.1679056851772884
121 1210 0.3040790746036115 0.4254077397885527 0.5527469394816611 0.6589104733162876 0.49072281445699034 0.5384561576888234 0.5857350255773579 0.6256793134337636 0.6850008076403494 0.7174289357297678 0.7844394072409726 0.8260983476132088 1.0024821620219426 2.3340975620455624
122 1220 0.3040790746036115 0.4254077397885527 0.5527469394816611 0.6589104733162876 0.49072281445699034 0.5384561576888234 0.5857350255773579 0.6256793134337636 0.6850008076403494 0.7174289357297678 0.7844394072409726 0.8260983476132088 1.0024821620219426 2.3340975620455624
123 1230 0.3040790746036115 0.4254077397885527 0.5527469394816611 0.6589104733162876 0.49072281445699034 0.5384561576888234 0.5857350255773579 0.6256793134337636 0.6850008076403494 0.7174289357297678 0.7844394072409726 0.8260983476132088 1.0024821620219426 2.3340975620455624
124 1240 0.3040790746036115 0.4254077397885527 0.5527469394816611 0.6589104733162876 0.49072281445699034 0.5384561576888234 0.5857350255773579 0.6256793134337636 0.6850008076403494 0.7174289357297678 0.7844394072409726 0.8260983476132088 1.0024821620219426 2.3340975620455624
125 1250 0.3040790746036115 0.4254077397885527 0.5527469394816611 0.6589104733162876 0.49072281445699034 0.5384561576888234 0.5857350255773579 0.6256793134337636 0.6850008076403494 0.7174289357297678 0.7844394072409726 0.8260983476132088 1.0024821620219426 2.3340975620455624
126 1260 0.3040790746036115 0.4254077397885527 0.5527469394816611 0.6589104733162876 0.49072281445699034 0.5384561576888234 0.5857350255773579 0.6256793134337636 0.6850008076403494 0.7174289357297678 0.7844394072409726 0.8260983476132088 1.0024821620219426 2.3340975620455624
127 1270 0.3040790746036115 0.4254077397885527 0.5527469394816611 0.6589104733162876 0.49072281445699034 0.5384561576888234 0.5857350255773579 0.6256793134337636 0.6850008076403494 0.7174289357297678 0.7844394072409726 0.8260983476132088 1.0024821620219426 2.3340975620455624
128 1280 0.3040790746036115 0.4254077397885527 0.5527469394816611 0.6589104733162876 0.49072281445699034 0.5384561576888234 0.5857350255773579 0.6256793134337636 0.6850008076403494 0.7174289357297678 0.7844394072409726 0.8260983476132088 1.0024821620219426 2.3340975620455624
129 1290 0.3040790746036115 0.4254077397885527 0.5527469394816611 0.6589104733162876 0.49072281445699034 0.5384561576888234 0.5857350255773579 0.6256793134337636 0.6850008076403494 0.7174289357297678 0.7844394072409726 0.8260983476132088 1.0024821620219426 2.3340975620455624
130 1300 0.3040790746036115 0.4254077397885527 0.5527469394816611 0.6589104733162876 0.49072281445699034 0.5384561576888234 0.5857350255773579 0.6256793134337636 0.6850008076403494 0.7174289357297678 0.7844394072409726 0.8260983476132088 1.0024821620219426 2.3340975620455624
131 1310 0.33005207515363444 0.4655774028690178 0.5732347955546193 0.7013158826869766 0.4773054209624067 0.5212158607309468 0.5671777454911646 0.6432907077526039 0.6493670292887473 0.7120278266230889 0.7683432973172754 0.7877472933185816 0.9557873084574973 2.38996072513685
132 1320 0.33005207515363444 0.4655774028690178 0.5732347955546193 0.7013158826869766 0.4773054209624067 0.5212158607309468 0.5671777454911646 0.6432907077526039 0.6493670292887473 0.7120278266230889 0.7683432973172754 0.7877472933185816 0.9557873084574973 2.38996072513685
133 1330 0.33005207515363444 0.4655774028690178 0.5732347955546193 0.7013158826869766 0.4773054209624067 0.5212158607309468 0.5671777454911646 0.6432907077526039 0.6493670292887473 0.7120278266230889 0.7683432973172754 0.7877472933185816 0.9557873084574973 2.38996072513685
134 1340 0.33005207515363444 0.4655774028690178 0.5732347955546193 0.7013158826869766 0.4773054209624067 0.5212158607309468 0.5671777454911646 0.6432907077526039 0.6493670292887473 0.7120278266230889 0.7683432973172754 0.7877472933185816 0.9557873084574973 2.38996072513685
135 1350 0.33005207515363444 0.4655774028690178 0.5732347955546193 0.7013158826869766 0.4773054209624067 0.5212158607309468 0.5671777454911646 0.6432907077526039 0.6493670292887473 0.7120278266230889 0.7683432973172754 0.7877472933185816 0.9557873084574973 2.38996072513685
136 1360 0.33005207515363444 0.4655774028690178 0.5732347955546193 0.7013158826869766 0.4773054209624067 0.5212158607309468 0.5671777454911646 0.6432907077526039 0.6493670292887473 0.7120278266230889 0.7683432973172754 0.7877472933185816 0.9557873084574973 2.38996072513685
137 1370 0.33005207515363444 0.4655774028690178 0.5732347955546193 0.7013158826869766 0.4773054209624067 0.5212158607309468 0.5671777454911646 0.6432907077526039 0.6493670292887473 0.7120278266230889 0.7683432973172754 0.7877472933185816 0.9557873084574973 2.38996072513685
138 1380 0.33005207515363444 0.4655774028690178 0.5732347955546193 0.7013158826869766 0.4773054209624067 0.5212158607309468 0.5671777454911646 0.6432907077526039 0.6493670292887473 0.7120278266230889 0.7683432973172754 0.7877472933185816 0.9557873084574973 2.38996072513685
139 1390 0.33005207515363444 0.4655774028690178 0.5732347955546193 0.7013158826869766 0.4773054209624067 0.5212158607309468 0.5671777454911646 0.6432907077526039 0.6493670292887473 0.7120278266230889 0.7683432973172754 0.7877472933185816 0.9557873084574973 2.38996072513685
140 1400 0.33005207515363444 0.4655774028690178 0.5732347955546193 0.7013158826869766 0.4773054209624067 0.5212158607309468 0.5671777454911646 0.6432907077526039 0.6493670292887473 0.7120278266230889 0.7683432973172754 0.7877472933185816 0.9557873084574973 2.38996072513685
141 1410 0.41900461628338964 0.5499490010269439 0.6468388372955515 0.7488650676160262 0.4385995646905748 0.48329123595246 0.5401679475336999 0.5946480576870928 0.6087681216178048 0.6441074920912774 0.68164064206971 0.8016600561564853 0.8198526133509509 2.522647037064121
142 1420 0.41900461628338964 0.5499490010269439 0.6468388372955515 0.7488650676160262 0.4385995646905748 0.48329123595246 0.5401679475336999 0.5946480576870928 0.6087681216178048 0.6441074920912774 0.68164064206971 0.8016600561564853 0.8198526133509509 2.522647037064121
143 1430 0.41900461628338964 0.5499490010269439 0.6468388372955515 0.7488650676160262 0.4385995646905748 0.48329123595246 0.5401679475336999 0.5946480576870928 0.6087681216178048 0.6441074920912774 0.68164064206971 0.8016600561564853 0.8198526133509509 2.522647037064121
144 1440 0.41900461628338964 0.5499490010269439 0.6468388372955515 0.7488650676160262 0.4385995646905748 0.48329123595246 0.5401679475336999 0.5946480576870928 0.6087681216178048 0.6441074920912774 0.68164064206971 0.8016600561564853 0.8198526133509509 2.522647037064121
145 1450 0.41900461628338964 0.5499490010269439 0.6468388372955515 0.7488650676160262 0.4385995646905748 0.48329123595246 0.5401679475336999 0.5946480576870928 0.6087681216178048 0.6441074920912774 0.68164064206971 0.8016600561564853 0.8198526133509509 2.522647037064121
146 1460 0.41900461628338964 0.5499490010269439 0.6468388372955515 0.7488650676160262 0.4385995646905748 0.48329123595246 0.5401679475336999 0.5946480576870928 0.6087681216178048 0.6441074920912774 0.68164064206971 0.8016600561564853 0.8198526133509509 2.522647037064121
147 1470 0.41900461628338964 0.5499490010269439 0.6468388372955515 0.7488650676160262 0.4385995646905748 0.48329123595246 0.5401679475336999 0.5946480576870928 0.6087681216178048 0.6441074920912774 0.68164064206971 0.8016600561564853 0.8198526133509509 2.522647037064121
148 1480 0.41900461628338964 0.5499490010269439 0.6468388372955515 0.7488650676160262 0.4385995646905748 0.48329123595246 0.5401679475336999 0.5946480576870928 0.6087681216178048 0.6441074920912774 0.68164064206971 0.8016600561564853 0.8198526133509509 2.522647037064121
149 1490 0.41900461628338964 0.5499490010269439 0.6468388372955515 0.7488650676160262 0.4385995646905748 0.48329123595246 0.5401679475336999 0.5946480576870928 0.6087681216178048 0.6441074920912774 0.68164064206971 0.8016600561564853 0.8198526133509509 2.522647037064121
