% # columns="iter, evals, sigma, 0, fitness, xbest" seed=883508, Mon Mar  9 13:20:14 2020, <python>{}</python>
1 10 0.18743873680616513 0 2.799158986358791 -1.0267351732722136 -0.8570544157593256 -1.0606714739402363 -0.6547284219019072 -0.9998280081518102 -0.7567858665700014 -1.1476245130019247 -0.9511988692656378 -1.015628715744865 -0.8536079887299295
2 20 0.20350043050074584 0 2.2267188503651365 -0.5816322881914581 -0.8029605866445348 -0.9459151723189118 -1.0274687023903015 -0.8201941772781086 -0.7624784760014447 -0.8499332119652856 -0.7544022924747751 -0.6813319119848351 -0.7092933606149551
3 30 0.22079985962904336 0 2.125901083683577 -0.8911825517262657 -0.699692522697276 -0.6621785511725174 -0.9432770266970958 -0.8622877602467743 -0.7400265078223855 -0.842825691542484 -0.8044142145040624 -0.5917201887898769 -0.6446482199168304
4 40 0.2613523232782602 0 1.5288190778133675 -0.9301340433119774 -0.3137125147342286 -0.5629691516902925 -0.777072138090316 -0.7255436218753932 -0.3735221313112772 -1.026660872299622 -0.44271624579796226 0.0036073940331133314 -0.6160657938212977
5 50 0.29268780018467905 0 1.6883298855213977 -0.9525825551431066 -0.6282964704804459 -0.38228512590363145 -0.9686509644861127 -0.8355376264861631 -0.41472595146715346 -0.9656133252843858 -0.6660956649371073 -0.2834833610767644 -0.1412256150092514
6 60 0.332789436353558 0 1.183489962202877 -1.0696021455354883 -0.6287233478234789 -0.12311190572133607 -0.6968251748529097 -0.29497884920397566 -0.3079711980463623 -0.7547952348154524 -0.5664177888387046 0.009693535267040004 -0.19716240662985668
7 70 0.39414729162379153 0 0.6502505209483322 -0.9595470080229345 0.14172018909930895 0.2401216304722622 -0.15987995519056875 -0.534576990788855 0.15118084710440471 -0.8981429029016137 -0.5199247615583095 0.432443028670839 -0.07469442470158846
8 80 0.46363285085935324 0 0.08815351765206524 -0.4921417852664956 0.1685924338105736 -0.20744398659134092 -0.0875892885657118 -0.06514431741657595 0.5045932463585245 -0.05665640441841591 -0.3464802741905171 0.2392888134200199 -0.010123823481822183
9 90 0.5247147499933663 0 0.3268559942739499 -0.3506140657882194 0.12237058700474904 -0.2801230530469049 0.13720995477466658 -0.04525861192864347 1.3970776811900367 -0.7700529058396939 -0.20198320850776202 0.18003610458887748 -0.06272265836962578
10 100 0.5701108576635998 0 0.14686201337418686 0.32677194694729844 0.2826143024101669 0.4617799583398924 -0.3417840698616402 0.22260040568949724 0.7755283063450662 -0.3108037410708727 -0.24398473021122646 -0.19269855809261965 0.4304202987563745
11 110 0.597793244280977 0 0.12733723774428157 0.027752751829568767 0.2601651592727305 0.573906784768091 0.2069322350094447 0.27096742011374475 0.3909170763152446 -0.1775457800340733 -0.1662016651058718 0.10722969599890199 0.9935632858481189
12 120 0.5975432669039948 0 0.2713844436396827 -0.111666603759769 0.6715132012657399 0.33698757616742225 -0.26742977925206524 0.9950624651731809 0.8078152727160299 0.5378097438531155 -0.19131423303240286 -0.35966402769485106 0.642696553737716
13 130 0.5726385129568694 0 0.25354776228607484 0.5261426024031872 -0.01807388584381031 0.16922471361601693 -0.4998171572923027 -0.4456729266408358 0.44652984452939415 -0.9119520418428804 0.35214192583737974 0.7054820559140236 0.369918529113363
14 140 0.5585151553506119 0 0.1944041900128976 0.14586540262161798 0.3238831727010964 0.6863750706238952 0.27526756928712315 -0.9120654361720617 0.395368870976067 0.21380211946777478 0.32979142048898635 0.5401085661053748 0.2341191622211108
15 150 0.5063525773468412 0 0.19243834102209978 -0.8277797447578403 -0.17822039839523676 0.7396693391040428 -0.0600966638485414 -0.4748293396395873 0.12408230035673745 -0.05498592746939873 0.10458115923577488 0.3606884604041448 0.47930494290961645
16 160 0.4909517289471887 0 0.17813081791599691 -0.1614784960133267 -0.3930335004967823 1.1363420796718167 0.20190830843692606 0.12410186035923099 -0.0830682785657666 0.4780874541958772 0.07257795316634665 -0.149444897034543 0.24869034241636237
17 170 0.4594352692793886 0 0.12345031069159665 0.005769737926669266 0.49527255787433344 0.5859881421563176 0.8378950951487084 -0.06451318017458246 0.9589394522518938 0.20025291313514695 0.33946817859501927 0.31917490528482045 0.18155045710878942
18 180 0.4355718625689253 0 0.12157156984707963 0.7966901161415096 -0.08363631136772542 0.05233978614940016 -0.41334800504453717 -0.019465135775533576 0.41302106013733564 0.23199701089060795 0.5582220750995455 0.2784625910848032 0.13109697260199699
19 190 0.4253878740187407 0 0.0839574033305517 0.5304992676728916 -0.30526442534031345 0.22071027172836052 -0.03657971846232988 -0.290212831954174 0.027938989507195644 0.573272493215667 0.10887091262604914 0.07686974484999837 -0.14707582137952027
20 200 0.37430420304761325 0 0.06237320235707206 0.09675085209653222 0.03829042515272604 0.563983647511053 0.07555002775084912 -0.4411095669046128 0.18432126742608862 -0.19990402834342286 -0.1689224403482413 0.03151306699415643 -0.06502497468331997
21 210 0.34209683631332555 0 0.054695044268086586 0.40932087112732657 0.3305048108216174 0.3330642342768505 -0.06504218243990004 0.08231235947537485 0.7200752518515257 0.08064834988352923 0.29909740203684354 -0.0022134139842881484 0.06068320007539357
22 220 0.31930411640267786 0 0.028005040117415562 0.35400794425515314 0.040974869275557574 0.39890933187352806 0.05495471216964138 0.23329796967527278 0.2842576633165484 0.501825118479339 0.15064488729944753 0.5197039850113923 0.1553017779269832
23 230 0.29696577231751853 0 0.05903886518507288 0.5156070462345671 0.16195023237161782 0.6155834103703968 0.30733362471120107 0.6392533053723599 -0.05685452290931209 0.30529528701402076 0.021815627524630343 0.3736203499502406 0.5085195448711453
24 240 0.2724546436249499 0 0.037120269931171214 0.368247021514451 0.13085288836023087 0.28680254640108155 -0.07397399716630704 0.21896321925774379 -0.07978498374960075 0.31654382570820583 -0.23715833204102704 0.0446682228577745 0.14166499776978725
25 250 0.2530923453857555 0 0.045336681203852404 0.4154358737107293 0.43801252031786175 0.04450947638468755 0.7003799940680863 0.21066382557779428 0.6050611618856996 0.29650492029407566 0.2710444897927239 0.6094576154724416 0.10736754690886038
26 260 0.22554326850816253 0 0.01649457153715471 0.04669976184453886 0.35393136191647445 0.05880933551304661 0.33363518199970044 0.07189925824852397 0.3020530004827582 0.436785207688595 0.22132941998204736 0.3051553364475773 0.16319912063168382
27 270 0.20287316591817162 0 0.020405667759688988 0.5018333530455446 0.33540863612603583 0.08025069771887217 0.1290489652720881 -0.04483594869498739 0.1548898019076093 0.0846820079110367 0.24758871036002014 0.20790353900056058 0.27293856164252367
28 280 0.1864529627130275 0 0.008805265064425638 0.3943380783353819 0.41132518260999507 0.29234251070314665 0.38107832831304034 0.07171828900441884 0.4282004518772985 0.20519069497991854 0.3685610228284888 0.3896220367902172 0.3459677873974569
29 290 0.16293834864953669 0 0.011390174979822098 0.46749456069966144 0.3716766277487239 0.2792055064000127 0.3395564602664155 0.013266296922530132 0.32244865859805044 0.23136625032745964 0.3429566712017342 0.4406023790573489 0.14364829224879525
30 300 0.14143221050398935 0 0.006077126878286442 0.3742870964414079 0.2985550958126585 0.1699832762278502 0.25982283892578406 0.07135579777948996 0.4105642289073536 0.19288129843755386 0.16123332151905298 0.22150718165540592 0.28616891051204224
31 310 0.12759285301884718 0 0.010029687532977852 0.40894410457024133 0.19028265078409887 0.19083019003441642 0.31663196276298655 -0.0149544888799025 0.31537709638148 0.14072301731278636 0.28144645898357884 0.2448581288710696 0.2870482864475363
32 320 0.11396611975753716 0 0.008042282333395559 0.30710761906243 0.27312925113077047 0.39079822494093763 0.2987775136034422 0.08056603649057298 0.22322587960372636 0.1452492150261452 0.1925136352316432 0.3563943509591168 0.2753224787456888
33 330 0.11270705792960385 0 0.004408799179208514 0.2992787125473039 0.29529094007257095 0.21042241357423036 0.15717341343089788 0.18003422516941134 0.0481809703108223 0.10189009315793418 0.2532829171021591 0.2901452909994434 0.34783132535171446
34 340 0.11517301452346107 0 0.005625541077721563 0.21763864222759205 0.10785028709664188 0.19065130237589473 0.08156322922782183 0.04523582762223996 0.21949440222313377 0.0015402823221479789 0.28725611028051545 0.19910353285887195 0.26428039129170944
35 350 0.10760740712406557 0 0.007987526116911363 0.39583465427303566 0.25804920053724223 0.23292274513437095 0.27954730840019015 0.20391998219184304 0.14336524699048764 0.06476780583522868 0.19807162120050759 0.36603243722206313 0.2740142616353815
36 360 0.1046015063529656 0 0.001238142729246161 0.21434582159505164 0.15659185658690739 0.17184887070657218 0.2718416703899916 0.17137656524829692 0.20187124358072922 0.18806960484759122 0.07680288114681558 0.31893265127776266 0.2344520366243214
37 370 0.10579344466138585 0 -4.974173771111038e-06 0.20689523433153162 0.14787065918876427 0.21988617245419162 0.22726891181966427 0.13752276308231287 0.2722334103772187 0.26128332096149354 0.12101817970851758 0.3099113284666399 0.2717267328344175
38 380 0.09644215892359613 0 -1.5516796221842727e-06 0.2651981546499357 0.09567443651724716 0.1237203081834709 0.195270963433189 0.1807186804833496 0.21188800954526427 0.15897038932212704 0.08030452922069538 0.228849383220756 0.18349470308773116
39 390 0.09419949636689648 0 -1.264822903717584e-05 0.22697065058807164 0.22899379330350383 0.23157027525920498 0.2856887838855722 0.17243596469848915 0.23124697047928233 0.2928685482064892 0.25614539891659005 0.1624947753990238 0.24777769360778726
40 400 0.09324755379565461 0 -8.240155631275124e-06 0.20088591327770558 0.2794514075524816 0.22384305812023308 0.33609687257981136 0.22931992399410073 0.21001623675008269 0.1588357261889055 0.30730263710530387 0.27684988109237774 0.24354902747525703
41 410 0.0905435153291556 0 0.0009076188750897357 0.17942516678400158 0.24704192302126746 0.2461277268467864 0.24472906873602115 0.377661961303432 0.25857043325074147 0.10371413412821313 0.25146747033817346 0.2858963731025318 0.27919072882889373
42 420 0.08184140014162677 0 -1.4677432954909961e-05 0.1870807107328955 0.1703395099537661 0.20665065493430756 0.22351015252993187 0.14487117874176553 0.16337547384642442 0.18605481944685162 0.14688229106279094 0.18740793920424823 0.2615660774792972
43 430 0.07356934602990643 0 -1.0021608356960214e-05 0.2074016649646669 0.20765547505832388 0.28415207175221724 0.25858524703093033 0.17879469959765665 0.29559492170353463 0.2665584115908556 0.23383697146073915 0.1932438345166923 0.33817970611272824
44 440 0.06427717659778477 0 -3.715231743996955e-05 0.2191762591260906 0.21596556901609099 0.1834534452725889 0.2849444668044584 0.21344019968709377 0.20051874971822026 0.22187842634641788 0.22087044050754134 0.22479890350824355 0.23991788521899723
45 450 0.060176765848835 0 -4.337013330101233e-05 0.2407703270176337 0.20790368791953678 0.2296477670299626 0.2645049877685813 0.2681184806067365 0.20605555987387383 0.20841253909517765 0.1532230865456044 0.2001020434067122 0.23054094804072478
46 460 0.05670680093696346 0 -2.544804197159553e-05 0.21991996211958317 0.23542651301392065 0.20405459356509464 0.2203238271782955 0.2389993307366159 0.22393464141383168 0.28064221285897795 0.15290718616128773 0.18645422210676088 0.21379819071285613
47 470 0.05283002100721109 0 -2.3418900871027233e-05 0.22462996324787998 0.26695803337095425 0.17052662672965357 0.20248798868086537 0.26947643186689435 0.213345063762556 0.23469527040686486 0.15831125487852502 0.21782498019070817 0.2149961169818321
48 480 0.050215011510436385 0 -3.711097071088401e-05 0.2283202306635917 0.21423879992912193 0.23092515391312357 0.24235773930311894 0.17141484237744586 0.23967013036381454 0.260158147773451 0.18688413903160847 0.2420648501558539 0.23121156010184066
49 490 0.05233875084318062 0 -4.19578733976818e-05 0.19307548309060296 0.19096295640512634 0.22823863972961658 0.19086762093345935 0.21363488579855652 0.25146407336701176 0.2771869110189785 0.2739797811013608 0.2495759049557971 0.20261740272274176
50 500 0.053918639375803594 0 -3.737427682268182e-05 0.2301106343912794 0.19027208463539735 0.28557213268282006 0.19629361289480607 0.13745966716926733 0.2523332928077013 0.24108461445353116 0.23394033454800714 0.25400815815205036 0.19266686788121434
51 510 0.05030723218028834 0 -4.741106425014196e-05 0.25692651991756293 0.22369005571515982 0.2186651475452371 0.2246330667139556 0.18254327432096645 0.2412213578918718 0.2135578458320319 0.288264102321543 0.1942176388797468 0.22159017955654225
52 520 0.0437195789614588 0 -5.3191297479318725e-05 0.2049762713008765 0.23685970256035654 0.18895877655023408 0.23135497371879138 0.2195233285477274 0.2687494603755005 0.21324219299434113 0.2175866371075827 0.23827551419364315 0.19897091769416883
53 530 0.04119948961055895 0 -1.93639892165126e-05 0.24447267214395432 0.23290223683849434 0.26423447385947724 0.2311890160084604 0.16632515116316438 0.21721965130302792 0.23869049033427653 0.26004005359576493 0.20689155919406266 0.2206063166748302
54 540 0.038931008847384055 0 -4.381662851049043e-05 0.23236303200477146 0.18646854148655317 0.2574843813613395 0.2219144364504668 0.16835405955129545 0.2500701184614762 0.21166176435282266 0.24546313976036 0.21418745355240545 0.2206570118465403
55 550 0.036899610085291794 0 -3.35196119356758e-05 0.20447634982584317 0.17491444573538248 0.2744041757049496 0.2300535687979424 0.20952491723273717 0.24840891800513015 0.21430785801567898 0.23528965437716115 0.248303347543049 0.204701191293356
56 560 0.03431429218292383 0 -4.163482420751733e-05 0.2239700538908436 0.19840909310255114 0.20754916840805335 0.2219553447248399 0.1587007100624993 0.2652446561195804 0.21618173329420126 0.24032403056727464 0.2485656391749882 0.2237120233331088
57 570 0.03247401589032326 0 -4.365215828990248e-05 0.21582351735255773 0.22444370932322733 0.2170896093349939 0.2102566484305938 0.14962427283973112 0.26816556035630856 0.2124173928202986 0.2701378536892032 0.24881673672109916 0.20326013301417478
58 580 0.031036625333054086 0 -4.3591041969568835e-05 0.22297359480098586 0.204064362207284 0.20455631522909334 0.23950215861126242 0.16917558740807034 0.26018313042754937 0.21744642045117926 0.22838815632097326 0.2342691480065672 0.24945096832616453
59 590 0.028710272222245467 0 -4.6827038576236576e-05 0.22515741862269947 0.1799633976966235 0.23587499894042446 0.24420211911521056 0.1962272895124085 0.2554878913507426 0.20481371350116506 0.23436915449388596 0.2459924912040723 0.20310832747581958
60 600 0.027039713618937714 0 -4.862202333471197e-05 0.2479940163211645 0.2049315063288383 0.20638447305465363 0.2502745848765939 0.20557427842741283 0.24228830431877052 0.20802869860720974 0.22524702177911737 0.22337920358062224 0.22969582909969827
61 610 0.027144342787709202 0 -4.5911244741964096e-05 0.22710031444801837 0.19642837967081955 0.2147466492345551 0.26639010450809214 0.17576440046710182 0.261414070278169 0.22572204678004712 0.24238994682556342 0.1964317576300581 0.21971113603341766
62 620 0.02795101041256922 0 -5.183935943676211e-05 0.25427305405984413 0.1880582695180154 0.21085691352379274 0.25843626349953697 0.19401880629648519 0.24991071980615315 0.2105848736570985 0.23633925869238684 0.22796701146897796 0.19971665972010805
63 630 0.028443257060479114 0 -3.652129725460147e-05 0.29073571442672996 0.18201502460704483 0.2036816582376281 0.24764136435983047 0.18177187463900538 0.25023303001632413 0.2174996705098455 0.20288317319660387 0.20715910043352037 0.21493291093395875
64 640 0.028436380478622795 0 -4.021101252383811e-05 0.2462149140165245 0.20918626620677652 0.21477046236917324 0.2708014441943206 0.19428744800864256 0.24964033463707952 0.17233006889149577 0.24433668774865772 0.23722755947938917 0.18349117648505286
65 650 0.029152483072755683 0 -3.73967287326491e-05 0.2594209733409957 0.1828526352572922 0.2104319840655383 0.2564412603713338 0.19382431442937348 0.25445853393440915 0.19573135205240458 0.24275026712760636 0.23421676843060257 0.17611119424433394
66 660 0.02865750265477221 0 -3.907510848048972e-05 0.2703343071660346 0.1788547913446293 0.2337446770161463 0.2786105041836664 0.19955344482925053 0.242189550161106 0.19045804691824975 0.21634628589970986 0.22280474137455616 0.17547710372775938
67 670 0.02586752715373393 0 -4.270393805468287e-05 0.25584113833805633 0.19623223210972832 0.2010971021547871 0.24770064555785515 0.17263963206958832 0.2521550908956109 0.2297725685993534 0.2359965956364822 0.22582255678171195 0.1905260955228859
68 680 0.025594465810321376 0 -5.025547327540053e-05 0.2563149076983082 0.2150129465549904 0.21504444216219973 0.23125693239244433 0.18060353450337824 0.22843298817230662 0.2111033999100951 0.2534705901520772 0.21838054055638514 0.21465942847045683
69 690 0.024651869524692678 0 -4.925730185738115e-05 0.23659465569966798 0.23126599583176463 0.2106774919255805 0.24450095335007002 0.16558197502518593 0.25040679386050085 0.22222405756397118 0.23416126600729034 0.2325174356475915 0.18864788982925046
70 700 0.023490011772641962 0 -5.2056584480985994e-05 0.2600686563378312 0.19894420924787573 0.22029576388019473 0.23151279389503512 0.2102176285979268 0.22535163638195357 0.2382698708711579 0.2102177774234013 0.22413918182533257 0.18642253168256614
71 710 0.021261953750815424 0 -4.805789207940966e-05 0.2345528003766229 0.20594336453105097 0.21331781017270215 0.2316348998817522 0.1913252149007165 0.255993203562984 0.2288942096549317 0.24509541838015175 0.2270565669007192 0.1869044298689175
72 720 0.020008454017083465 0 -5.294933684710492e-05 0.2349753606460928 0.2021529463962756 0.21508578703311312 0.233058824357339 0.18905143766684807 0.2403400725226122 0.22934573243778536 0.24192046955719124 0.23170998520667913 0.2003308735418553
73 730 0.018814180074034754 0 -5.39256434858973e-05 0.23516836353901283 0.21099964909328564 0.20318116236933795 0.23411614117196142 0.2113388497832247 0.24017321750634332 0.23344767722943413 0.23249505591389988 0.22219937955350816 0.19876453518498632
74 740 0.018589643765722152 0 -5.6674501514790925e-05 0.23048853829143362 0.1919118618382103 0.23406305779473274 0.22382803740243373 0.20041609227860346 0.2232829520481829 0.2439246697153194 0.238199605448316 0.22107862976731626 0.2215620141111529
75 750 0.017571149574390644 0 -5.868482514386319e-05 0.2286825174029766 0.21520923234550662 0.22477375630920876 0.2432027688919016 0.20806890389797955 0.23363149350113335 0.22892355753193963 0.2355697198837184 0.2043356886665853 0.20502497205532674
76 760 0.01752485767037842 0 -5.545307777534221e-05 0.23167033958261327 0.21459896648702725 0.23387177526825426 0.25368068772261043 0.1954810430964933 0.23272211369404683 0.22230926544829327 0.22065208574659625 0.21711164412503542 0.1960637560376534
77 770 0.01645608805920004 0 -5.2217376384750764e-05 0.24577785974028213 0.21071877238567938 0.2306411977709929 0.24809142015688457 0.1929202432706273 0.2305748473909152 0.22887485772214694 0.21906122643404183 0.21569572494567363 0.20849477611616465
78 780 0.015414188392905709 0 -5.22066671808759e-05 0.2454887045700707 0.20934126334832925 0.21771222769891638 0.24809166203678748 0.21801143707739312 0.22479057771466326 0.22389598704726624 0.20794134772249495 0.21071706674945004 0.1991493763731599
79 790 0.014214687152798349 0 -5.4411756081320434e-05 0.24568969119062006 0.22062870430075365 0.22004949786724595 0.22935102480329317 0.20899362343012465 0.22862880369600316 0.24076698568820643 0.21424047763410178 0.20701924378372702 0.2148091477805007
80 800 0.012889226646526013 0 -5.7223705857098375e-05 0.23816973118858561 0.21312852844445776 0.22777092533464788 0.23651611492857907 0.20875310253737808 0.22955878744772126 0.2396046714114271 0.2108767185377283 0.2221122298665374 0.20568411498881442
81 810 0.012357567595358672 0 -5.844190772159087e-05 0.23934398411219643 0.21433496535787738 0.233672938351472 0.23482348673083606 0.19616251607742094 0.22817181782388596 0.22823775434029833 0.21642938994343275 0.21764843175853096 0.2123553161454361
82 820 0.01232919989363854 0 -5.8093361943597375e-05 0.24173142211109488 0.21269386354426653 0.2252596179989065 0.21841678820416244 0.20570859739270309 0.2278208050631729 0.22436927656418051 0.22157363791939402 0.22183327555107385 0.22156750280719312
83 830 0.012414697110899877 0 -5.756795257730133e-05 0.2417547838491068 0.21454301119058578 0.2284680369168307 0.22160768082225593 0.21105224002881257 0.2258389506518061 0.2304576570346414 0.2203928060145694 0.21866284532476463 0.21552184146706638
84 840 0.012645585995961734 0 -6.094323141600697e-05 0.23932604571795127 0.21065100393550545 0.22359765432493753 0.22548003770393898 0.22653461936073424 0.22857076847388372 0.2169574856907055 0.21619240303511025 0.2217654934441624 0.21748895105862645
85 850 0.012987995133738096 0 -6.035887014178964e-05 0.23876314457914533 0.2221875437117034 0.22459407786778615 0.21288732563623933 0.21396218400888475 0.2215372690776631 0.2142778806842721 0.23444279864011291 0.22149529974209997 0.22777540604947377
86 860 0.012281539380961576 0 -5.925131838723456e-05 0.2366334195889002 0.21810158419532533 0.23165247334683325 0.21836302376446814 0.21464803073991853 0.22588620154391498 0.2189694990803069 0.22739217049599095 0.21640250582193835 0.2260777383402897
87 870 0.012667625391777444 0 -6.196424779360038e-05 0.22503179270668697 0.22092242220940894 0.22518685450696527 0.21174005972543258 0.22713636834022258 0.22896569583140514 0.21348070691613114 0.23669035044998 0.22492930327393762 0.21738349553014671
88 880 0.012629752800966025 0 -6.199892290026867e-05 0.23306051603876218 0.21473985552674588 0.2163944346524064 0.22161476476948525 0.23340910137293533 0.23427489831979972 0.22314420080252673 0.22694188303275467 0.21275902729257334 0.2133073430352527
89 890 0.011651655858047191 0 -6.101556248474922e-05 0.2399776439309204 0.21915716690679043 0.22426731646753562 0.2275089167932452 0.22617844681092333 0.22793901843996184 0.20774854757104638 0.22556051555249151 0.21575668840442752 0.21948688317502954
90 900 0.010775364270377426 0 -6.154297152554301e-05 0.22598535761470417 0.2208767066311474 0.22000659360084815 0.20471952807426919 0.2333606330222367 0.23110561945449587 0.21855079894385254 0.2242685391458448 0.22751040063182995 0.2191405347579966
91 910 0.010707942553952013 0 -6.072725319600127e-05 0.2330093437817032 0.21674482757611507 0.21456016215976143 0.21382245904655509 0.22321752797244757 0.22718435803847836 0.2224242342755535 0.21808014595623273 0.2320013920654777 0.22227719869570406
92 920 0.010930108712461055 0 -6.030352629261987e-05 0.2299977619475442 0.21128393145022933 0.21623782228327781 0.22313158509066916 0.21809520852497952 0.23025137108701085 0.226414074837183 0.2154361117837973 0.2324911592456182 0.22196101127590864
93 930 0.010749117274936791 0 -5.9550040996152386e-05 0.23306162866254276 0.2113256092711331 0.21930046535938713 0.20455167373146418 0.2314295268849093 0.22741488735607332 0.22568844411968048 0.2260305925454852 0.2238180364245265 0.22304588498723268
94 940 0.009904522381124195 0 -6.105887381453266e-05 0.23014477841938474 0.22587696213487668 0.2164198747186769 0.2095618266273278 0.22959178717603035 0.22520753016561557 0.22126843708055535 0.21702828186669892 0.22384653344465208 0.22426496146409522
95 950 0.008809458379037061 0 -6.011684574458814e-05 0.2216845167682097 0.21799462986615128 0.21877310685629578 0.21192325337670923 0.23371167335450974 0.22963528693524418 0.22273296673038784 0.22450382587607395 0.21830302792227801 0.22675139211408202
96 960 0.008140861198808903 0 -6.0185316602137594e-05 0.23151106286893425 0.21828841048379025 0.21654041271070462 0.2112147301951859 0.23016881961690228 0.22917899074988018 0.2207888469046037 0.21400939404289146 0.22677215345120816 0.22751933175043326
97 970 0.007929347138768097 0 -6.017104033053605e-05 0.2210677212498357 0.2185695121140766 0.22354867146607643 0.21214146597149375 0.23498430843032214 0.22855455181795367 0.21856280762061614 0.22279565820515537 0.22130865786021728 0.22455746080403333
98 980 0.007793374874060098 0 -6.02278960978882e-05 0.2319755624279597 0.2179934364754406 0.2296230368383687 0.21845510304065846 0.22652560094968704 0.21964148413687687 0.21340412381220536 0.22149497680831312 0.22335191266636728 0.22529721476218253
99 990 0.007424716015877111 0 -6.075458263944996e-05 0.22431948530960466 0.22220139828525515 0.21968310218502393 0.21591059765074336 0.22203629099387132 0.22552385414277928 0.224903286845623 0.2143129531354183 0.22426755239903032 0.22643051758865212
100 1000 0.007224104651976685 0 -5.984360836077622e-05 0.2232449903394259 0.21749266269665868 0.22842839245167249 0.21852779021510768 0.21998081607793843 0.22859667349892313 0.21641140848449594 0.2259079828363245 0.21925381287045137 0.22190297339908469
101 1010 0.006766733557354123 0 -5.9717367635751985e-05 0.22779836193887212 0.21834167912763092 0.22945343027502446 0.22159402714604012 0.21990545019951066 0.224003232863408 0.2186231291866368 0.2235636714527134 0.21988917945231268 0.22523337150255626
102 1020 0.006176496986619239 0 -6.0480703192107696e-05 0.22890604001918363 0.2226525480451233 0.22373762433449187 0.21973550933610878 0.22934342272178343 0.22674481071197922 0.21842043582492957 0.2188850268083971 0.2210717771896511 0.21785889830533423
103 1030 0.005648395131181357 0 -6.089277536660543e-05 0.224561730540044 0.223165057535277 0.22621482602356627 0.22076919328999567 0.22587421284298992 0.22441242836868702 0.21473894663878623 0.2142574752334616 0.22590995287936014 0.2237770382613999
104 1040 0.00532036930788325 0 -6.111853798281686e-05 0.22772689484236924 0.22026494272022176 0.22383374180452015 0.22206240902199004 0.22228780966559947 0.223664701230858 0.21826585099218643 0.21782184607936497 0.22630395103950066 0.22279787882007038
105 1050 0.004714807770158007 0 -6.088490816645826e-05 0.22209567546316997 0.21897760388969942 0.22626936088374408 0.2199210579762252 0.2236869103623504 0.22406251473197422 0.2192348444446378 0.2177326781708046 0.22674304447561622 0.22482105557701354
106 1060 0.004587665597165074 0 -6.086355462965717e-05 0.22639134072556136 0.21623587398351835 0.22681239823262722 0.22416998721993953 0.22103956846717612 0.22699183299825207 0.21802642922971946 0.21771563455137724 0.2221021134409916 0.22577340833054707
107 1070 0.004477656834881156 0 -6.128606668583851e-05 0.22626072971851446 0.21799094217167453 0.22557985648836493 0.2227940175266055 0.22315141797807875 0.2261997981147027 0.21853309193193823 0.22371333615210548 0.22175185428460772 0.22035031188434773
108 1080 0.0047758528154960905 0 -6.119137799838296e-05 0.22157835247104035 0.2215809866121135 0.22416532915759627 0.2226006808821053 0.22435303770606002 0.22586091190166896 0.22184283703976979 0.22106111408170595 0.21835715627763572 0.2250986495232564
109 1090 0.004687546059288451 0 -6.147006750776342e-05 0.22138153962434104 0.21945260681978146 0.2261678651381144 0.22261252997395609 0.2250993400012582 0.22552375198933347 0.2164090257698747 0.22345505443253882 0.22139271439561362 0.22357962494965022
110 1100 0.004449071058678779 0 -6.138611416493091e-05 0.22060582584754845 0.2238901954226477 0.22389353439127255 0.2201873579765799 0.22758291199721392 0.22379232200403282 0.22048506777051483 0.22147627698462577 0.2201889797303605 0.22408418123729684
111 1110 0.004237585408266488 0 -6.140461206914273e-05 0.22302769437825695 0.22038989218988161 0.22673639221070063 0.22435781209154584 0.22342331965490275 0.22443360180890407 0.22020560824876895 0.22066103497058848 0.22230674717952917 0.22075042216478274
112 1120 0.0037966071880688452 0 -6.152130734277494e-05 0.22134247512903588 0.22233866518923356 0.2223700294137255 0.22085118953235947 0.22650013420194495 0.2251044275531659 0.22165076412080031 0.22177060409226731 0.22078000062127726 0.2214674623674777
113 1130 0.00352026911882372 0 -6.117991090929652e-05 0.22203744293557598 0.21987257863881635 0.22293432026151647 0.22355913642970365 0.2256449973130363 0.2251644185980456 0.2218052418538461 0.21811917719806048 0.22400306948933976 0.2229394731847778
114 1140 0.003133740807655045 0 -6.135619551052696e-05 0.22234448399625925 0.2226142933513648 0.2234958741263192 0.2207054601313433 0.22554317718471825 0.22347622637422573 0.22037729408923626 0.22179964360381454 0.22283531781465954 0.22223736365045837
115 1150 0.0031830935764666475 0 -6.175202772799266e-05 0.22371950526161888 0.22338866939399651 0.2218335281591234 0.22154385468191098 0.22391537203033038 0.22338656618772804 0.22175507689256793 0.2199499347324816 0.2236191341797367 0.22473719864527622
116 1160 0.0032262431351265334 0 -6.172332034863619e-05 0.22429384201713576 0.22161545876104802 0.22166763806796957 0.22275208719923154 0.22346346456442814 0.22436975211857313 0.2219943376523497 0.21997447946800358 0.22254006495761616 0.22258833645711326
117 1170 0.0029373698137479605 0 -6.15901194454324e-05 0.22289069173241405 0.22224610408504178 0.22107317798283513 0.22289710012670877 0.22239481944022263 0.22362968854189116 0.22246742541096873 0.22178526387129102 0.22241266653429356 0.22373693693016286
118 1180 0.002626694184302339 0 -6.168500160300221e-05 0.22391103858297606 0.22108387856829623 0.22340739556613673 0.22213551385340125 0.2230877819818399 0.22288447296708072 0.22168784827791263 0.2226873545990418 0.22259642762638154 0.22388378354682625
119 1190 0.002408701256054562 0 -6.177006353734844e-05 0.22286760202839778 0.222011090242511 0.22356540926020657 0.2213730872588705 0.22405503250876838 0.22167079789274194 0.22213923672533797 0.22211870254786406 0.22338584302091544 0.2234616640874398
120 1200 0.002232285596635148 0 -6.164080337014904e-05 0.2223342343918143 0.2215766391677011 0.22264360991656085 0.22361201335202793 0.22271332250306378 0.22229474073164002 0.2223401117336823 0.22380207794819723 0.2215909439723988 0.22237402061111997
121 1210 0.001978337503174457 0 -6.164676967091709e-05 0.22303101640931708 0.223007290758306 0.22292490938153312 0.22122813501879648 0.22335644704635746 0.22219148986092568 0.22202645662182227 0.2228455953125065 0.22211513392812476 0.224200254218028
122 1220 0.0017420166268722573 0 -6.168498996864134e-05 0.2229956990141341 0.22068153462728646 0.2225442618414353 0.2237882931109419 0.2235389083332991 0.22311773351230182 0.22242646121176923 0.2228540694958483 0.2219925661802131 0.22305172805049445
123 1230 0.0016506337949691349 0 -6.174703330802293e-05 0.22351538291732476 0.2219133333792203 0.22291741925540526 0.2224998875203576 0.2226045644857344 0.22257145658856858 0.2227607406600465 0.2226061773374228 0.22198256108560127 0.22241302918138547
124 1240 0.0015119206799016696 0 -6.165164555073278e-05 0.22337365863985392 0.2214258318644115 0.22194927182432397 0.22318678995367255 0.22342387904118985 0.2224177602158475 0.223392730576546 0.22210761912189014 0.2221096384265761 0.22332973764009886
125 1250 0.0014133492640922716 0 -6.174864860196844e-05 0.22248356954342347 0.2214491503186128 0.22241498054701608 0.2228963595948339 0.2234205203076888 0.22219109455966812 0.22293354648470518 0.22311446156957318 0.22280732150498844 0.22331802513500484
126 1260 0.0012716121393280362 0 -6.182676406203626e-05 0.2227927762446832 0.2216486693029428 0.22237990808954775 0.2235431963513552 0.22312798473552872 0.22269376712967104 0.22304742275121386 0.22246504829842098 0.22253603887208565 0.22288085868707608
127 1270 0.0011846217310631235 0 -6.179823402817406e-05 0.22269221223020005 0.22211280185845125 0.2221123011298129 0.22274693257878472 0.22226332824185768 0.22234262061257815 0.2230216104078049 0.22254950984670108 0.22322599633451373 0.22348607511133226
128 1280 0.001147651156322713 0 -6.184565874096035e-05 0.2228878131679206 0.22245462986948225 0.22212634655242833 0.22234777285658233 0.22256828622960811 0.22213101619808864 0.22329293057547683 0.22213634540405613 0.22271026172128078 0.2233448076431731
129 1290 0.0011325702143182546 0 -6.173256543452937e-05 0.22246709240360849 0.22275972693120924 0.22172825925073872 0.22247522290794947 0.22269424600984733 0.2227133665419922 0.22307193834151373 0.22245332445920002 0.22325853121995853 0.2224215880619587
130 1300 0.0010652950193944608 0 -6.16555751254532e-05 0.2224782045098217 0.2224453327188001 0.22185320547447326 0.2223320392349923 0.2226087230556708 0.22280141491823613 0.2231594446478138 0.22321982481337505 0.2225763224015839 0.2224812426280895
131 1310 0.0009437799000168738 0 -6.166172440022406e-05 0.2224551668919261 0.2224945956375001 0.22224875344485315 0.22264727897109438 0.22254179896186665 0.22247388946593344 0.22313926334853454 0.22200548699395778 0.22308762422253373 0.2228268196903913
132 1320 0.0008415421733060574 0 -6.167233714221013e-05 0.22241921462098724 0.22242888768214586 0.22217514733276408 0.22239134407025082 0.22275299933058212 0.2234651699933663 0.2225149251092837 0.2225114259167252 0.22288444930621557 0.22308658900233583
133 1330 0.0008164506772611596 0 -6.172761861825837e-05 0.22291625674365945 0.2228199444390417 0.22237918628170128 0.22316542764954786 0.2224275399856814 0.22254319482135668 0.22261432459654695 0.2225231674232255 0.22235285556492013 0.22266646705864432
134 1340 0.0007838668415957238 0 -6.168624069244687e-05 0.22248922740379024 0.22248670237746343 0.22251273100419952 0.22285064966345658 0.22243113785602278 0.2225916445416151 0.22286044837379568 0.22236869080752764 0.22257327921440853 0.22313458120811747
135 1350 0.0006944156166180999 0 -6.169585657276462e-05 0.22203843464465411 0.2224607821904869 0.22222485118623964 0.22277134959689318 0.2231656971119259 0.22253545633802851 0.22283219159082074 0.22310217750263683 0.22278399060682716 0.22246195259948498
136 1360 0.0007003614268761716 0 -6.173562328844443e-05 0.22219705007135607 0.22258787199727156 0.2229106363711352 0.2224064547084813 0.22289040566220888 0.22235907934042068 0.22264457002067808 0.2228742381922115 0.22283820758788858 0.22280272169918502
137 1370 0.0006532326374332662 0 -6.178565827529782e-05 0.22226122232244713 0.22275499798545798 0.2223471470146227 0.22272711521311328 0.22291789159299435 0.22278601341970836 0.22297489791049907 0.2225878542364769 0.22264655362398036 0.22244516672568349
138 1380 0.0006164119939500867 0 -6.177348918258892e-05 0.22217468904209298 0.22262346240160988 0.22270750235088432 0.22271056042753842 0.2228861363062462 0.22258146815808308 0.22255568131001766 0.22308607989094295 0.2225624130831115 0.22251110763692458
139 1390 0.0005599060956251522 0 -6.175543540573307e-05 0.22216621257816738 0.2224922418958037 0.22250755689547852 0.2227841241354944 0.2227863697753034 0.22263347173045864 0.22256353245445815 0.22290822456285975 0.22264193587312048 0.22284011452719624
140 1400 0.000501057199408299 0 -6.17477341712329e-05 0.22235358038124906 0.22282532038225386 0.22264029001377517 0.22237274855458347 0.2227287323935442 0.22279500436013744 0.2228371346049217 0.22244421197298395 0.22277229886314243 0.22251998361436479
141 1410 0.0004794297919904374 0 -6.1721416296319e-05 0.2225607712087012 0.22268655110935698 0.22286253889355284 0.2227971636278137 0.22261493730895188 0.22277027279338346 0.22243657387228205 0.2225293691720934 0.222648649870953 0.22253328715493495
142 1420 0.00042065038338339145 0 -6.172469383856342e-05 0.22244132414699558 0.22267550838534972 0.2226719969180462 0.22288683993217973 0.2228422577337638 0.22258338941377864 0.22254677272044843 0.22263543966170696 0.22271730503185289 0.22242254682926435
143 1430 0.0004050171113506326 0 -6.170750807222757e-05 0.22273230492082172 0.2228555596000803 0.2224802590317556 0.2226568133270574 0.22283398502565482 0.2225704261730553 0.2225378669183663 0.22247910231592954 0.2227574591336471 0.22251908538270665
144 1440 0.0003953316734433491 0 -6.17075319747759e-05 0.2226951478670637 0.22273006878436705 0.22259811731244852 0.22255572099791793 0.22241378543224952 0.22263592896720072 0.22249861561521908 0.2226585537632443 0.22288968309568116 0.22258681811823836
145 1450 0.0003744904913814706 0 -6.17077051919557e-05 0.22269682959278528 0.22278833813870638 0.22250115741787788 0.22258215297133305 0.22269713526166468 0.22249166269212275 0.22263009563645406 0.22275932695434666 0.22266809968554577 0.22253791105964027
146 1460 0.00034416656446233486 0 -6.170753522890033e-05 0.22278219886253953 0.22265656438121978 0.22243180725853032 0.22260368561292956 0.22262538029145323 0.2226033428606749 0.22263765174230074 0.22254236354046222 0.22295728723922154 0.22255130040767004
147 1470 0.00031903752890661803 0 -6.170767898594871e-05 0.22272011522207444 0.22261583564322274 0.2224849593991063 0.22253062476726584 0.22263158648542508 0.22266797263816113 0.2225796393455231 0.22255301345600345 0.222871217359831 0.222675494114978
148 1480 0.0002922041912159999 0 -6.170767363501505e-05 0.22271258460490784 0.222644549296719 0.22248766661466732 0.22247235033098683 0.22278915560522577 0.22256842165215968 0.22259309298833266 0.22272024157995488 0.2227794313016908 0.2226199121678759
149 1490 0.0002756967877189716 0 -6.170779164316195e-05 0.22260038244283606 0.22260879378527393 0.22262929227212883 0.22254613135880583 0.22279569825011028 0.22255858176541038 0.22262005762993514 0.22272226796988212 0.22266795871872572 0.22263663954436244
