% # columns="iteration, evaluation, min max(neg(.)) min(pos(.)) max correlation, correlation matrix principle axes lengths  (sorted square roots of eigenvalues of correlation matrix)", seed=812981, Mon Mar  9 17:26:09 2020
1 10 -0.04290122678007915 -0.004990243055131497 0.02680612920146714 0.04311609694992709 0.9226412790943836 0.9736236522960383 0.9742316682445548 0.9918482222252392 1.0022109671097579 1.0081456750154358 1.01420618874284 1.0192614743116528 1.0281300363518135 1.0595073250631346
2 20 -0.04290122678007915 -0.004990243055131497 0.02680612920146714 0.04311609694992709 0.9226412790943836 0.9736236522960383 0.9742316682445548 0.9918482222252392 1.0022109671097579 1.0081456750154358 1.01420618874284 1.0192614743116528 1.0281300363518135 1.0595073250631346
3 30 -0.04290122678007915 -0.004990243055131497 0.02680612920146714 0.04311609694992709 0.9226412790943836 0.9736236522960383 0.9742316682445548 0.9918482222252392 1.0022109671097579 1.0081456750154358 1.01420618874284 1.0192614743116528 1.0281300363518135 1.0595073250631346
4 40 -0.04290122678007915 -0.004990243055131497 0.02680612920146714 0.04311609694992709 0.9226412790943836 0.9736236522960383 0.9742316682445548 0.9918482222252392 1.0022109671097579 1.0081456750154358 1.01420618874284 1.0192614743116528 1.0281300363518135 1.0595073250631346
5 50 -0.04290122678007915 -0.004990243055131497 0.02680612920146714 0.04311609694992709 0.9226412790943836 0.9736236522960383 0.9742316682445548 0.9918482222252392 1.0022109671097579 1.0081456750154358 1.01420618874284 1.0192614743116528 1.0281300363518135 1.0595073250631346
6 60 -0.04290122678007915 -0.004990243055131497 0.02680612920146714 0.04311609694992709 0.9226412790943836 0.9736236522960383 0.9742316682445548 0.9918482222252392 1.0022109671097579 1.0081456750154358 1.01420618874284 1.0192614743116528 1.0281300363518135 1.0595073250631346
7 70 -0.04290122678007915 -0.004990243055131497 0.02680612920146714 0.04311609694992709 0.9226412790943836 0.9736236522960383 0.9742316682445548 0.9918482222252392 1.0022109671097579 1.0081456750154358 1.01420618874284 1.0192614743116528 1.0281300363518135 1.0595073250631346
8 80 -0.04290122678007915 -0.004990243055131497 0.02680612920146714 0.04311609694992709 0.9226412790943836 0.9736236522960383 0.9742316682445548 0.9918482222252392 1.0022109671097579 1.0081456750154358 1.01420618874284 1.0192614743116528 1.0281300363518135 1.0595073250631346
9 90 -0.04290122678007915 -0.004990243055131497 0.02680612920146714 0.04311609694992709 0.9226412790943836 0.9736236522960383 0.9742316682445548 0.9918482222252392 1.0022109671097579 1.0081456750154358 1.01420618874284 1.0192614743116528 1.0281300363518135 1.0595073250631346
10 100 -0.04290122678007915 -0.004990243055131497 0.02680612920146714 0.04311609694992709 0.9226412790943836 0.9736236522960383 0.9742316682445548 0.9918482222252392 1.0022109671097579 1.0081456750154358 1.01420618874284 1.0192614743116528 1.0281300363518135 1.0595073250631346
11 110 -0.15746606128260698 -0.04664014151992461 0.05592442076345597 0.18063541940225303 0.8001475435841595 0.867936638138909 0.8987248234060331 0.962821377204838 0.9821552907040756 1.0016636341897698 1.0316700869022408 1.0737735723093753 1.158636441574463 1.1593050851281657
12 120 -0.15746606128260698 -0.04664014151992461 0.05592442076345597 0.18063541940225303 0.8001475435841595 0.867936638138909 0.8987248234060331 0.962821377204838 0.9821552907040756 1.0016636341897698 1.0316700869022408 1.0737735723093753 1.158636441574463 1.1593050851281657
13 130 -0.15746606128260698 -0.04664014151992461 0.05592442076345597 0.18063541940225303 0.8001475435841595 0.867936638138909 0.8987248234060331 0.962821377204838 0.9821552907040756 1.0016636341897698 1.0316700869022408 1.0737735723093753 1.158636441574463 1.1593050851281657
14 140 -0.15746606128260698 -0.04664014151992461 0.05592442076345597 0.18063541940225303 0.8001475435841595 0.867936638138909 0.8987248234060331 0.962821377204838 0.9821552907040756 1.0016636341897698 1.0316700869022408 1.0737735723093753 1.158636441574463 1.1593050851281657
15 150 -0.15746606128260698 -0.04664014151992461 0.05592442076345597 0.18063541940225303 0.8001475435841595 0.867936638138909 0.8987248234060331 0.962821377204838 0.9821552907040756 1.0016636341897698 1.0316700869022408 1.0737735723093753 1.158636441574463 1.1593050851281657
16 160 -0.15746606128260698 -0.04664014151992461 0.05592442076345597 0.18063541940225303 0.8001475435841595 0.867936638138909 0.8987248234060331 0.962821377204838 0.9821552907040756 1.0016636341897698 1.0316700869022408 1.0737735723093753 1.158636441574463 1.1593050851281657
17 170 -0.15746606128260698 -0.04664014151992461 0.05592442076345597 0.18063541940225303 0.8001475435841595 0.867936638138909 0.8987248234060331 0.962821377204838 0.9821552907040756 1.0016636341897698 1.0316700869022408 1.0737735723093753 1.158636441574463 1.1593050851281657
18 180 -0.15746606128260698 -0.04664014151992461 0.05592442076345597 0.18063541940225303 0.8001475435841595 0.867936638138909 0.8987248234060331 0.962821377204838 0.9821552907040756 1.0016636341897698 1.0316700869022408 1.0737735723093753 1.158636441574463 1.1593050851281657
19 190 -0.15746606128260698 -0.04664014151992461 0.05592442076345597 0.18063541940225303 0.8001475435841595 0.867936638138909 0.8987248234060331 0.962821377204838 0.9821552907040756 1.0016636341897698 1.0316700869022408 1.0737735723093753 1.158636441574463 1.1593050851281657
20 200 -0.15746606128260698 -0.04664014151992461 0.05592442076345597 0.18063541940225303 0.8001475435841595 0.867936638138909 0.8987248234060331 0.962821377204838 0.9821552907040756 1.0016636341897698 1.0316700869022408 1.0737735723093753 1.158636441574463 1.1593050851281657
21 210 -0.1293280223990269 -0.02993490034950227 0.09616973676648427 0.2663153393156352 0.7978979463959813 0.8127576971193929 0.8462151373726237 0.9180841163779757 0.9539081199246735 1.021209636633267 1.0494364971165693 1.082738935013862 1.1346403783347205 1.2767012631044425
22 220 -0.1293280223990269 -0.02993490034950227 0.09616973676648427 0.2663153393156352 0.7978979463959813 0.8127576971193929 0.8462151373726237 0.9180841163779757 0.9539081199246735 1.021209636633267 1.0494364971165693 1.082738935013862 1.1346403783347205 1.2767012631044425
23 230 -0.1293280223990269 -0.02993490034950227 0.09616973676648427 0.2663153393156352 0.7978979463959813 0.8127576971193929 0.8462151373726237 0.9180841163779757 0.9539081199246735 1.021209636633267 1.0494364971165693 1.082738935013862 1.1346403783347205 1.2767012631044425
24 240 -0.1293280223990269 -0.02993490034950227 0.09616973676648427 0.2663153393156352 0.7978979463959813 0.8127576971193929 0.8462151373726237 0.9180841163779757 0.9539081199246735 1.021209636633267 1.0494364971165693 1.082738935013862 1.1346403783347205 1.2767012631044425
25 250 -0.1293280223990269 -0.02993490034950227 0.09616973676648427 0.2663153393156352 0.7978979463959813 0.8127576971193929 0.8462151373726237 0.9180841163779757 0.9539081199246735 1.021209636633267 1.0494364971165693 1.082738935013862 1.1346403783347205 1.2767012631044425
26 260 -0.1293280223990269 -0.02993490034950227 0.09616973676648427 0.2663153393156352 0.7978979463959813 0.8127576971193929 0.8462151373726237 0.9180841163779757 0.9539081199246735 1.021209636633267 1.0494364971165693 1.082738935013862 1.1346403783347205 1.2767012631044425
27 270 -0.1293280223990269 -0.02993490034950227 0.09616973676648427 0.2663153393156352 0.7978979463959813 0.8127576971193929 0.8462151373726237 0.9180841163779757 0.9539081199246735 1.021209636633267 1.0494364971165693 1.082738935013862 1.1346403783347205 1.2767012631044425
28 280 -0.1293280223990269 -0.02993490034950227 0.09616973676648427 0.2663153393156352 0.7978979463959813 0.8127576971193929 0.8462151373726237 0.9180841163779757 0.9539081199246735 1.021209636633267 1.0494364971165693 1.082738935013862 1.1346403783347205 1.2767012631044425
29 290 -0.1293280223990269 -0.02993490034950227 0.09616973676648427 0.2663153393156352 0.7978979463959813 0.8127576971193929 0.8462151373726237 0.9180841163779757 0.9539081199246735 1.021209636633267 1.0494364971165693 1.082738935013862 1.1346403783347205 1.2767012631044425
30 300 -0.1293280223990269 -0.02993490034950227 0.09616973676648427 0.2663153393156352 0.7978979463959813 0.8127576971193929 0.8462151373726237 0.9180841163779757 0.9539081199246735 1.021209636633267 1.0494364971165693 1.082738935013862 1.1346403783347205 1.2767012631044425
31 310 -0.1272489037611404 -0.046518439257548415 0.09808643782653968 0.3408562951470419 0.7344709420512434 0.7967908207307017 0.854158762341533 0.91494046442936 0.9224397399232817 1.0478822407279378 1.0726574427208089 1.1293267859886649 1.1612287720248213 1.239191702025872
32 320 -0.1272489037611404 -0.046518439257548415 0.09808643782653968 0.3408562951470419 0.7344709420512434 0.7967908207307017 0.854158762341533 0.91494046442936 0.9224397399232817 1.0478822407279378 1.0726574427208089 1.1293267859886649 1.1612287720248213 1.239191702025872
33 330 -0.1272489037611404 -0.046518439257548415 0.09808643782653968 0.3408562951470419 0.7344709420512434 0.7967908207307017 0.854158762341533 0.91494046442936 0.9224397399232817 1.0478822407279378 1.0726574427208089 1.1293267859886649 1.1612287720248213 1.239191702025872
34 340 -0.1272489037611404 -0.046518439257548415 0.09808643782653968 0.3408562951470419 0.7344709420512434 0.7967908207307017 0.854158762341533 0.91494046442936 0.9224397399232817 1.0478822407279378 1.0726574427208089 1.1293267859886649 1.1612287720248213 1.239191702025872
35 350 -0.1272489037611404 -0.046518439257548415 0.09808643782653968 0.3408562951470419 0.7344709420512434 0.7967908207307017 0.854158762341533 0.91494046442936 0.9224397399232817 1.0478822407279378 1.0726574427208089 1.1293267859886649 1.1612287720248213 1.239191702025872
36 360 -0.1272489037611404 -0.046518439257548415 0.09808643782653968 0.3408562951470419 0.7344709420512434 0.7967908207307017 0.854158762341533 0.91494046442936 0.9224397399232817 1.0478822407279378 1.0726574427208089 1.1293267859886649 1.1612287720248213 1.239191702025872
37 370 -0.1272489037611404 -0.046518439257548415 0.09808643782653968 0.3408562951470419 0.7344709420512434 0.7967908207307017 0.854158762341533 0.91494046442936 0.9224397399232817 1.0478822407279378 1.0726574427208089 1.1293267859886649 1.1612287720248213 1.239191702025872
38 380 -0.1272489037611404 -0.046518439257548415 0.09808643782653968 0.3408562951470419 0.7344709420512434 0.7967908207307017 0.854158762341533 0.91494046442936 0.9224397399232817 1.0478822407279378 1.0726574427208089 1.1293267859886649 1.1612287720248213 1.239191702025872
39 390 -0.1272489037611404 -0.046518439257548415 0.09808643782653968 0.3408562951470419 0.7344709420512434 0.7967908207307017 0.854158762341533 0.91494046442936 0.9224397399232817 1.0478822407279378 1.0726574427208089 1.1293267859886649 1.1612287720248213 1.239191702025872
40 400 -0.1272489037611404 -0.046518439257548415 0.09808643782653968 0.3408562951470419 0.7344709420512434 0.7967908207307017 0.854158762341533 0.91494046442936 0.9224397399232817 1.0478822407279378 1.0726574427208089 1.1293267859886649 1.1612287720248213 1.239191702025872
41 410 -0.11506245878479068 0.0026623981365430233 0.14753464036939246 0.27180490290647286 0.7301045408052337 0.7663112180473435 0.8229635076080567 0.8990537898588759 0.9336397875313622 1.0174803289395644 1.074506995404868 1.0846037089706282 1.1510150774706422 1.3533041619621409
42 420 -0.11506245878479068 0.0026623981365430233 0.14753464036939246 0.27180490290647286 0.7301045408052337 0.7663112180473435 0.8229635076080567 0.8990537898588759 0.9336397875313622 1.0174803289395644 1.074506995404868 1.0846037089706282 1.1510150774706422 1.3533041619621409
43 430 -0.11506245878479068 0.0026623981365430233 0.14753464036939246 0.27180490290647286 0.7301045408052337 0.7663112180473435 0.8229635076080567 0.8990537898588759 0.9336397875313622 1.0174803289395644 1.074506995404868 1.0846037089706282 1.1510150774706422 1.3533041619621409
44 440 -0.11506245878479068 0.0026623981365430233 0.14753464036939246 0.27180490290647286 0.7301045408052337 0.7663112180473435 0.8229635076080567 0.8990537898588759 0.9336397875313622 1.0174803289395644 1.074506995404868 1.0846037089706282 1.1510150774706422 1.3533041619621409
45 450 -0.11506245878479068 0.0026623981365430233 0.14753464036939246 0.27180490290647286 0.7301045408052337 0.7663112180473435 0.8229635076080567 0.8990537898588759 0.9336397875313622 1.0174803289395644 1.074506995404868 1.0846037089706282 1.1510150774706422 1.3533041619621409
46 460 -0.11506245878479068 0.0026623981365430233 0.14753464036939246 0.27180490290647286 0.7301045408052337 0.7663112180473435 0.8229635076080567 0.8990537898588759 0.9336397875313622 1.0174803289395644 1.074506995404868 1.0846037089706282 1.1510150774706422 1.3533041619621409
47 470 -0.11506245878479068 0.0026623981365430233 0.14753464036939246 0.27180490290647286 0.7301045408052337 0.7663112180473435 0.8229635076080567 0.8990537898588759 0.9336397875313622 1.0174803289395644 1.074506995404868 1.0846037089706282 1.1510150774706422 1.3533041619621409
48 480 -0.11506245878479068 0.0026623981365430233 0.14753464036939246 0.27180490290647286 0.7301045408052337 0.7663112180473435 0.8229635076080567 0.8990537898588759 0.9336397875313622 1.0174803289395644 1.074506995404868 1.0846037089706282 1.1510150774706422 1.3533041619621409
49 490 -0.11506245878479068 0.0026623981365430233 0.14753464036939246 0.27180490290647286 0.7301045408052337 0.7663112180473435 0.8229635076080567 0.8990537898588759 0.9336397875313622 1.0174803289395644 1.074506995404868 1.0846037089706282 1.1510150774706422 1.3533041619621409
50 500 -0.11506245878479068 0.0026623981365430233 0.14753464036939246 0.27180490290647286 0.7301045408052337 0.7663112180473435 0.8229635076080567 0.8990537898588759 0.9336397875313622 1.0174803289395644 1.074506995404868 1.0846037089706282 1.1510150774706422 1.3533041619621409
51 510 -0.07043533203744198 0.06873852840690325 0.2016366731094686 0.37490454307012805 0.6809603546150841 0.7497585975996119 0.8105508171422431 0.8332274371700806 0.8795683832113124 0.9810461431566878 1.0053713366972203 1.087258526731878 1.1795527305372722 1.5174172475215728
52 520 -0.07043533203744198 0.06873852840690325 0.2016366731094686 0.37490454307012805 0.6809603546150841 0.7497585975996119 0.8105508171422431 0.8332274371700806 0.8795683832113124 0.9810461431566878 1.0053713366972203 1.087258526731878 1.1795527305372722 1.5174172475215728
53 530 -0.07043533203744198 0.06873852840690325 0.2016366731094686 0.37490454307012805 0.6809603546150841 0.7497585975996119 0.8105508171422431 0.8332274371700806 0.8795683832113124 0.9810461431566878 1.0053713366972203 1.087258526731878 1.1795527305372722 1.5174172475215728
54 540 -0.07043533203744198 0.06873852840690325 0.2016366731094686 0.37490454307012805 0.6809603546150841 0.7497585975996119 0.8105508171422431 0.8332274371700806 0.8795683832113124 0.9810461431566878 1.0053713366972203 1.087258526731878 1.1795527305372722 1.5174172475215728
55 550 -0.07043533203744198 0.06873852840690325 0.2016366731094686 0.37490454307012805 0.6809603546150841 0.7497585975996119 0.8105508171422431 0.8332274371700806 0.8795683832113124 0.9810461431566878 1.0053713366972203 1.087258526731878 1.1795527305372722 1.5174172475215728
56 560 -0.07043533203744198 0.06873852840690325 0.2016366731094686 0.37490454307012805 0.6809603546150841 0.7497585975996119 0.8105508171422431 0.8332274371700806 0.8795683832113124 0.9810461431566878 1.0053713366972203 1.087258526731878 1.1795527305372722 1.5174172475215728
57 570 -0.07043533203744198 0.06873852840690325 0.2016366731094686 0.37490454307012805 0.6809603546150841 0.7497585975996119 0.8105508171422431 0.8332274371700806 0.8795683832113124 0.9810461431566878 1.0053713366972203 1.087258526731878 1.1795527305372722 1.5174172475215728
58 580 -0.07043533203744198 0.06873852840690325 0.2016366731094686 0.37490454307012805 0.6809603546150841 0.7497585975996119 0.8105508171422431 0.8332274371700806 0.8795683832113124 0.9810461431566878 1.0053713366972203 1.087258526731878 1.1795527305372722 1.5174172475215728
59 590 -0.07043533203744198 0.06873852840690325 0.2016366731094686 0.37490454307012805 0.6809603546150841 0.7497585975996119 0.8105508171422431 0.8332274371700806 0.8795683832113124 0.9810461431566878 1.0053713366972203 1.087258526731878 1.1795527305372722 1.5174172475215728
60 600 -0.07043533203744198 0.06873852840690325 0.2016366731094686 0.37490454307012805 0.6809603546150841 0.7497585975996119 0.8105508171422431 0.8332274371700806 0.8795683832113124 0.9810461431566878 1.0053713366972203 1.087258526731878 1.1795527305372722 1.5174172475215728
61 610 -0.03592901901165449 0.06510123868976357 0.24036948983996104 0.33450216296961977 0.6943341067456795 0.7464142214797318 0.7663053196457899 0.8272764446618653 0.8961912921120601 0.9349476017040308 0.9471112938431339 1.1081831916382054 1.174188610177679 1.583685975172296
62 620 -0.03592901901165449 0.06510123868976357 0.24036948983996104 0.33450216296961977 0.6943341067456795 0.7464142214797318 0.7663053196457899 0.8272764446618653 0.8961912921120601 0.9349476017040308 0.9471112938431339 1.1081831916382054 1.174188610177679 1.583685975172296
63 630 -0.03592901901165449 0.06510123868976357 0.24036948983996104 0.33450216296961977 0.6943341067456795 0.7464142214797318 0.7663053196457899 0.8272764446618653 0.8961912921120601 0.9349476017040308 0.9471112938431339 1.1081831916382054 1.174188610177679 1.583685975172296
64 640 -0.03592901901165449 0.06510123868976357 0.24036948983996104 0.33450216296961977 0.6943341067456795 0.7464142214797318 0.7663053196457899 0.8272764446618653 0.8961912921120601 0.9349476017040308 0.9471112938431339 1.1081831916382054 1.174188610177679 1.583685975172296
65 650 -0.03592901901165449 0.06510123868976357 0.24036948983996104 0.33450216296961977 0.6943341067456795 0.7464142214797318 0.7663053196457899 0.8272764446618653 0.8961912921120601 0.9349476017040308 0.9471112938431339 1.1081831916382054 1.174188610177679 1.583685975172296
66 660 -0.03592901901165449 0.06510123868976357 0.24036948983996104 0.33450216296961977 0.6943341067456795 0.7464142214797318 0.7663053196457899 0.8272764446618653 0.8961912921120601 0.9349476017040308 0.9471112938431339 1.1081831916382054 1.174188610177679 1.583685975172296
67 670 -0.03592901901165449 0.06510123868976357 0.24036948983996104 0.33450216296961977 0.6943341067456795 0.7464142214797318 0.7663053196457899 0.8272764446618653 0.8961912921120601 0.9349476017040308 0.9471112938431339 1.1081831916382054 1.174188610177679 1.583685975172296
68 680 -0.03592901901165449 0.06510123868976357 0.24036948983996104 0.33450216296961977 0.6943341067456795 0.7464142214797318 0.7663053196457899 0.8272764446618653 0.8961912921120601 0.9349476017040308 0.9471112938431339 1.1081831916382054 1.174188610177679 1.583685975172296
69 690 -0.03592901901165449 0.06510123868976357 0.24036948983996104 0.33450216296961977 0.6943341067456795 0.7464142214797318 0.7663053196457899 0.8272764446618653 0.8961912921120601 0.9349476017040308 0.9471112938431339 1.1081831916382054 1.174188610177679 1.583685975172296
70 700 -0.03592901901165449 0.06510123868976357 0.24036948983996104 0.33450216296961977 0.6943341067456795 0.7464142214797318 0.7663053196457899 0.8272764446618653 0.8961912921120601 0.9349476017040308 0.9471112938431339 1.1081831916382054 1.174188610177679 1.583685975172296
71 710 -0.08286831815124032 0.05355726712864605 0.2150981765137745 0.3723762402880182 0.7082070094150068 0.7306090494364019 0.7823775195556969 0.8435279756155265 0.8609764573633985 0.9484936942550116 0.994591511017312 1.1271189461415136 1.2137311703542781 1.5057641665748878
72 720 -0.08286831815124032 0.05355726712864605 0.2150981765137745 0.3723762402880182 0.7082070094150068 0.7306090494364019 0.7823775195556969 0.8435279756155265 0.8609764573633985 0.9484936942550116 0.994591511017312 1.1271189461415136 1.2137311703542781 1.5057641665748878
73 730 -0.08286831815124032 0.05355726712864605 0.2150981765137745 0.3723762402880182 0.7082070094150068 0.7306090494364019 0.7823775195556969 0.8435279756155265 0.8609764573633985 0.9484936942550116 0.994591511017312 1.1271189461415136 1.2137311703542781 1.5057641665748878
74 740 -0.08286831815124032 0.05355726712864605 0.2150981765137745 0.3723762402880182 0.7082070094150068 0.7306090494364019 0.7823775195556969 0.8435279756155265 0.8609764573633985 0.9484936942550116 0.994591511017312 1.1271189461415136 1.2137311703542781 1.5057641665748878
75 750 -0.08286831815124032 0.05355726712864605 0.2150981765137745 0.3723762402880182 0.7082070094150068 0.7306090494364019 0.7823775195556969 0.8435279756155265 0.8609764573633985 0.9484936942550116 0.994591511017312 1.1271189461415136 1.2137311703542781 1.5057641665748878
76 760 -0.08286831815124032 0.05355726712864605 0.2150981765137745 0.3723762402880182 0.7082070094150068 0.7306090494364019 0.7823775195556969 0.8435279756155265 0.8609764573633985 0.9484936942550116 0.994591511017312 1.1271189461415136 1.2137311703542781 1.5057641665748878
77 770 -0.08286831815124032 0.05355726712864605 0.2150981765137745 0.3723762402880182 0.7082070094150068 0.7306090494364019 0.7823775195556969 0.8435279756155265 0.8609764573633985 0.9484936942550116 0.994591511017312 1.1271189461415136 1.2137311703542781 1.5057641665748878
78 780 -0.08286831815124032 0.05355726712864605 0.2150981765137745 0.3723762402880182 0.7082070094150068 0.7306090494364019 0.7823775195556969 0.8435279756155265 0.8609764573633985 0.9484936942550116 0.994591511017312 1.1271189461415136 1.2137311703542781 1.5057641665748878
79 790 -0.08286831815124032 0.05355726712864605 0.2150981765137745 0.3723762402880182 0.7082070094150068 0.7306090494364019 0.7823775195556969 0.8435279756155265 0.8609764573633985 0.9484936942550116 0.994591511017312 1.1271189461415136 1.2137311703542781 1.5057641665748878
80 800 -0.08286831815124032 0.05355726712864605 0.2150981765137745 0.3723762402880182 0.7082070094150068 0.7306090494364019 0.7823775195556969 0.8435279756155265 0.8609764573633985 0.9484936942550116 0.994591511017312 1.1271189461415136 1.2137311703542781 1.5057641665748878
81 810 -0.12884395883788335 0.024250277229204555 0.19439836403326421 0.3853031900852322 0.686209976537351 0.7553514988597312 0.7765773755981781 0.8224261517610232 0.8718449337644303 0.9031743541289051 0.9879887542545617 1.1707155837708332 1.2560477035621307 1.476114051539254
82 820 -0.12884395883788335 0.024250277229204555 0.19439836403326421 0.3853031900852322 0.686209976537351 0.7553514988597312 0.7765773755981781 0.8224261517610232 0.8718449337644303 0.9031743541289051 0.9879887542545617 1.1707155837708332 1.2560477035621307 1.476114051539254
83 830 -0.12884395883788335 0.024250277229204555 0.19439836403326421 0.3853031900852322 0.686209976537351 0.7553514988597312 0.7765773755981781 0.8224261517610232 0.8718449337644303 0.9031743541289051 0.9879887542545617 1.1707155837708332 1.2560477035621307 1.476114051539254
84 840 -0.12884395883788335 0.024250277229204555 0.19439836403326421 0.3853031900852322 0.686209976537351 0.7553514988597312 0.7765773755981781 0.8224261517610232 0.8718449337644303 0.9031743541289051 0.9879887542545617 1.1707155837708332 1.2560477035621307 1.476114051539254
85 850 -0.12884395883788335 0.024250277229204555 0.19439836403326421 0.3853031900852322 0.686209976537351 0.7553514988597312 0.7765773755981781 0.8224261517610232 0.8718449337644303 0.9031743541289051 0.9879887542545617 1.1707155837708332 1.2560477035621307 1.476114051539254
86 860 -0.12884395883788335 0.024250277229204555 0.19439836403326421 0.3853031900852322 0.686209976537351 0.7553514988597312 0.7765773755981781 0.8224261517610232 0.8718449337644303 0.9031743541289051 0.9879887542545617 1.1707155837708332 1.2560477035621307 1.476114051539254
87 870 -0.12884395883788335 0.024250277229204555 0.19439836403326421 0.3853031900852322 0.686209976537351 0.7553514988597312 0.7765773755981781 0.8224261517610232 0.8718449337644303 0.9031743541289051 0.9879887542545617 1.1707155837708332 1.2560477035621307 1.476114051539254
88 880 -0.12884395883788335 0.024250277229204555 0.19439836403326421 0.3853031900852322 0.686209976537351 0.7553514988597312 0.7765773755981781 0.8224261517610232 0.8718449337644303 0.9031743541289051 0.9879887542545617 1.1707155837708332 1.2560477035621307 1.476114051539254
89 890 -0.12884395883788335 0.024250277229204555 0.19439836403326421 0.3853031900852322 0.686209976537351 0.7553514988597312 0.7765773755981781 0.8224261517610232 0.8718449337644303 0.9031743541289051 0.9879887542545617 1.1707155837708332 1.2560477035621307 1.476114051539254
90 900 -0.12884395883788335 0.024250277229204555 0.19439836403326421 0.3853031900852322 0.686209976537351 0.7553514988597312 0.7765773755981781 0.8224261517610232 0.8718449337644303 0.9031743541289051 0.9879887542545617 1.1707155837708332 1.2560477035621307 1.476114051539254
91 910 -0.2442898618122106 0.008635302691562591 0.1626948196387761 0.44016826601797954 0.6618979958606342 0.7148679215760355 0.8312140480890328 0.8745560924079223 0.8955157155060305 0.932422095814466 0.9849619290613967 1.2303791008192098 1.246689490128882 1.373139820104528
92 920 -0.2442898618122106 0.008635302691562591 0.1626948196387761 0.44016826601797954 0.6618979958606342 0.7148679215760355 0.8312140480890328 0.8745560924079223 0.8955157155060305 0.932422095814466 0.9849619290613967 1.2303791008192098 1.246689490128882 1.373139820104528
93 930 -0.2442898618122106 0.008635302691562591 0.1626948196387761 0.44016826601797954 0.6618979958606342 0.7148679215760355 0.8312140480890328 0.8745560924079223 0.8955157155060305 0.932422095814466 0.9849619290613967 1.2303791008192098 1.246689490128882 1.373139820104528
94 940 -0.2442898618122106 0.008635302691562591 0.1626948196387761 0.44016826601797954 0.6618979958606342 0.7148679215760355 0.8312140480890328 0.8745560924079223 0.8955157155060305 0.932422095814466 0.9849619290613967 1.2303791008192098 1.246689490128882 1.373139820104528
95 950 -0.2442898618122106 0.008635302691562591 0.1626948196387761 0.44016826601797954 0.6618979958606342 0.7148679215760355 0.8312140480890328 0.8745560924079223 0.8955157155060305 0.932422095814466 0.9849619290613967 1.2303791008192098 1.246689490128882 1.373139820104528
96 960 -0.2442898618122106 0.008635302691562591 0.1626948196387761 0.44016826601797954 0.6618979958606342 0.7148679215760355 0.8312140480890328 0.8745560924079223 0.8955157155060305 0.932422095814466 0.9849619290613967 1.2303791008192098 1.246689490128882 1.373139820104528
97 970 -0.2442898618122106 0.008635302691562591 0.1626948196387761 0.44016826601797954 0.6618979958606342 0.7148679215760355 0.8312140480890328 0.8745560924079223 0.8955157155060305 0.932422095814466 0.9849619290613967 1.2303791008192098 1.246689490128882 1.373139820104528
98 980 -0.2442898618122106 0.008635302691562591 0.1626948196387761 0.44016826601797954 0.6618979958606342 0.7148679215760355 0.8312140480890328 0.8745560924079223 0.8955157155060305 0.932422095814466 0.9849619290613967 1.2303791008192098 1.246689490128882 1.373139820104528
99 990 -0.2442898618122106 0.008635302691562591 0.1626948196387761 0.44016826601797954 0.6618979958606342 0.7148679215760355 0.8312140480890328 0.8745560924079223 0.8955157155060305 0.932422095814466 0.9849619290613967 1.2303791008192098 1.246689490128882 1.373139820104528
100 1000 -0.2442898618122106 0.008635302691562591 0.1626948196387761 0.44016826601797954 0.6618979958606342 0.7148679215760355 0.8312140480890328 0.8745560924079223 0.8955157155060305 0.932422095814466 0.9849619290613967 1.2303791008192098 1.246689490128882 1.373139820104528
101 1010 -0.3323622261766231 -0.05954722776440133 0.13154190622637787 0.38954961667463944 0.6673981445309584 0.6833366836933144 0.8086269323474015 0.8919538095107886 0.9276498485410527 0.9677317652655114 1.0195960528736336 1.1132939537689859 1.213848661796254 1.4452350867926327
102 1020 -0.3323622261766231 -0.05954722776440133 0.13154190622637787 0.38954961667463944 0.6673981445309584 0.6833366836933144 0.8086269323474015 0.8919538095107886 0.9276498485410527 0.9677317652655114 1.0195960528736336 1.1132939537689859 1.213848661796254 1.4452350867926327
103 1030 -0.3323622261766231 -0.05954722776440133 0.13154190622637787 0.38954961667463944 0.6673981445309584 0.6833366836933144 0.8086269323474015 0.8919538095107886 0.9276498485410527 0.9677317652655114 1.0195960528736336 1.1132939537689859 1.213848661796254 1.4452350867926327
104 1040 -0.3323622261766231 -0.05954722776440133 0.13154190622637787 0.38954961667463944 0.6673981445309584 0.6833366836933144 0.8086269323474015 0.8919538095107886 0.9276498485410527 0.9677317652655114 1.0195960528736336 1.1132939537689859 1.213848661796254 1.4452350867926327
