% # columns="iteration, evaluation, min max(neg(.)) min(pos(.)) max correlation, correlation matrix principle axes lengths  (sorted square roots of eigenvalues of correlation matrix)", seed=1100349, Wed Mar 11 16:01:03 2020
1 10 -0.025678364959082333 -0.00835103993770787 0.011886825532047004 0.05266220424300153 0.9401793076011472 0.9732358172834626 0.9893037540845496 0.9944221395460715 1.0014042284825158 1.0061725166771078 1.010810747172285 1.0172154760157406 1.0221821667549864 1.0415190678207478
2 20 -0.03812778957791048 -0.009017731556127489 0.042649096502801506 0.06415676950642733 0.9401793076011472 0.9732358172834626 0.9893037540845496 0.9944221395460715 1.0014042284825158 1.0061725166771078 1.010810747172285 1.0172154760157406 1.0221821667549864 1.0415190678207478
3 30 -0.07437287665161799 -0.02357185301063672 0.04679910450846266 0.07770239562101033 0.9401793076011472 0.9732358172834626 0.9893037540845496 0.9944221395460715 1.0014042284825158 1.0061725166771078 1.010810747172285 1.0172154760157406 1.0221821667549864 1.0415190678207478
4 40 -0.08863549775429283 -0.01580114543903087 0.042242174676763666 0.08575638613774471 0.9401793076011472 0.9732358172834626 0.9893037540845496 0.9944221395460715 1.0014042284825158 1.0061725166771078 1.010810747172285 1.0172154760157406 1.0221821667549864 1.0415190678207478
5 50 -0.10874852352243058 -0.022063825731896605 0.056552702720121445 0.12948335937078995 0.9401793076011472 0.9732358172834626 0.9893037540845496 0.9944221395460715 1.0014042284825158 1.0061725166771078 1.010810747172285 1.0172154760157406 1.0221821667549864 1.0415190678207478
6 60 -0.13617754094778844 -0.020441855556880956 0.06739337661246766 0.15599905241347112 0.9401793076011472 0.9732358172834626 0.9893037540845496 0.9944221395460715 1.0014042284825158 1.0061725166771078 1.010810747172285 1.0172154760157406 1.0221821667549864 1.0415190678207478
7 70 -0.12325987210448978 -0.02298500464247549 0.08066438049198965 0.17314572761056213 0.9401793076011472 0.9732358172834626 0.9893037540845496 0.9944221395460715 1.0014042284825158 1.0061725166771078 1.010810747172285 1.0172154760157406 1.0221821667549864 1.0415190678207478
8 80 -0.13896084314169052 -0.004489391642253833 0.08057760115735826 0.16040695184722978 0.9401793076011472 0.9732358172834626 0.9893037540845496 0.9944221395460715 1.0014042284825158 1.0061725166771078 1.010810747172285 1.0172154760157406 1.0221821667549864 1.0415190678207478
9 90 -0.19809792299289486 -0.015149824763513387 0.09864880363789996 0.16792439503495432 0.9401793076011472 0.9732358172834626 0.9893037540845496 0.9944221395460715 1.0014042284825158 1.0061725166771078 1.010810747172285 1.0172154760157406 1.0221821667549864 1.0415190678207478
10 100 -0.20124793026846907 -0.02824678550031111 0.08407056391632384 0.19355522002211176 0.9401793076011472 0.9732358172834626 0.9893037540845496 0.9944221395460715 1.0014042284825158 1.0061725166771078 1.010810747172285 1.0172154760157406 1.0221821667549864 1.0415190678207478
11 110 -0.1391384637246659 -0.011330745230579545 0.10229288659309409 0.1955781819184496 0.7995585266114024 0.828640850875431 0.863966213659197 0.9260602524824464 0.9841777584669684 1.0058420317328556 1.0774578749561492 1.0884855639663755 1.1476904167388233 1.1944880293276636
12 120 -0.12273500646636415 -0.010485003794970478 0.1012993464877289 0.232118862964907 0.7995585266114024 0.828640850875431 0.863966213659197 0.9260602524824464 0.9841777584669684 1.0058420317328556 1.0774578749561492 1.0884855639663755 1.1476904167388233 1.1944880293276636
13 130 -0.15265368102295862 -0.0014265130385664494 0.08631674164419709 0.23853609894064265 0.7995585266114024 0.828640850875431 0.863966213659197 0.9260602524824464 0.9841777584669684 1.0058420317328556 1.0774578749561492 1.0884855639663755 1.1476904167388233 1.1944880293276636
14 140 -0.15508756909043195 -0.021978478569863312 0.09892737015321856 0.2303276754178917 0.7995585266114024 0.828640850875431 0.863966213659197 0.9260602524824464 0.9841777584669684 1.0058420317328556 1.0774578749561492 1.0884855639663755 1.1476904167388233 1.1944880293276636
15 150 -0.15224766285655408 -0.012041682850171525 0.09319599454630398 0.20125247385010264 0.7995585266114024 0.828640850875431 0.863966213659197 0.9260602524824464 0.9841777584669684 1.0058420317328556 1.0774578749561492 1.0884855639663755 1.1476904167388233 1.1944880293276636
16 160 -0.1485174042155426 -0.0036035608835868105 0.10423040027890736 0.22559387328522634 0.7995585266114024 0.828640850875431 0.863966213659197 0.9260602524824464 0.9841777584669684 1.0058420317328556 1.0774578749561492 1.0884855639663755 1.1476904167388233 1.1944880293276636
17 170 -0.12108927443132965 -0.01007506164799779 0.08123849581316003 0.23575714617644583 0.7995585266114024 0.828640850875431 0.863966213659197 0.9260602524824464 0.9841777584669684 1.0058420317328556 1.0774578749561492 1.0884855639663755 1.1476904167388233 1.1944880293276636
18 180 -0.12355512771270484 -0.005091203385518378 0.08505750056440352 0.25325752797070533 0.7995585266114024 0.828640850875431 0.863966213659197 0.9260602524824464 0.9841777584669684 1.0058420317328556 1.0774578749561492 1.0884855639663755 1.1476904167388233 1.1944880293276636
19 190 -0.1304575547394342 -0.002709542068831834 0.07617688438248033 0.2085004793004951 0.7995585266114024 0.828640850875431 0.863966213659197 0.9260602524824464 0.9841777584669684 1.0058420317328556 1.0774578749561492 1.0884855639663755 1.1476904167388233 1.1944880293276636
20 200 -0.15328698599793777 -0.02235863316308337 0.0773783149260826 0.20868885103202525 0.7995585266114024 0.828640850875431 0.863966213659197 0.9260602524824464 0.9841777584669684 1.0058420317328556 1.0774578749561492 1.0884855639663755 1.1476904167388233 1.1944880293276636
21 210 -0.18680134037322252 -0.035856721962039206 0.07683552179279307 0.19145914702600217 0.7888625338466944 0.842242085207599 0.8562597271933822 0.9130422293088304 0.9936136282057042 1.0096482781776819 1.0757902594117532 1.0970597982234895 1.154116203318975 1.1840568221219663
22 220 -0.19321591900516752 -0.04227874615836964 0.0710071061967271 0.18015496620006158 0.7888625338466944 0.842242085207599 0.8562597271933822 0.9130422293088304 0.9936136282057042 1.0096482781776819 1.0757902594117532 1.0970597982234895 1.154116203318975 1.1840568221219663
23 230 -0.20735374801339046 -0.055306888201527196 0.07132257111660545 0.18658420591946964 0.7888625338466944 0.842242085207599 0.8562597271933822 0.9130422293088304 0.9936136282057042 1.0096482781776819 1.0757902594117532 1.0970597982234895 1.154116203318975 1.1840568221219663
24 240 -0.2289869784225237 -0.05228887504009465 0.06924447982576987 0.19442705501310587 0.7888625338466944 0.842242085207599 0.8562597271933822 0.9130422293088304 0.9936136282057042 1.0096482781776819 1.0757902594117532 1.0970597982234895 1.154116203318975 1.1840568221219663
25 250 -0.24362603472883196 -0.05333195108922842 0.07268664764191855 0.20925513312005012 0.7888625338466944 0.842242085207599 0.8562597271933822 0.9130422293088304 0.9936136282057042 1.0096482781776819 1.0757902594117532 1.0970597982234895 1.154116203318975 1.1840568221219663
26 260 -0.2463471126874898 -0.07301157074909936 0.06868986195394133 0.1937358191544467 0.7888625338466944 0.842242085207599 0.8562597271933822 0.9130422293088304 0.9936136282057042 1.0096482781776819 1.0757902594117532 1.0970597982234895 1.154116203318975 1.1840568221219663
27 270 -0.22868267013109467 -0.08157881379240897 0.07234356006234198 0.16149139556589046 0.7888625338466944 0.842242085207599 0.8562597271933822 0.9130422293088304 0.9936136282057042 1.0096482781776819 1.0757902594117532 1.0970597982234895 1.154116203318975 1.1840568221219663
28 280 -0.18339328248461143 -0.0825614640015534 0.06421028374620473 0.17804359207957227 0.7888625338466944 0.842242085207599 0.8562597271933822 0.9130422293088304 0.9936136282057042 1.0096482781776819 1.0757902594117532 1.0970597982234895 1.154116203318975 1.1840568221219663
29 290 -0.18104976447921053 -0.07747293109098269 0.058824105523602704 0.14169626641125488 0.7888625338466944 0.842242085207599 0.8562597271933822 0.9130422293088304 0.9936136282057042 1.0096482781776819 1.0757902594117532 1.0970597982234895 1.154116203318975 1.1840568221219663
30 300 -0.21802026842951594 -0.07232301950269504 0.05794190362319984 0.15251358264077972 0.7888625338466944 0.842242085207599 0.8562597271933822 0.9130422293088304 0.9936136282057042 1.0096482781776819 1.0757902594117532 1.0970597982234895 1.154116203318975 1.1840568221219663
31 310 -0.1924074923993563 -0.06965744738027646 0.039188804040678205 0.1505327064712831 0.7873365746670367 0.8660607083243239 0.887613192481988 0.9264520053609595 0.9451003353530756 1.0119178335793781 1.025280320213224 1.1093286522488577 1.1506645509455742 1.2086514889176634
32 320 -0.19224089310417466 -0.0771264899599915 0.031127089806235166 0.1599661276729083 0.7873365746670367 0.8660607083243239 0.887613192481988 0.9264520053609595 0.9451003353530756 1.0119178335793781 1.025280320213224 1.1093286522488577 1.1506645509455742 1.2086514889176634
33 330 -0.212698507674146 -0.07573743950334975 0.032627817018108816 0.14597751740431572 0.7873365746670367 0.8660607083243239 0.887613192481988 0.9264520053609595 0.9451003353530756 1.0119178335793781 1.025280320213224 1.1093286522488577 1.1506645509455742 1.2086514889176634
34 340 -0.22667911769167592 -0.07885850254140249 0.029176445557125355 0.14336615838614533 0.7873365746670367 0.8660607083243239 0.887613192481988 0.9264520053609595 0.9451003353530756 1.0119178335793781 1.025280320213224 1.1093286522488577 1.1506645509455742 1.2086514889176634
35 350 -0.23646310287559627 -0.08281218160241341 0.0430027619834352 0.1716411113830314 0.7873365746670367 0.8660607083243239 0.887613192481988 0.9264520053609595 0.9451003353530756 1.0119178335793781 1.025280320213224 1.1093286522488577 1.1506645509455742 1.2086514889176634
36 360 -0.2085272442979833 -0.05844261718486363 0.03994549086309508 0.19578829846307497 0.7873365746670367 0.8660607083243239 0.887613192481988 0.9264520053609595 0.9451003353530756 1.0119178335793781 1.025280320213224 1.1093286522488577 1.1506645509455742 1.2086514889176634
37 370 -0.20838861693363903 -0.05333493025555433 0.041089579325692745 0.19750241577678046 0.7873365746670367 0.8660607083243239 0.887613192481988 0.9264520053609595 0.9451003353530756 1.0119178335793781 1.025280320213224 1.1093286522488577 1.1506645509455742 1.2086514889176634
38 380 -0.223288852878054 -0.07136251588849404 0.03967982224579614 0.19739682187747185 0.7873365746670367 0.8660607083243239 0.887613192481988 0.9264520053609595 0.9451003353530756 1.0119178335793781 1.025280320213224 1.1093286522488577 1.1506645509455742 1.2086514889176634
39 390 -0.21320286846214292 -0.08137145847018216 0.05760108547563129 0.19507541943218604 0.7873365746670367 0.8660607083243239 0.887613192481988 0.9264520053609595 0.9451003353530756 1.0119178335793781 1.025280320213224 1.1093286522488577 1.1506645509455742 1.2086514889176634
40 400 -0.1985783968762146 -0.08513271545640658 0.06812277042766363 0.18943946379800447 0.7873365746670367 0.8660607083243239 0.887613192481988 0.9264520053609595 0.9451003353530756 1.0119178335793781 1.025280320213224 1.1093286522488577 1.1506645509455742 1.2086514889176634
41 410 -0.2104409180310375 -0.08102844408074698 0.05052284976315019 0.17337612646231249 0.7132837236096482 0.8555054838842989 0.8782602508725473 0.9198375942413857 0.951611205453666 1.0134331218363688 1.0181487796409632 1.1180008862387485 1.154976741596068 1.2604600973898739
42 420 -0.18616564182916484 -0.07418237363348598 0.03065344007537564 0.20004498958213002 0.7132837236096482 0.8555054838842989 0.8782602508725473 0.9198375942413857 0.951611205453666 1.0134331218363688 1.0181487796409632 1.1180008862387485 1.154976741596068 1.2604600973898739
43 430 -0.2488235615674608 -0.08629296363833928 0.04229786740452683 0.18966433392427073 0.7132837236096482 0.8555054838842989 0.8782602508725473 0.9198375942413857 0.951611205453666 1.0134331218363688 1.0181487796409632 1.1180008862387485 1.154976741596068 1.2604600973898739
44 440 -0.25404433332665255 -0.09288502303709562 0.05364844094548562 0.18755838374759468 0.7132837236096482 0.8555054838842989 0.8782602508725473 0.9198375942413857 0.951611205453666 1.0134331218363688 1.0181487796409632 1.1180008862387485 1.154976741596068 1.2604600973898739
45 450 -0.27103397169245097 -0.08157567699067962 0.058289986801259325 0.22781749470383927 0.7132837236096482 0.8555054838842989 0.8782602508725473 0.9198375942413857 0.951611205453666 1.0134331218363688 1.0181487796409632 1.1180008862387485 1.154976741596068 1.2604600973898739
46 460 -0.2583330092915953 -0.09892011096388448 0.05253513236231158 0.20892719390018802 0.7132837236096482 0.8555054838842989 0.8782602508725473 0.9198375942413857 0.951611205453666 1.0134331218363688 1.0181487796409632 1.1180008862387485 1.154976741596068 1.2604600973898739
47 470 -0.24525527534855382 -0.09238778492619046 0.05639008785630897 0.2638438810333162 0.7132837236096482 0.8555054838842989 0.8782602508725473 0.9198375942413857 0.951611205453666 1.0134331218363688 1.0181487796409632 1.1180008862387485 1.154976741596068 1.2604600973898739
48 480 -0.24910506349770098 -0.10316299590781572 0.06125269953878969 0.27387665410881945 0.7132837236096482 0.8555054838842989 0.8782602508725473 0.9198375942413857 0.951611205453666 1.0134331218363688 1.0181487796409632 1.1180008862387485 1.154976741596068 1.2604600973898739
49 490 -0.20750224813060975 -0.1103140447025319 0.051625812143102176 0.2466927139025786 0.7132837236096482 0.8555054838842989 0.8782602508725473 0.9198375942413857 0.951611205453666 1.0134331218363688 1.0181487796409632 1.1180008862387485 1.154976741596068 1.2604600973898739
50 500 -0.20799246411832437 -0.10342591374047952 0.05272247597845338 0.22763280993463958 0.7132837236096482 0.8555054838842989 0.8782602508725473 0.9198375942413857 0.951611205453666 1.0134331218363688 1.0181487796409632 1.1180008862387485 1.154976741596068 1.2604600973898739
51 510 -0.20102532415595623 -0.09769575484501355 0.03908631300185144 0.24460227992887362 0.7061908519614746 0.7974954204073507 0.8596951770420426 0.8955116230354416 0.980509529615121 1.0073416948035654 1.0250773000104219 1.1206500870731833 1.1669327463514758 1.2960595355527977
52 520 -0.23702270637334955 -0.10175566926156732 0.05080934294471342 0.2501855654368482 0.7061908519614746 0.7974954204073507 0.8596951770420426 0.8955116230354416 0.980509529615121 1.0073416948035654 1.0250773000104219 1.1206500870731833 1.1669327463514758 1.2960595355527977
53 530 -0.21672016799472796 -0.09059617650872287 0.04499714267575339 0.26665352242377127 0.7061908519614746 0.7974954204073507 0.8596951770420426 0.8955116230354416 0.980509529615121 1.0073416948035654 1.0250773000104219 1.1206500870731833 1.1669327463514758 1.2960595355527977
54 540 -0.27028358568263455 -0.10849162760087329 0.0735096573141013 0.3029123845906539 0.7061908519614746 0.7974954204073507 0.8596951770420426 0.8955116230354416 0.980509529615121 1.0073416948035654 1.0250773000104219 1.1206500870731833 1.1669327463514758 1.2960595355527977
55 550 -0.2758924922054147 -0.10049744913329861 0.0689317306336257 0.26552386854269266 0.7061908519614746 0.7974954204073507 0.8596951770420426 0.8955116230354416 0.980509529615121 1.0073416948035654 1.0250773000104219 1.1206500870731833 1.1669327463514758 1.2960595355527977
56 560 -0.262264810518807 -0.09755646052857138 0.09328716351340205 0.275987919630542 0.7061908519614746 0.7974954204073507 0.8596951770420426 0.8955116230354416 0.980509529615121 1.0073416948035654 1.0250773000104219 1.1206500870731833 1.1669327463514758 1.2960595355527977
57 570 -0.26747303815295853 -0.09377808118907652 0.0783584865689353 0.2519623019115849 0.7061908519614746 0.7974954204073507 0.8596951770420426 0.8955116230354416 0.980509529615121 1.0073416948035654 1.0250773000104219 1.1206500870731833 1.1669327463514758 1.2960595355527977
58 580 -0.2734877690909708 -0.10257466369970615 0.0688723915929905 0.26136471376121173 0.7061908519614746 0.7974954204073507 0.8596951770420426 0.8955116230354416 0.980509529615121 1.0073416948035654 1.0250773000104219 1.1206500870731833 1.1669327463514758 1.2960595355527977
59 590 -0.2803024804635887 -0.08365141167395475 0.08058216174664566 0.20000805611689523 0.7061908519614746 0.7974954204073507 0.8596951770420426 0.8955116230354416 0.980509529615121 1.0073416948035654 1.0250773000104219 1.1206500870731833 1.1669327463514758 1.2960595355527977
60 600 -0.2974535024430256 -0.0790494053662153 0.0744376962352589 0.17983411082710565 0.7061908519614746 0.7974954204073507 0.8596951770420426 0.8955116230354416 0.980509529615121 1.0073416948035654 1.0250773000104219 1.1206500870731833 1.1669327463514758 1.2960595355527977
61 610 -0.2864843551767201 -0.09320270154595542 0.05655401802216886 0.17978923894876303 0.8005331484415429 0.8161754748508585 0.8524064078940827 0.865054274802033 0.9459374759620396 0.9860484066201609 1.0375830893164182 1.1029725108804926 1.1275909755253275 1.3365669030089398
62 620 -0.3072652757632985 -0.08920468657421651 0.048512375377576425 0.16049958493558952 0.8005331484415429 0.8161754748508585 0.8524064078940827 0.865054274802033 0.9459374759620396 0.9860484066201609 1.0375830893164182 1.1029725108804926 1.1275909755253275 1.3365669030089398
63 630 -0.30994460649789446 -0.08056977535783116 0.06244355164641627 0.15487773077460967 0.8005331484415429 0.8161754748508585 0.8524064078940827 0.865054274802033 0.9459374759620396 0.9860484066201609 1.0375830893164182 1.1029725108804926 1.1275909755253275 1.3365669030089398
64 640 -0.31391324263949727 -0.08848038598624139 0.05837242028034158 0.15159700645794458 0.8005331484415429 0.8161754748508585 0.8524064078940827 0.865054274802033 0.9459374759620396 0.9860484066201609 1.0375830893164182 1.1029725108804926 1.1275909755253275 1.3365669030089398
65 650 -0.3315643146532648 -0.11150439802648421 0.07113020549152047 0.16275155898477014 0.8005331484415429 0.8161754748508585 0.8524064078940827 0.865054274802033 0.9459374759620396 0.9860484066201609 1.0375830893164182 1.1029725108804926 1.1275909755253275 1.3365669030089398
66 660 -0.31842394644932515 -0.12487623568632761 0.07203251886418799 0.17020928855599582 0.8005331484415429 0.8161754748508585 0.8524064078940827 0.865054274802033 0.9459374759620396 0.9860484066201609 1.0375830893164182 1.1029725108804926 1.1275909755253275 1.3365669030089398
67 670 -0.30696713553261457 -0.13213822476557313 0.0656989747196467 0.180380052255176 0.8005331484415429 0.8161754748508585 0.8524064078940827 0.865054274802033 0.9459374759620396 0.9860484066201609 1.0375830893164182 1.1029725108804926 1.1275909755253275 1.3365669030089398
68 680 -0.27158909879419013 -0.13107424617426824 0.04692923548631255 0.19825532952695984 0.8005331484415429 0.8161754748508585 0.8524064078940827 0.865054274802033 0.9459374759620396 0.9860484066201609 1.0375830893164182 1.1029725108804926 1.1275909755253275 1.3365669030089398
69 690 -0.2626755758837408 -0.12219275848199121 0.04554781626135733 0.2699252392535609 0.8005331484415429 0.8161754748508585 0.8524064078940827 0.865054274802033 0.9459374759620396 0.9860484066201609 1.0375830893164182 1.1029725108804926 1.1275909755253275 1.3365669030089398
70 700 -0.27020790501369396 -0.126867575512725 0.04843506724561156 0.27563382476533876 0.8005331484415429 0.8161754748508585 0.8524064078940827 0.865054274802033 0.9459374759620396 0.9860484066201609 1.0375830893164182 1.1029725108804926 1.1275909755253275 1.3365669030089398
71 710 -0.25298469699417736 -0.11344776681103996 0.05462626880153468 0.3172100509441892 0.7530093110690617 0.7595225399368875 0.8005403030703211 0.88284643602245 0.940801433076872 1.0055029553994443 1.064358722095577 1.1381758111427274 1.1528746056859605 1.3350104230792517
72 720 -0.25490526858743934 -0.10930011482845216 0.06013329768368034 0.3349808411418199 0.7530093110690617 0.7595225399368875 0.8005403030703211 0.88284643602245 0.940801433076872 1.0055029553994443 1.064358722095577 1.1381758111427274 1.1528746056859605 1.3350104230792517
73 730 -0.27246683223895785 -0.11208620479393007 0.046596218794853234 0.34027520293081204 0.7530093110690617 0.7595225399368875 0.8005403030703211 0.88284643602245 0.940801433076872 1.0055029553994443 1.064358722095577 1.1381758111427274 1.1528746056859605 1.3350104230792517
74 740 -0.2578052127392719 -0.12396587095318734 0.03514149935954772 0.327097657015124 0.7530093110690617 0.7595225399368875 0.8005403030703211 0.88284643602245 0.940801433076872 1.0055029553994443 1.064358722095577 1.1381758111427274 1.1528746056859605 1.3350104230792517
75 750 -0.28012141500996685 -0.12411403079472763 0.04382347474842317 0.34309154335549585 0.7530093110690617 0.7595225399368875 0.8005403030703211 0.88284643602245 0.940801433076872 1.0055029553994443 1.064358722095577 1.1381758111427274 1.1528746056859605 1.3350104230792517
76 760 -0.2789140311027961 -0.135682925854757 0.04302387231848995 0.35118331947338477 0.7530093110690617 0.7595225399368875 0.8005403030703211 0.88284643602245 0.940801433076872 1.0055029553994443 1.064358722095577 1.1381758111427274 1.1528746056859605 1.3350104230792517
77 770 -0.29074293404247353 -0.1406757340712634 0.04453321568369416 0.35672890974286353 0.7530093110690617 0.7595225399368875 0.8005403030703211 0.88284643602245 0.940801433076872 1.0055029553994443 1.064358722095577 1.1381758111427274 1.1528746056859605 1.3350104230792517
78 780 -0.2954864615195005 -0.12385114373073969 0.041078188223860834 0.35506309944033515 0.7530093110690617 0.7595225399368875 0.8005403030703211 0.88284643602245 0.940801433076872 1.0055029553994443 1.064358722095577 1.1381758111427274 1.1528746056859605 1.3350104230792517
79 790 -0.2825111883606758 -0.13209932023563958 0.06352898218754134 0.31785156383951724 0.7530093110690617 0.7595225399368875 0.8005403030703211 0.88284643602245 0.940801433076872 1.0055029553994443 1.064358722095577 1.1381758111427274 1.1528746056859605 1.3350104230792517
80 800 -0.30690963526698833 -0.1236385552150808 0.05303728984583232 0.28809298423090474 0.7530093110690617 0.7595225399368875 0.8005403030703211 0.88284643602245 0.940801433076872 1.0055029553994443 1.064358722095577 1.1381758111427274 1.1528746056859605 1.3350104230792517
81 810 -0.29827527319955166 -0.12779095915350602 0.04375662514724968 0.23495483238654988 0.6899503180066323 0.7614905848326294 0.7876507687289932 0.8676241443088832 1.0021557826329017 1.0106072244234912 1.0273164693955796 1.131000209198222 1.2040907489026345 1.326995459982613
82 820 -0.27651040677187405 -0.13126076330952544 0.04773545291389285 0.21971742479065734 0.6899503180066323 0.7614905848326294 0.7876507687289932 0.8676241443088832 1.0021557826329017 1.0106072244234912 1.0273164693955796 1.131000209198222 1.2040907489026345 1.326995459982613
83 830 -0.2745434158116762 -0.12829392358151306 0.03563384624419485 0.2091547473088366 0.6899503180066323 0.7614905848326294 0.7876507687289932 0.8676241443088832 1.0021557826329017 1.0106072244234912 1.0273164693955796 1.131000209198222 1.2040907489026345 1.326995459982613
84 840 -0.27342394489876076 -0.1069410292512622 0.046161561476688595 0.20059759013026077 0.6899503180066323 0.7614905848326294 0.7876507687289932 0.8676241443088832 1.0021557826329017 1.0106072244234912 1.0273164693955796 1.131000209198222 1.2040907489026345 1.326995459982613
85 850 -0.27394591199613455 -0.10072301824194763 0.051054283017169313 0.1933868050093372 0.6899503180066323 0.7614905848326294 0.7876507687289932 0.8676241443088832 1.0021557826329017 1.0106072244234912 1.0273164693955796 1.131000209198222 1.2040907489026345 1.326995459982613
86 860 -0.2735868832843258 -0.11378786360965094 0.05449376645222147 0.20006861800630119 0.6899503180066323 0.7614905848326294 0.7876507687289932 0.8676241443088832 1.0021557826329017 1.0106072244234912 1.0273164693955796 1.131000209198222 1.2040907489026345 1.326995459982613
87 870 -0.3105982037882138 -0.10328249214161074 0.05057533091272238 0.1931856437875392 0.6899503180066323 0.7614905848326294 0.7876507687289932 0.8676241443088832 1.0021557826329017 1.0106072244234912 1.0273164693955796 1.131000209198222 1.2040907489026345 1.326995459982613
88 880 -0.32974413880997067 -0.11067589089666709 0.05039190467951228 0.2325594285206356 0.6899503180066323 0.7614905848326294 0.7876507687289932 0.8676241443088832 1.0021557826329017 1.0106072244234912 1.0273164693955796 1.131000209198222 1.2040907489026345 1.326995459982613
89 890 -0.33537926958218955 -0.10268129301563186 0.05788287011705454 0.22405160665009705 0.6899503180066323 0.7614905848326294 0.7876507687289932 0.8676241443088832 1.0021557826329017 1.0106072244234912 1.0273164693955796 1.131000209198222 1.2040907489026345 1.326995459982613
90 900 -0.3676404795236279 -0.11117751692931895 0.05890765862081401 0.22308308231978602 0.6899503180066323 0.7614905848326294 0.7876507687289932 0.8676241443088832 1.0021557826329017 1.0106072244234912 1.0273164693955796 1.131000209198222 1.2040907489026345 1.326995459982613
91 910 -0.34782039192740244 -0.11403199070468174 0.05370744254516407 0.227749955109652 0.7009775500360225 0.7544078934662858 0.8075625710432118 0.8355620519051008 0.9518781911353728 1.021719957970447 1.0980695886746301 1.1443308586619236 1.2318570788431709 1.2674669203806284
92 920 -0.3328159114277779 -0.11209626204801411 0.06792164082319516 0.23176137966832122 0.7009775500360225 0.7544078934662858 0.8075625710432118 0.8355620519051008 0.9518781911353728 1.021719957970447 1.0980695886746301 1.1443308586619236 1.2318570788431709 1.2674669203806284
93 930 -0.3558271608735974 -0.13502984449712424 0.07256571575270056 0.21209049615562825 0.7009775500360225 0.7544078934662858 0.8075625710432118 0.8355620519051008 0.9518781911353728 1.021719957970447 1.0980695886746301 1.1443308586619236 1.2318570788431709 1.2674669203806284
94 940 -0.3565384921878301 -0.13013947943909587 0.0719080543640419 0.22044857444100072 0.7009775500360225 0.7544078934662858 0.8075625710432118 0.8355620519051008 0.9518781911353728 1.021719957970447 1.0980695886746301 1.1443308586619236 1.2318570788431709 1.2674669203806284
95 950 -0.38256319740807027 -0.13980979147861472 0.07745078770698416 0.21818116655329303 0.7009775500360225 0.7544078934662858 0.8075625710432118 0.8355620519051008 0.9518781911353728 1.021719957970447 1.0980695886746301 1.1443308586619236 1.2318570788431709 1.2674669203806284
96 960 -0.36379638815614124 -0.11605399400756483 0.06329711024022859 0.2032895203216981 0.7009775500360225 0.7544078934662858 0.8075625710432118 0.8355620519051008 0.9518781911353728 1.021719957970447 1.0980695886746301 1.1443308586619236 1.2318570788431709 1.2674669203806284
97 970 -0.3002550174332891 -0.10024339558961715 0.07086406074770259 0.20355789638692884 0.7009775500360225 0.7544078934662858 0.8075625710432118 0.8355620519051008 0.9518781911353728 1.021719957970447 1.0980695886746301 1.1443308586619236 1.2318570788431709 1.2674669203806284
98 980 -0.3051153401325788 -0.10474892202151664 0.07097293449412594 0.24813856026189646 0.7009775500360225 0.7544078934662858 0.8075625710432118 0.8355620519051008 0.9518781911353728 1.021719957970447 1.0980695886746301 1.1443308586619236 1.2318570788431709 1.2674669203806284
99 990 -0.3108429563485906 -0.10988319167286015 0.05677754232386743 0.27134187302679436 0.7009775500360225 0.7544078934662858 0.8075625710432118 0.8355620519051008 0.9518781911353728 1.021719957970447 1.0980695886746301 1.1443308586619236 1.2318570788431709 1.2674669203806284
100 1000 -0.31587825034629746 -0.11236172769965098 0.05569174246226252 0.2750622295335078 0.7009775500360225 0.7544078934662858 0.8075625710432118 0.8355620519051008 0.9518781911353728 1.021719957970447 1.0980695886746301 1.1443308586619236 1.2318570788431709 1.2674669203806284
101 1010 -0.33042969647448645 -0.11138493536651015 0.058915206446903935 0.23509199324676913 0.6712396992711541 0.7665458846113677 0.836605826199606 0.8812066995615861 0.9576505002269738 1.0154659953644207 1.042884457851143 1.1415066771970783 1.2073322201900476 1.2995567984416656
102 1020 -0.32371941853879216 -0.10697295879056393 0.05591897805704756 0.24949170431770426 0.6712396992711541 0.7665458846113677 0.836605826199606 0.8812066995615861 0.9576505002269738 1.0154659953644207 1.042884457851143 1.1415066771970783 1.2073322201900476 1.2995567984416656
103 1030 -0.341995252457514 -0.13033101124200594 0.05795233405302708 0.22292868784142328 0.6712396992711541 0.7665458846113677 0.836605826199606 0.8812066995615861 0.9576505002269738 1.0154659953644207 1.042884457851143 1.1415066771970783 1.2073322201900476 1.2995567984416656
104 1040 -0.3255265709397679 -0.1067953305635421 0.057278006102693804 0.2532817536195584 0.6712396992711541 0.7665458846113677 0.836605826199606 0.8812066995615861 0.9576505002269738 1.0154659953644207 1.042884457851143 1.1415066771970783 1.2073322201900476 1.2995567984416656
105 1050 -0.35220811691511683 -0.10961452400942531 0.05400759879300833 0.25084976373122964 0.6712396992711541 0.7665458846113677 0.836605826199606 0.8812066995615861 0.9576505002269738 1.0154659953644207 1.042884457851143 1.1415066771970783 1.2073322201900476 1.2995567984416656
106 1060 -0.3741870615795606 -0.14521674926668326 0.04959386810623252 0.2514944899558812 0.6712396992711541 0.7665458846113677 0.836605826199606 0.8812066995615861 0.9576505002269738 1.0154659953644207 1.042884457851143 1.1415066771970783 1.2073322201900476 1.2995567984416656
107 1070 -0.33785128653958374 -0.137268750312739 0.06013023120276103 0.24152021952462438 0.6712396992711541 0.7665458846113677 0.836605826199606 0.8812066995615861 0.9576505002269738 1.0154659953644207 1.042884457851143 1.1415066771970783 1.2073322201900476 1.2995567984416656
108 1080 -0.3580629756864205 -0.14727320485353781 0.06301165999399903 0.22218996079847333 0.6712396992711541 0.7665458846113677 0.836605826199606 0.8812066995615861 0.9576505002269738 1.0154659953644207 1.042884457851143 1.1415066771970783 1.2073322201900476 1.2995567984416656
109 1090 -0.35558305098984444 -0.13668859331381117 0.06003958613919603 0.21441364434212637 0.6712396992711541 0.7665458846113677 0.836605826199606 0.8812066995615861 0.9576505002269738 1.0154659953644207 1.042884457851143 1.1415066771970783 1.2073322201900476 1.2995567984416656
110 1100 -0.3234482895644356 -0.15450290864119592 0.06551134484252416 0.2342658418492274 0.6712396992711541 0.7665458846113677 0.836605826199606 0.8812066995615861 0.9576505002269738 1.0154659953644207 1.042884457851143 1.1415066771970783 1.2073322201900476 1.2995567984416656
111 1110 -0.31064214542105145 -0.13995090362433227 0.06964037148412608 0.265208770272722 0.6005503312506028 0.7272915652641327 0.823885257793782 0.9038854265569439 0.9571861168170193 0.9967821741668319 1.0524673328762189 1.1818063373977705 1.245556286907286 1.2841520010010903
112 1120 -0.30918484461737183 -0.1414706515836739 0.08212704143455683 0.275375843720118 0.6005503312506028 0.7272915652641327 0.823885257793782 0.9038854265569439 0.9571861168170193 0.9967821741668319 1.0524673328762189 1.1818063373977705 1.245556286907286 1.2841520010010903
113 1130 -0.32105264875750417 -0.14525425373303427 0.08726822863302658 0.3100102409216054 0.6005503312506028 0.7272915652641327 0.823885257793782 0.9038854265569439 0.9571861168170193 0.9967821741668319 1.0524673328762189 1.1818063373977705 1.245556286907286 1.2841520010010903
114 1140 -0.324944411725268 -0.14344700670569477 0.09995487707559572 0.3088574653581116 0.6005503312506028 0.7272915652641327 0.823885257793782 0.9038854265569439 0.9571861168170193 0.9967821741668319 1.0524673328762189 1.1818063373977705 1.245556286907286 1.2841520010010903
115 1150 -0.3436427065271988 -0.13007022337711643 0.08405164120204929 0.29300161465019164 0.6005503312506028 0.7272915652641327 0.823885257793782 0.9038854265569439 0.9571861168170193 0.9967821741668319 1.0524673328762189 1.1818063373977705 1.245556286907286 1.2841520010010903
116 1160 -0.3481996206749101 -0.1451765069743084 0.07618790381042281 0.3112544956672165 0.6005503312506028 0.7272915652641327 0.823885257793782 0.9038854265569439 0.9571861168170193 0.9967821741668319 1.0524673328762189 1.1818063373977705 1.245556286907286 1.2841520010010903
117 1170 -0.35059001881112034 -0.15313531065751082 0.06129473375155398 0.32519583588833434 0.6005503312506028 0.7272915652641327 0.823885257793782 0.9038854265569439 0.9571861168170193 0.9967821741668319 1.0524673328762189 1.1818063373977705 1.245556286907286 1.2841520010010903
118 1180 -0.39541334055528565 -0.1614212279761879 0.059154112188115504 0.318442363462586 0.6005503312506028 0.7272915652641327 0.823885257793782 0.9038854265569439 0.9571861168170193 0.9967821741668319 1.0524673328762189 1.1818063373977705 1.245556286907286 1.2841520010010903
119 1190 -0.3862301957561519 -0.15324730120221303 0.06205596175567968 0.33639272614262355 0.6005503312506028 0.7272915652641327 0.823885257793782 0.9038854265569439 0.9571861168170193 0.9967821741668319 1.0524673328762189 1.1818063373977705 1.245556286907286 1.2841520010010903
120 1200 -0.3926179307017179 -0.13161794725086043 0.052156481317955146 0.31067790349632984 0.6005503312506028 0.7272915652641327 0.823885257793782 0.9038854265569439 0.9571861168170193 0.9967821741668319 1.0524673328762189 1.1818063373977705 1.245556286907286 1.2841520010010903
121 1210 -0.41520724618450616 -0.1327653939709963 0.04182511411505058 0.30785908165154047 0.5578380226141623 0.7429585006863177 0.7751033641590358 0.8295861514296866 0.9589102445549893 1.002373478584968 1.0421742303929769 1.2073597484252288 1.2523127176403903 1.3458966230545955
122 1220 -0.4072885195380321 -0.1311455751266187 0.046375746381272676 0.27702438888710185 0.5578380226141623 0.7429585006863177 0.7751033641590358 0.8295861514296866 0.9589102445549893 1.002373478584968 1.0421742303929769 1.2073597484252288 1.2523127176403903 1.3458966230545955
123 1230 -0.4220348204263743 -0.1459865563928486 0.054834694554925234 0.27351938249869306 0.5578380226141623 0.7429585006863177 0.7751033641590358 0.8295861514296866 0.9589102445549893 1.002373478584968 1.0421742303929769 1.2073597484252288 1.2523127176403903 1.3458966230545955
124 1240 -0.42766626222596926 -0.1329641615719749 0.04147549154171866 0.2564511230789798 0.5578380226141623 0.7429585006863177 0.7751033641590358 0.8295861514296866 0.9589102445549893 1.002373478584968 1.0421742303929769 1.2073597484252288 1.2523127176403903 1.3458966230545955
125 1250 -0.44310546887924246 -0.1538025663459534 0.03612600558908458 0.26035482479650357 0.5578380226141623 0.7429585006863177 0.7751033641590358 0.8295861514296866 0.9589102445549893 1.002373478584968 1.0421742303929769 1.2073597484252288 1.2523127176403903 1.3458966230545955
126 1260 -0.4649587097132197 -0.14603056027557496 0.04309421101341053 0.23441747970240048 0.5578380226141623 0.7429585006863177 0.7751033641590358 0.8295861514296866 0.9589102445549893 1.002373478584968 1.0421742303929769 1.2073597484252288 1.2523127176403903 1.3458966230545955
127 1270 -0.43943103213289164 -0.13854547230178227 0.050727502233012915 0.2304279042778753 0.5578380226141623 0.7429585006863177 0.7751033641590358 0.8295861514296866 0.9589102445549893 1.002373478584968 1.0421742303929769 1.2073597484252288 1.2523127176403903 1.3458966230545955
128 1280 -0.4234030004241397 -0.15173975114103472 0.07433488495620055 0.23304448514057202 0.5578380226141623 0.7429585006863177 0.7751033641590358 0.8295861514296866 0.9589102445549893 1.002373478584968 1.0421742303929769 1.2073597484252288 1.2523127176403903 1.3458966230545955
129 1290 -0.41009733121452646 -0.15373254968669137 0.06865616497650917 0.2662808899431297 0.5578380226141623 0.7429585006863177 0.7751033641590358 0.8295861514296866 0.9589102445549893 1.002373478584968 1.0421742303929769 1.2073597484252288 1.2523127176403903 1.3458966230545955
130 1300 -0.42614952492311714 -0.15948275041821902 0.07045359238152843 0.283302175151098 0.5578380226141623 0.7429585006863177 0.7751033641590358 0.8295861514296866 0.9589102445549893 1.002373478584968 1.0421742303929769 1.2073597484252288 1.2523127176403903 1.3458966230545955
131 1310 -0.44873025211504225 -0.17131480011914438 0.0696736687020583 0.28027695960580584 0.6509734936068607 0.6889994448962056 0.7582318644084484 0.8323697044933748 0.922605818856294 0.9567111438921027 1.041493367209651 1.188262435758564 1.2885073140362677 1.3821481585036175
132 1320 -0.44394764731660746 -0.15944986304070077 0.0630961600418452 0.2859287626870173 0.6509734936068607 0.6889994448962056 0.7582318644084484 0.8323697044933748 0.922605818856294 0.9567111438921027 1.041493367209651 1.188262435758564 1.2885073140362677 1.3821481585036175
133 1330 -0.4452347853037638 -0.16134311228522283 0.07127297912165112 0.30281213822250497 0.6509734936068607 0.6889994448962056 0.7582318644084484 0.8323697044933748 0.922605818856294 0.9567111438921027 1.041493367209651 1.188262435758564 1.2885073140362677 1.3821481585036175
134 1340 -0.41157392488071015 -0.17049135723823036 0.06383655070498881 0.31290597031655343 0.6509734936068607 0.6889994448962056 0.7582318644084484 0.8323697044933748 0.922605818856294 0.9567111438921027 1.041493367209651 1.188262435758564 1.2885073140362677 1.3821481585036175
135 1350 -0.4019530884311882 -0.1676218987624916 0.08514819487960054 0.2925770753248588 0.6509734936068607 0.6889994448962056 0.7582318644084484 0.8323697044933748 0.922605818856294 0.9567111438921027 1.041493367209651 1.188262435758564 1.2885073140362677 1.3821481585036175
136 1360 -0.40986468508005264 -0.17400500219153514 0.09477972015165359 0.28602382782092667 0.6509734936068607 0.6889994448962056 0.7582318644084484 0.8323697044933748 0.922605818856294 0.9567111438921027 1.041493367209651 1.188262435758564 1.2885073140362677 1.3821481585036175
137 1370 -0.38125384618345 -0.15084615840292517 0.07924916372199595 0.2921505675131115 0.6509734936068607 0.6889994448962056 0.7582318644084484 0.8323697044933748 0.922605818856294 0.9567111438921027 1.041493367209651 1.188262435758564 1.2885073140362677 1.3821481585036175
138 1380 -0.3636789999184979 -0.14012649824388174 0.08144257573677745 0.27341077086953053 0.6509734936068607 0.6889994448962056 0.7582318644084484 0.8323697044933748 0.922605818856294 0.9567111438921027 1.041493367209651 1.188262435758564 1.2885073140362677 1.3821481585036175
139 1390 -0.35885054738518085 -0.12802777914628605 0.07715407836808139 0.27627945811218346 0.6509734936068607 0.6889994448962056 0.7582318644084484 0.8323697044933748 0.922605818856294 0.9567111438921027 1.041493367209651 1.188262435758564 1.2885073140362677 1.3821481585036175
140 1400 -0.3874092558163377 -0.1683973020275643 0.07383033396154413 0.24125528568919857 0.6509734936068607 0.6889994448962056 0.7582318644084484 0.8323697044933748 0.922605818856294 0.9567111438921027 1.041493367209651 1.188262435758564 1.2885073140362677 1.3821481585036175
141 1410 -0.3762826488739572 -0.17826430381551878 0.06968697868548476 0.2512359993501013 0.633546192975384 0.6845352317293041 0.7793730600781935 0.8045030176990889 0.9298534194079849 0.9759806426279267 1.0692516314630918 1.1874497531761512 1.2504613832880618 1.3932795952201031
142 1420 -0.3678137206515655 -0.17274993079885992 0.05947591629634493 0.24316923620170844 0.633546192975384 0.6845352317293041 0.7793730600781935 0.8045030176990889 0.9298534194079849 0.9759806426279267 1.0692516314630918 1.1874497531761512 1.2504613832880618 1.3932795952201031
143 1430 -0.38281992762264927 -0.1780263108535717 0.06871882339825315 0.23551241665639572 0.633546192975384 0.6845352317293041 0.7793730600781935 0.8045030176990889 0.9298534194079849 0.9759806426279267 1.0692516314630918 1.1874497531761512 1.2504613832880618 1.3932795952201031
144 1440 -0.43953370197386943 -0.17647824012891244 0.05633432940915783 0.22041588321777583 0.633546192975384 0.6845352317293041 0.7793730600781935 0.8045030176990889 0.9298534194079849 0.9759806426279267 1.0692516314630918 1.1874497531761512 1.2504613832880618 1.3932795952201031
145 1450 -0.43836742802417766 -0.1586832130660085 0.06277343337935849 0.1933431210580143 0.633546192975384 0.6845352317293041 0.7793730600781935 0.8045030176990889 0.9298534194079849 0.9759806426279267 1.0692516314630918 1.1874497531761512 1.2504613832880618 1.3932795952201031
