% # columns="iteration, evaluation, sigma, axis ratio, bestever, best, median, worst objective function value, further objective values of best", seed=812981, Mon Mar  9 17:26:09 2020, <python>{}</python>
1 10 0.19242042819501748 1.0000450010125153 0.024754123694367334 2.4754123694367334e-02 0.09403092613557067 0.22374918756540768   
2 20 0.17900661745623003 1.210048222372334 0.024754123694367334 2.6849044526959687e-02 0.05274108657859593 0.06624735529899504   
3 30 0.1763578860705356 1.2577731994130086 0.01680165468815325 1.6801654688153249e-02 0.06288295410539393 0.08152126450451111   
4 40 0.1565849261468851 1.3608799250434447 0.012191940720087167 1.2191940720087167e-02 0.06316006707804936 0.12034755069729448   
5 50 0.15532177727413884 1.3351018711832898 0.0060095475456188995 6.0095475456188995e-03 0.02626063193850988 0.07696768948632425   
6 60 0.14661707997424767 1.4120258633024745 0.00317994125843331 3.1799412584333098e-03 0.025312235589002762 0.04212711462211915   
7 70 0.139543846825853 1.441604633871621 0.00317994125843331 5.2446083867842309e-03 0.024841887254978764 0.039042473623564666   
8 80 0.13558539053992752 1.4691324053613488 0.002201634132422761 2.2016341324227612e-03 0.016280370079289126 0.03754490162287912   
9 90 0.12565325129965385 1.4633901227628332 0.0015716851008711341 1.5716851008711341e-03 0.01966876051948764 0.03639689460873545   
10 100 0.11976640714765041 1.5148777008830865 -0.00019692891561425173 -1.9692891561425173e-04 0.015996320574394148 0.027964503789133063   
11 110 0.11071684750939295 1.5409051767798203 -0.00036438172439985157 -3.6438172439985157e-04 0.0040950624628338025 0.015682235142643393   
12 120 0.1044121091186225 1.586515402810429 -0.0009503425803558231 -9.5034258035582315e-04 -0.00018440141443501517 0.014185424443267917   
13 130 0.1022573809197735 1.5879340234349295 -0.0012458316025780493 -1.2458316025780493e-03 -0.00015492367551063696 0.008060012095604918   
14 140 0.09891056868987534 1.6684265784066283 -0.0017968864699053836 -1.7968864699053836e-03 -0.0012445200866233533 -0.0003338859214576599   
15 150 0.089936717603873 1.7097666348659033 -0.0022720240243633825 -2.2720240243633825e-03 -0.0014670818230659783 -0.0003511803172425064   
16 160 0.087173803862823 1.7226097172375614 -0.0022720240243633825 -1.9882590380488996e-03 -0.0013508812921934567 -0.0002110532962039837   
17 170 0.08150324045757619 1.7069565582699708 -0.002514075949978207 -2.5140759499782069e-03 -0.0016228127992755762 -0.000251325444844254   
18 180 0.08210929608474757 1.7410080231710874 -0.002514075949978207 -2.3572725644018270e-03 -0.0011786719636846278 -0.0004514664167376383   
19 190 0.08403882855878667 1.7426830969464995 -0.002514075949978207 -2.3566061055595722e-03 -0.0017212131774954468 0.004246335118316883   
20 200 0.08474240181092575 1.6683018559308609 -0.002514075949978207 -2.4643488325495669e-03 -0.0020096434873721 -2.54000013896349e-08   
21 210 0.0824889933891531 1.6642449826900756 -0.0028197952949617737 -2.8197952949617737e-03 -0.001542793393421576 0.005258303692054366   
22 220 0.08173396690539449 1.7556535436829754 -0.003663067668897422 -3.6630676688974221e-03 -0.0031783600379645264 -0.0012034024007741618   
23 230 0.08068591248577377 1.8182288246590523 -0.005155987291556417 -5.1559872915564169e-03 -0.004198407184113859 -0.002791992553013047   
24 240 0.07713403980902976 1.817245997362502 -0.005155987291556417 -3.9157321790647135e-03 -0.003461475928191144 -0.0018640054597753757   
25 250 0.08224674112873401 1.8177464716910765 -0.005155987291556417 -5.1254074772185236e-03 -0.004080799566170885 -0.0030024078967009118   
26 260 0.08269401753263536 1.8236836380300971 -0.00552693158355854 -5.5269315835585397e-03 -0.003808459790908822 0.008035353399235647   
27 270 0.07992891813173618 1.815486620605998 -0.00552693158355854 -5.4592571458267026e-03 -0.0050112819152251424 -0.0038493047208927014   
28 280 0.08227168474179691 1.7675519214168751 -0.005585340879543096 -5.5853408795430957e-03 -0.005251377213963338 -0.0037342669314425567   
29 290 0.07694348259236018 1.780119462875124 -0.005585340879543096 -5.5031052060189670e-03 -0.004671084603918199 -0.002408711800994458   
30 300 0.06980543030321208 1.8631504613912284 -0.005585340879543096 -4.1473506391904872e-03 -0.0036887712006402015 -0.002632330636001239   
31 310 0.06417683363550754 1.8975664088370527 -0.005585340879543096 -4.8854193078938304e-03 -0.004323537589024593 -0.0037492969209300497   
32 320 0.06437078307342886 1.8562044986091304 -0.005585340879543096 -4.3120790587735849e-03 -0.0037981222805627715 -0.0033021678045436634   
33 330 0.060530414459623906 1.8538179213231656 -0.005585340879543096 -4.5799269416870840e-03 -0.004150016216117196 -0.003669399164127702   
34 340 0.05709596743651674 1.834852974271018 -0.005585340879543096 -4.8063703697630534e-03 -0.004144615682282172 -0.0037664981113300195   
35 350 0.053846487704671306 1.8271543613974306 -0.005585340879543096 -4.9022852642730350e-03 -0.004602297173213651 -0.004290207033726198   
36 360 0.056051373176198634 1.7972048333860662 -0.005585340879543096 -4.8710354837370462e-03 -0.004556725086048194 -0.004134997455458123   
37 370 0.0583938843658664 1.7681364995636975 -0.005585340879543096 -4.7852930316816334e-03 -0.004330875813118814 -0.003507729435578203   
38 380 0.05691573940953285 1.8387850501544125 -0.005585340879543096 -4.9142220747923921e-03 -0.004708476363286262 -0.004289256253376932   
39 390 0.0551836723605893 1.8154365026943808 -0.005585340879543096 -5.0276162624261012e-03 -0.004516012914086116 -0.004382789369570239   
40 400 0.05246877820826107 1.8704454449941457 -0.005585340879543096 -4.7484710034956506e-03 -0.004594966032672115 -0.00432253085658539   
41 410 0.049088375890037235 1.8880250147050281 -0.005892224153942587 -5.8922241539425867e-03 -0.00559479328506753 -0.005332152508070692   
42 420 0.049050543723955176 1.887445991929655 -0.005892224153942587 -5.1494007211203225e-03 -0.0047281220847538285 -0.0045374722095623925   
43 430 0.05189425809141419 1.8946307577394936 -0.005892224153942587 -4.9723245774096975e-03 -0.004735193155013357 -0.003911521554186924   
44 440 0.05169915163797469 1.9475055048427248 -0.005892224153942587 -4.8299268821952760e-03 -0.004692039840410508 -0.004506610145303254   
45 450 0.05214637219230643 1.9520867072090073 -0.005892224153942587 -4.5704819248948581e-03 -0.004458472126618984 -0.003970674420702299   
46 460 0.04941379610022627 2.014330158251846 -0.005892224153942587 -5.0331862051117811e-03 -0.004640035156152334 -0.004518668015277068   
47 470 0.04558093241736096 2.041376117186363 -0.005892224153942587 -4.9540342431433418e-03 -0.004831308177090616 -0.004574550809652427   
48 480 0.04212006432434015 2.045742154577711 -0.005892224153942587 -5.1923869284475925e-03 -0.00502630375449639 -0.004761716861211081   
49 490 0.0404020958658584 2.156754039752279 -0.005892224153942587 -5.0137859376694158e-03 -0.004959051902470563 -0.004828320951901379   
50 500 0.038041923117215715 2.272900388687555 -0.005892224153942587 -5.3628245306388067e-03 -0.0051474192461882645 -0.0050563201030437285   
51 510 0.03616968309981966 2.2685781299447383 -0.005892224153942587 -5.1863436109007913e-03 -0.005145355934304996 -0.005114249328441726   
52 520 0.03379983150898604 2.2504826595008773 -0.005892224153942587 -5.5230168421021549e-03 -0.005467165406878835 -0.005277204516293082   
53 530 0.030455519228732665 2.23075334336737 -0.005892224153942587 -5.4049342611827127e-03 -0.005332425593508888 -0.005109655920833858   
54 540 0.028325817839217483 2.291502315590441 -0.005892224153942587 -5.2792634976863663e-03 -0.005194005266095173 -0.005046067106287278   
55 550 0.026920269583135082 2.2742502341790507 -0.005892224153942587 -5.5939001078279841e-03 -0.005533984310005103 -0.005433175854110715   
56 560 0.02559281086467845 2.236390776941335 -0.005892224153942587 -5.6017062396295728e-03 -0.005540830411507059 -0.005451308908124617   
57 570 0.02399560186088014 2.2648477988538316 -0.005892224153942587 -5.7075643856598331e-03 -0.005652482722873627 -0.005584744326523182   
58 580 0.022016161266107795 2.184021872706998 -0.005892224153942587 -5.5581096602146454e-03 -0.005510759768851108 -0.005466666772856574   
59 590 0.0210270905044546 2.2111793203690087 -0.005892224153942587 -5.6662949305169115e-03 -0.0056325704537178965 -0.005555544130317794   
60 600 0.020018577849852354 2.222610490471765 -0.005892224153942587 -5.7034229984375771e-03 -0.005676340807644744 -0.005624485083343188   
61 610 0.01814196630964627 2.2316279145475644 -0.005892224153942587 -5.8234458230548049e-03 -0.005792464153543258 -0.005693070592225979   
62 620 0.01625250261705259 2.3231138841300973 -0.005892224153942587 -5.6839543722389287e-03 -0.005659467525612116 -0.005638316304517388   
63 630 0.014942601797094062 2.2866532130719537 -0.005892224153942587 -5.6998078383492228e-03 -0.005659800778318904 -0.005643344240423207   
64 640 0.015149244953233167 2.2146650492850894 -0.005892224153942587 -5.6229745098946363e-03 -0.005609816298088794 -0.005588659380931066   
65 650 0.014484982187232587 2.229461017396446 -0.005892224153942587 -5.8265569782397445e-03 -0.005810640227908098 -0.00579565732165496   
66 660 0.0146832026746886 2.215653908856892 -0.005892224153942587 -5.8427047186713410e-03 -0.005829470946199329 -0.005805867696831098   
67 670 0.014265806755359748 2.1785733330140467 -0.005948782265240117 -5.9487822652401169e-03 -0.005919120032762573 -0.005898921990905401   
68 680 0.013127809223650325 2.158753798979517 -0.005948782265240117 -5.8126022567507197e-03 -0.005796587495729959 -0.005784957008015321   
69 690 0.012484870244971667 2.21982745734774 -0.005948782265240117 -5.6172132460603355e-03 -0.0056081540161820815 -0.005600510561248446   
70 700 0.011451028265116906 2.2458255492044095 -0.005948782265240117 -5.7084669708190403e-03 -0.005700840762334865 -0.005666203223686534   
71 710 0.010673025351587782 2.199923202598952 -0.005948782265240117 -5.7472683311158741e-03 -0.005736057896750759 -0.005731265952288267   
72 720 0.009860600488445753 2.170695930879226 -0.005948782265240117 -5.7371986270033258e-03 -0.005734078604760372 -0.005721427307592669   
73 730 0.008776671325040022 2.2304199587127274 -0.005948782265240117 -5.7974148019461751e-03 -0.0057888803751048115 -0.005779337153534428   
74 740 0.008802885169092252 2.2682557959672183 -0.005948782265240117 -5.7629271591408977e-03 -0.005755138782725955 -0.005750008169186867   
75 750 0.008295052113441352 2.268018730875894 -0.005948782265240117 -5.7943193870152862e-03 -0.005788507944512641 -0.0057823340414783625   
76 760 0.008729082845037482 2.174371502446782 -0.005948782265240117 -5.8284418702643495e-03 -0.005823391609307134 -0.005821196124856601   
77 770 0.008412436624014348 2.036514157451035 -0.005948782265240117 -5.7513291827492137e-03 -0.005745576867609105 -0.005743642283584374   
78 780 0.008317934517673877 2.110510900221888 -0.005948782265240117 -5.7741961841601634e-03 -0.005770522806715056 -0.005760187422603846   
79 790 0.007918205050961238 2.129684018832564 -0.005948782265240117 -5.7549892031792471e-03 -0.005751635783204812 -0.0057498173558531976   
80 800 0.007430385110822289 2.104022454605591 -0.005948782265240117 -5.7592662302595760e-03 -0.005756272651461506 -0.005754575748730266   
81 810 0.00692282645216089 2.1438750163892015 -0.005948782265240117 -5.7917835349795485e-03 -0.005789058812922163 -0.00578482657705647   
82 820 0.006637521730021066 2.23656186382403 -0.005948782265240117 -5.8136392225829258e-03 -0.005812352317063644 -0.005809748341870839   
83 830 0.005689129125181029 2.2378594473398667 -0.005948782265240117 -5.8106476494243610e-03 -0.00580764216737291 -0.005801840013015711   
84 840 0.0053834959876188125 2.259315684855055 -0.005948782265240117 -5.8334314239653628e-03 -0.005831099242571447 -0.005828119610137714   
85 850 0.005187105857156793 2.3381218622626774 -0.005948782265240117 -5.8429907832790035e-03 -0.0058395608794298455 -0.005838555236058738   
86 860 0.004959922204348149 2.339065858921779 -0.005948782265240117 -5.8684934315196774e-03 -0.005866729551375119 -0.005865893129496881   
87 870 0.004625544807797974 2.2650587987153066 -0.005948782265240117 -5.8661639598222379e-03 -0.005864923207439145 -0.005863459145066333   
88 880 0.004431534469740497 2.2029198524642406 -0.005948782265240117 -5.8981550373762535e-03 -0.005896491615440676 -0.005894135013702977   
89 890 0.004343314135833099 2.2219033003726523 -0.005948782265240117 -5.9419548901719207e-03 -0.005941406919123009 -0.005939765359276433   
90 900 0.004022737343950363 2.2084983468876915 -0.006006369149688177 -6.0063691496881769e-03 -0.006005073721458969 -0.006002770214739748   
91 910 0.003968302945363974 2.186054828355491 -0.006021785593326824 -6.0217855933268243e-03 -0.006020811302295064 -0.006019207835543745   
92 920 0.003971377569953549 2.1174301697635656 -0.006021785593326824 -6.0055634454028077e-03 -0.006005096572597606 -0.006003945660159139   
93 930 0.003996904686080427 2.0818564833866833 -0.006039468617387579 -6.0394686173875787e-03 -0.006038303194410715 -0.00603641170705561   
94 940 0.004047233817967783 2.052236062938647 -0.006039468617387579 -6.0151846420658153e-03 -0.006014448880393579 -0.00601287427564567   
95 950 0.00427857614348148 2.104186814118887 -0.006039468617387579 -6.0310079584847652e-03 -0.006029837175793557 -0.006028252031223753   
96 960 0.004229561662914742 2.1866591605449854 -0.006039468617387579 -6.0240412363274844e-03 -0.006023097046977529 -0.006021949977396548   
97 970 0.00420893785845607 2.12857058085893 -0.006039468617387579 -6.0389984663089822e-03 -0.0060385525659995025 -0.006036945007947074   
98 980 0.004191119147716859 2.1159893438400887 -0.006039468617387579 -6.0284669102213025e-03 -0.006027527079901386 -0.006026658013045897   
99 990 0.004042422421110649 2.1177013319949842 -0.0060443869959086426 -6.0443869959086426e-03 -0.006043468599372169 -0.006041736165074757   
100 1000 0.0040401242461364836 2.1500773069269115 -0.0060443869959086426 -6.0005506539400396e-03 -0.006000010435992953 -0.005999091661101011   
101 1010 0.0039852974003932035 2.2212912982522375 -0.0060456454016918956 -6.0456454016918956e-03 -0.006044723228816916 -0.006044059091470385   
102 1020 0.00413033300843797 2.186143403282232 -0.006058748657610416 -6.0587486576104159e-03 -0.006058090796107301 -0.006057343466687933   
103 1030 0.004073399974941827 2.1599868112679976 -0.006058748657610416 -6.0371189632878889e-03 -0.006036739512842613 -0.006035760153147822   
104 1040 0.003953788796716348 2.170814164943998 -0.006058748657610416 -6.0489539977126089e-03 -0.006048187934001789 -0.006047065892133289   
