% # columns="iteration, evaluation, sigma, void, void,  stds==sigma*sqrt(diag(C))", seed=874194, Mon Mar  9 13:20:35 2020, <python>{}</python>
1 10 0.18191093739045086 0 0 0.17761239521849687 0.18295032303964698 0.1797066438006673 0.18192957241379987 0.17516012747007462 0.18533139401991033 0.18054459061059613 0.1830819755269141 0.17947980834770025 0.18082638039867127
2 20 0.190462448750783 0 0 0.18751139435320172 0.1942962938209558 0.1869488944056587 0.18852255208451546 0.18728548113858937 0.1982920450559201 0.18915573888591122 0.18957758419734308 0.1856604020658507 0.18841930488058461
3 30 0.21375122268374946 0 0 0.21323799081707984 0.22716932618069974 0.20831011664998406 0.21563089352270504 0.20815726075528446 0.22218915951298754 0.21139270300040594 0.21395521822694155 0.21634835544281097 0.210376510680275
4 40 0.24838788061829706 0 0 0.24824064683071606 0.2674674983391329 0.24219375677143304 0.25101156035325334 0.23390336113933147 0.2565719570105521 0.24874750126040523 0.2509272176700887 0.26268192771225735 0.24351502639484576
5 50 0.3050581439897515 0 0 0.3033092127328118 0.3361813164680364 0.2966683044288879 0.2988689682023755 0.2888270531359989 0.31357957513419266 0.304630287912305 0.3171058253823308 0.3264997997543815 0.3028737517037155
6 60 0.3848510931081144 0 0 0.38665489118743074 0.416992096957239 0.3669677644082362 0.38219710604137974 0.36395217451075584 0.39903067767034955 0.39154368229576686 0.40386045988264135 0.4119382888761135 0.3770565357944401
7 70 0.5072173592717641 0 0 0.49517417080134707 0.5545267112926298 0.4873551298864411 0.5025516835174781 0.4797881777651309 0.5253927778343885 0.5226898166561028 0.5238636986273659 0.5310208421784772 0.5050862252080242
8 80 0.5678915674963946 0 0 0.5429610116790364 0.6229991469271648 0.5405140195243604 0.5564752058697868 0.5538132886739646 0.5805641703450303 0.5805850022483752 0.5717351465026917 0.5951304260928328 0.5694378075458555
9 90 0.6334412717346058 0 0 0.6108704885867889 0.6861815629027457 0.6217965529363189 0.6268688709603507 0.6258355314268698 0.6409024695921692 0.6304168618132858 0.6357132205817159 0.6622580485320572 0.6335715350718062
10 100 0.6295657389320712 0 0 0.6055917288226862 0.670914178368165 0.6163266774968907 0.6247790441418605 0.6078294174590005 0.6238556579098393 0.616967078590655 0.6146324908408413 0.6509966707086801 0.6314971626745268
11 110 0.6358676998839127 0 0 0.6085407727803285 0.6586058852218655 0.6186532649778286 0.6069575802197733 0.632087574492844 0.6209557695150156 0.6143438280107808 0.6352873628240548 0.6525807591827091 0.6330822739963214
12 120 0.5945072541366517 0 0 0.5592200367653198 0.6001678473035668 0.5678188350066179 0.5591064742722778 0.5904470795805673 0.567030936500142 0.5700382775199623 0.5942102139368717 0.602272065184927 0.5814191022154045
13 130 0.5708628397641075 0 0 0.5449689011131067 0.568418106993622 0.5493092814443374 0.5307114808152684 0.5584725073142941 0.5384673006180365 0.5429581504022712 0.5573523557563981 0.5731102471542144 0.5585429009735076
14 140 0.5291120796563769 0 0 0.5038907308863129 0.5162890876910218 0.5091822119495788 0.48203974034552377 0.5187663517126185 0.5004897243243617 0.5027726866326895 0.5058405740473395 0.5238069820281506 0.5122150817251365
15 150 0.5351115501160197 0 0 0.5057547049058029 0.5127761475666196 0.513140250798294 0.4726588979718198 0.5470293877270477 0.5086295258843856 0.5060738072205331 0.5024523061836085 0.5314826383101152 0.5238108039726851
16 160 0.5078390020534572 0 0 0.4744412404645721 0.4875423193529512 0.4687620382137018 0.4468498676381075 0.5312128960505229 0.4656391280720611 0.4837713314559762 0.47796170277456895 0.5015104698735358 0.4855970481464593
17 170 0.4874603823460972 0 0 0.44735456904215964 0.4595700273521124 0.4449307911200454 0.4238270289340675 0.5023112152389418 0.4507258996997036 0.4495839126660722 0.45689747204758524 0.48204670850662035 0.46963999171378346
18 180 0.4429050380334425 0 0 0.40377338766624604 0.4086823036884729 0.4043825030853264 0.3871308042653398 0.45220406846771394 0.4071102695205809 0.40607766617251284 0.4124370100084061 0.4228875955889107 0.4244534696682403
19 190 0.39541747717723225 0 0 0.3536231809368531 0.3644969482516724 0.36024656922507153 0.3444718335508306 0.40122065103850846 0.34467606570077697 0.3553423754273061 0.3702512383095466 0.3659613343046572 0.37730191302174165
20 200 0.3810126809251655 0 0 0.3390793960534524 0.34968815481389787 0.34834847925932005 0.3265798500694081 0.3787920627835722 0.33380681872541523 0.3441106838896314 0.36013268520397373 0.3499420792195689 0.35778895107620773
21 210 0.3505726899476007 0 0 0.30900864123847005 0.3087292613986987 0.32069080476058903 0.29719650562482397 0.33819325505463843 0.30471219190919135 0.3215920092176543 0.3305652004354597 0.32315156668224715 0.3271726248385504
22 220 0.31264422405192505 0 0 0.26918791991739266 0.27247105896783125 0.2859133318743877 0.2586218351954918 0.30607187463521385 0.26971311545683485 0.28326860192062103 0.28422878983193856 0.2830254194022688 0.29004879098505465
23 230 0.29417564847630356 0 0 0.2508457631830558 0.2551171077163924 0.26775618708607374 0.23466485955721703 0.28631072361324483 0.25876151037886125 0.26550228362891526 0.2608083773742836 0.2641177955467229 0.2675253868445503
24 240 0.2556177613661434 0 0 0.21556158108923398 0.21777662053538754 0.2280250961228004 0.20294859744667548 0.2426607777314246 0.22789356229863109 0.22163706431842883 0.22728822426230563 0.23009632665442364 0.22702366579146055
25 250 0.23795798709554886 0 0 0.1970925396496264 0.20242228877099838 0.20608542180470066 0.18850863434385826 0.21388407873571436 0.20952605581931494 0.20510821547871227 0.21029797946899087 0.21526559695123443 0.2112203331267303
26 260 0.2240714871950047 0 0 0.18641509883016294 0.19015520093214502 0.19479456272162127 0.1777967586923009 0.19967219201105788 0.1958688148575553 0.1907495756127536 0.19706231105545294 0.19959290170824934 0.19480402421355708
27 270 0.2107968616974483 0 0 0.17676115819401106 0.1757339389519289 0.18029010629742978 0.1629598154189319 0.19185870141966874 0.18370334033082367 0.17955456399054814 0.18614726790699476 0.18360355243174387 0.17991495452362583
28 280 0.19948728540466032 0 0 0.16538925214223868 0.15982861252764205 0.1749469039628483 0.15553513078365297 0.1768490780533773 0.17366765162060144 0.1717542569019683 0.17460512730865202 0.17333039512802867 0.1718049232443734
29 290 0.18941358476227954 0 0 0.15999461975219845 0.15477307907857166 0.16401068624488022 0.14413358228146192 0.16821188811850182 0.16218915311679769 0.1577184127426014 0.16509995827051582 0.1643029755891703 0.1607966432719664
30 300 0.19032806513913153 0 0 0.16603093063312188 0.15466342702252106 0.16355716696257314 0.14644586497449538 0.16880607762627414 0.15441860819952585 0.1592665912520622 0.16603523876289605 0.16657177252371363 0.16291995913393031
31 310 0.1891784658361421 0 0 0.16927163764941974 0.1517257786368653 0.16172004847338467 0.14650297120232206 0.16315507046245611 0.15239410425205904 0.15873797996151393 0.16588233935311525 0.16597227898580694 0.15667920079308234
32 320 0.1708313055868686 0 0 0.1496900046785415 0.1372273190544334 0.14660936558715304 0.13176070670329013 0.1487511161526509 0.12890049574269602 0.1432565159666404 0.15181549079563117 0.14989987780837102 0.14088037015393612
33 330 0.1547525847260476 0 0 0.1400187673797565 0.12471690441222709 0.13127221807613507 0.11943730883723061 0.12927634412458472 0.11741327169280198 0.1283680111839827 0.1331011801054738 0.13315864163547372 0.12643820332986594
34 340 0.15166855592191034 0 0 0.13448456209283677 0.12125797755327458 0.1273788788524525 0.11723218625415156 0.12833608090573806 0.11339642471336006 0.12624259967453325 0.1295847424759534 0.1305285106261785 0.12154121607221696
35 350 0.13905966680299903 0 0 0.12283472404300147 0.10684965376137007 0.1189440638897921 0.10533471860944477 0.11619064002818098 0.10189980078233812 0.11713045248333075 0.1229550807467972 0.1180242813614928 0.11323243610667659
36 360 0.13303090062305503 0 0 0.11608408378532756 0.10011432993041487 0.11285827633561912 0.0994473746645339 0.10781637240802094 0.09630383722727759 0.10910702879871385 0.1195659012877379 0.11347699096738746 0.10718998554417489
37 370 0.11847559729172294 0 0 0.10336060578732408 0.09069410820160898 0.0990066299230479 0.08745287062867439 0.09463993453231054 0.08351971107262932 0.09706647785362775 0.10688323040951442 0.10032393401966705 0.09264881353274282
38 380 0.10113784790232119 0 0 0.08657925528520365 0.07595362835252614 0.08363807759919777 0.07408264705179662 0.07988337254282596 0.06980231123719836 0.080435436896201 0.08885669708841769 0.08506485713740086 0.07955340359763198
39 390 0.09537551872341359 0 0 0.08255506141242185 0.0709971447981497 0.07915759286094891 0.07017858977163138 0.0732885684343533 0.06458492250062721 0.07428846072687138 0.08480612127132912 0.07707973519533418 0.07529579449695846
40 400 0.08312761223977959 0 0 0.07258177686761257 0.06129278228257474 0.06804055110014705 0.060835269520372784 0.06289204372491058 0.055499511370609295 0.06430424032251274 0.07115124335353212 0.06791771820554054 0.06322860989611746
41 410 0.07387987420852835 0 0 0.06409204932149686 0.05456726386723921 0.0598305646770011 0.05475689847383421 0.055815734886750804 0.04860026309802668 0.05574703460713321 0.06312242142265707 0.059738661425844164 0.05405399128658582
42 420 0.0731688430386954 0 0 0.06271465469321136 0.052916591839431946 0.05932974112740549 0.053554060163093845 0.059305836588440804 0.04760501085238826 0.05306731153806554 0.061833221389408055 0.058844071353726934 0.05265800323324489
43 430 0.07086835867931562 0 0 0.060012056597616416 0.05081599033782253 0.05719290520726367 0.051669470981742176 0.05806407273555697 0.045548524567192966 0.0507758304264853 0.057680807604812374 0.054600520663839636 0.05088762685588846
44 440 0.0665272551178506 0 0 0.0549564415986518 0.04688549677747072 0.05389117944528096 0.0479530319963501 0.051288518807467785 0.04204776857831459 0.04735694292457738 0.054919338617390616 0.05208830629581145 0.04798084274887567
45 450 0.0624238040528996 0 0 0.05170033074314406 0.04317894926157116 0.04889326458604077 0.04579033558593158 0.04832578253877326 0.03954215278972123 0.04466168104667509 0.05129912269917209 0.048112845641562874 0.044242299118048584
46 460 0.056987845975779806 0 0 0.047805534615998756 0.03868180388948881 0.04427497555495107 0.04232486202442896 0.044409237154216095 0.03590544741896998 0.04010033023855272 0.04660423025771209 0.043452919068431406 0.038543515109292575
47 470 0.05075452802130127 0 0 0.04159280898812776 0.034077328277968486 0.03883787641253214 0.03712618819747391 0.03900692596774028 0.03172967486933356 0.03539896726098352 0.04140698717843037 0.03885153632171353 0.033611850455804164
48 480 0.04808658955808641 0 0 0.03942604780467829 0.032223819696778615 0.036886358092064545 0.03615697364734707 0.03620368182514142 0.030006766745062762 0.03387624194546162 0.038871970595800824 0.03558670816460848 0.03226324243646969
49 490 0.04681774252846157 0 0 0.03755597287977009 0.031009242226964502 0.03674470203268862 0.03551783659591852 0.03416752555802191 0.0294017284793041 0.032958982186967314 0.037316385932431945 0.03471953577596012 0.031055476855109728
50 500 0.04335705314162115 0 0 0.035229717608328 0.02862448360999456 0.03308341281149207 0.03317760949602396 0.031257877977270594 0.026957690796821976 0.03034364968658462 0.03477149415937045 0.03192636037081483 0.027069408858582316
51 510 0.041465666711456774 0 0 0.03294586298086502 0.02723487829071246 0.03201052352269384 0.03251791285910142 0.029798051073942133 0.025297854326645455 0.028819875502550964 0.03285402929808299 0.030694320132612734 0.025813492290967355
52 520 0.038473346566245556 0 0 0.031143571421470805 0.025077430074073363 0.029801908560682926 0.02999926437235372 0.027683852909473495 0.02289083604329464 0.02650692950398304 0.030347426944588224 0.02882026433951908 0.02367351756338173
53 530 0.037153939145508214 0 0 0.02980263385221289 0.023750282973044694 0.028471582818161433 0.028773158811504482 0.02686805447861463 0.02197879259522604 0.025733756815938653 0.02925299590163045 0.027554006818793126 0.022933615176966713
54 540 0.036320965590590525 0 0 0.028582872861233642 0.02266755335236777 0.027826716388483542 0.028021143999062928 0.026647139791700775 0.021480437399624457 0.025318605525133035 0.0286114477771919 0.026790423743806194 0.02168338262199279
55 550 0.03641569989321264 0 0 0.028431808355744943 0.022808255333090777 0.02762143137583935 0.028956073466491483 0.027051017819111803 0.021030103859795285 0.02473579532328661 0.02846177711830356 0.027694212754157902 0.02171877489030266
56 560 0.037419472843237496 0 0 0.02834992402629642 0.02339598124835315 0.028667331605400387 0.030102532309330743 0.028246288657623363 0.021007103218961185 0.02608074500910855 0.028932208326265384 0.028219759651594626 0.021742034931678495
57 570 0.0379306941050372 0 0 0.029140250889470958 0.023678623318003883 0.028983599267551504 0.03061194265909456 0.028413733775010736 0.020336280355043285 0.026406840671148922 0.029277863863134544 0.02833094909705191 0.022515524606391637
58 580 0.035528494158378034 0 0 0.02747572379277631 0.021860995203825596 0.02760359723212151 0.028592189803936307 0.02616489503841579 0.019090713175999995 0.025010462250625205 0.02693472686459796 0.02565986887457434 0.02118114537673801
