% # columns="iteration, evaluation, min max(neg(.)) min(pos(.)) max correlation, correlation matrix principle axes lengths  (sorted square roots of eigenvalues of correlation matrix)", seed=920682, Mon Mar  9 13:20:39 2020
1 10 -0.06054636345181842 -0.021638463898173844 0.021206387029063165 0.06222686524861274 0.8938718711389324 0.9727931081980864 0.9815916122293306 0.9917087309064748 0.9943868381819181 1.0084482154739776 1.0103695448200363 1.0163681419661632 1.0544325512257924 1.0659298931184784
2 20 -0.06054636345181842 -0.021638463898173844 0.021206387029063165 0.06222686524861274 0.8938718711389324 0.9727931081980864 0.9815916122293306 0.9917087309064748 0.9943868381819181 1.0084482154739776 1.0103695448200363 1.0163681419661632 1.0544325512257924 1.0659298931184784
3 30 -0.06054636345181842 -0.021638463898173844 0.021206387029063165 0.06222686524861274 0.8938718711389324 0.9727931081980864 0.9815916122293306 0.9917087309064748 0.9943868381819181 1.0084482154739776 1.0103695448200363 1.0163681419661632 1.0544325512257924 1.0659298931184784
4 40 -0.06054636345181842 -0.021638463898173844 0.021206387029063165 0.06222686524861274 0.8938718711389324 0.9727931081980864 0.9815916122293306 0.9917087309064748 0.9943868381819181 1.0084482154739776 1.0103695448200363 1.0163681419661632 1.0544325512257924 1.0659298931184784
5 50 -0.06054636345181842 -0.021638463898173844 0.021206387029063165 0.06222686524861274 0.8938718711389324 0.9727931081980864 0.9815916122293306 0.9917087309064748 0.9943868381819181 1.0084482154739776 1.0103695448200363 1.0163681419661632 1.0544325512257924 1.0659298931184784
6 60 -0.06054636345181842 -0.021638463898173844 0.021206387029063165 0.06222686524861274 0.8938718711389324 0.9727931081980864 0.9815916122293306 0.9917087309064748 0.9943868381819181 1.0084482154739776 1.0103695448200363 1.0163681419661632 1.0544325512257924 1.0659298931184784
7 70 -0.06054636345181842 -0.021638463898173844 0.021206387029063165 0.06222686524861274 0.8938718711389324 0.9727931081980864 0.9815916122293306 0.9917087309064748 0.9943868381819181 1.0084482154739776 1.0103695448200363 1.0163681419661632 1.0544325512257924 1.0659298931184784
8 80 -0.06054636345181842 -0.021638463898173844 0.021206387029063165 0.06222686524861274 0.8938718711389324 0.9727931081980864 0.9815916122293306 0.9917087309064748 0.9943868381819181 1.0084482154739776 1.0103695448200363 1.0163681419661632 1.0544325512257924 1.0659298931184784
9 90 -0.06054636345181842 -0.021638463898173844 0.021206387029063165 0.06222686524861274 0.8938718711389324 0.9727931081980864 0.9815916122293306 0.9917087309064748 0.9943868381819181 1.0084482154739776 1.0103695448200363 1.0163681419661632 1.0544325512257924 1.0659298931184784
10 100 -0.06054636345181842 -0.021638463898173844 0.021206387029063165 0.06222686524861274 0.8938718711389324 0.9727931081980864 0.9815916122293306 0.9917087309064748 0.9943868381819181 1.0084482154739776 1.0103695448200363 1.0163681419661632 1.0544325512257924 1.0659298931184784
11 110 -0.36163530353765305 -0.08540166831102394 0.06125176082808738 0.15096893417829294 0.6193024347177737 0.8213131200070947 0.9072169262024569 0.9168349786681961 0.9741592351465046 1.0330937331792276 1.0377216156511768 1.1097999008917117 1.203353409154882 1.2269596766275859
12 120 -0.36163530353765305 -0.08540166831102394 0.06125176082808738 0.15096893417829294 0.6193024347177737 0.8213131200070947 0.9072169262024569 0.9168349786681961 0.9741592351465046 1.0330937331792276 1.0377216156511768 1.1097999008917117 1.203353409154882 1.2269596766275859
13 130 -0.36163530353765305 -0.08540166831102394 0.06125176082808738 0.15096893417829294 0.6193024347177737 0.8213131200070947 0.9072169262024569 0.9168349786681961 0.9741592351465046 1.0330937331792276 1.0377216156511768 1.1097999008917117 1.203353409154882 1.2269596766275859
14 140 -0.36163530353765305 -0.08540166831102394 0.06125176082808738 0.15096893417829294 0.6193024347177737 0.8213131200070947 0.9072169262024569 0.9168349786681961 0.9741592351465046 1.0330937331792276 1.0377216156511768 1.1097999008917117 1.203353409154882 1.2269596766275859
15 150 -0.36163530353765305 -0.08540166831102394 0.06125176082808738 0.15096893417829294 0.6193024347177737 0.8213131200070947 0.9072169262024569 0.9168349786681961 0.9741592351465046 1.0330937331792276 1.0377216156511768 1.1097999008917117 1.203353409154882 1.2269596766275859
16 160 -0.36163530353765305 -0.08540166831102394 0.06125176082808738 0.15096893417829294 0.6193024347177737 0.8213131200070947 0.9072169262024569 0.9168349786681961 0.9741592351465046 1.0330937331792276 1.0377216156511768 1.1097999008917117 1.203353409154882 1.2269596766275859
17 170 -0.36163530353765305 -0.08540166831102394 0.06125176082808738 0.15096893417829294 0.6193024347177737 0.8213131200070947 0.9072169262024569 0.9168349786681961 0.9741592351465046 1.0330937331792276 1.0377216156511768 1.1097999008917117 1.203353409154882 1.2269596766275859
18 180 -0.36163530353765305 -0.08540166831102394 0.06125176082808738 0.15096893417829294 0.6193024347177737 0.8213131200070947 0.9072169262024569 0.9168349786681961 0.9741592351465046 1.0330937331792276 1.0377216156511768 1.1097999008917117 1.203353409154882 1.2269596766275859
19 190 -0.36163530353765305 -0.08540166831102394 0.06125176082808738 0.15096893417829294 0.6193024347177737 0.8213131200070947 0.9072169262024569 0.9168349786681961 0.9741592351465046 1.0330937331792276 1.0377216156511768 1.1097999008917117 1.203353409154882 1.2269596766275859
20 200 -0.36163530353765305 -0.08540166831102394 0.06125176082808738 0.15096893417829294 0.6193024347177737 0.8213131200070947 0.9072169262024569 0.9168349786681961 0.9741592351465046 1.0330937331792276 1.0377216156511768 1.1097999008917117 1.203353409154882 1.2269596766275859
21 210 -0.3231788708951573 -0.10062603562660509 0.03824066041463636 0.15435941019128646 0.6476447651914019 0.8490442560929641 0.9178900676182166 0.926196460247783 0.9635589023512312 1.0111430545561926 1.057937141174237 1.1267334869837047 1.1454345213969939 1.227877203492331
22 220 -0.3231788708951573 -0.10062603562660509 0.03824066041463636 0.15435941019128646 0.6476447651914019 0.8490442560929641 0.9178900676182166 0.926196460247783 0.9635589023512312 1.0111430545561926 1.057937141174237 1.1267334869837047 1.1454345213969939 1.227877203492331
23 230 -0.3231788708951573 -0.10062603562660509 0.03824066041463636 0.15435941019128646 0.6476447651914019 0.8490442560929641 0.9178900676182166 0.926196460247783 0.9635589023512312 1.0111430545561926 1.057937141174237 1.1267334869837047 1.1454345213969939 1.227877203492331
24 240 -0.3231788708951573 -0.10062603562660509 0.03824066041463636 0.15435941019128646 0.6476447651914019 0.8490442560929641 0.9178900676182166 0.926196460247783 0.9635589023512312 1.0111430545561926 1.057937141174237 1.1267334869837047 1.1454345213969939 1.227877203492331
25 250 -0.3231788708951573 -0.10062603562660509 0.03824066041463636 0.15435941019128646 0.6476447651914019 0.8490442560929641 0.9178900676182166 0.926196460247783 0.9635589023512312 1.0111430545561926 1.057937141174237 1.1267334869837047 1.1454345213969939 1.227877203492331
26 260 -0.3231788708951573 -0.10062603562660509 0.03824066041463636 0.15435941019128646 0.6476447651914019 0.8490442560929641 0.9178900676182166 0.926196460247783 0.9635589023512312 1.0111430545561926 1.057937141174237 1.1267334869837047 1.1454345213969939 1.227877203492331
27 270 -0.3231788708951573 -0.10062603562660509 0.03824066041463636 0.15435941019128646 0.6476447651914019 0.8490442560929641 0.9178900676182166 0.926196460247783 0.9635589023512312 1.0111430545561926 1.057937141174237 1.1267334869837047 1.1454345213969939 1.227877203492331
28 280 -0.3231788708951573 -0.10062603562660509 0.03824066041463636 0.15435941019128646 0.6476447651914019 0.8490442560929641 0.9178900676182166 0.926196460247783 0.9635589023512312 1.0111430545561926 1.057937141174237 1.1267334869837047 1.1454345213969939 1.227877203492331
29 290 -0.3231788708951573 -0.10062603562660509 0.03824066041463636 0.15435941019128646 0.6476447651914019 0.8490442560929641 0.9178900676182166 0.926196460247783 0.9635589023512312 1.0111430545561926 1.057937141174237 1.1267334869837047 1.1454345213969939 1.227877203492331
30 300 -0.3231788708951573 -0.10062603562660509 0.03824066041463636 0.15435941019128646 0.6476447651914019 0.8490442560929641 0.9178900676182166 0.926196460247783 0.9635589023512312 1.0111430545561926 1.057937141174237 1.1267334869837047 1.1454345213969939 1.227877203492331
31 310 -0.334468294374352 -0.09052981851593278 0.04483045205138061 0.24247731234465167 0.6854041518247613 0.7870320364616568 0.8495391494614253 0.9377638060876139 0.9735692771969158 1.020207095782183 1.029957057628764 1.115502675011562 1.194572750266657 1.2605009043177595
32 320 -0.334468294374352 -0.09052981851593278 0.04483045205138061 0.24247731234465167 0.6854041518247613 0.7870320364616568 0.8495391494614253 0.9377638060876139 0.9735692771969158 1.020207095782183 1.029957057628764 1.115502675011562 1.194572750266657 1.2605009043177595
33 330 -0.334468294374352 -0.09052981851593278 0.04483045205138061 0.24247731234465167 0.6854041518247613 0.7870320364616568 0.8495391494614253 0.9377638060876139 0.9735692771969158 1.020207095782183 1.029957057628764 1.115502675011562 1.194572750266657 1.2605009043177595
34 340 -0.334468294374352 -0.09052981851593278 0.04483045205138061 0.24247731234465167 0.6854041518247613 0.7870320364616568 0.8495391494614253 0.9377638060876139 0.9735692771969158 1.020207095782183 1.029957057628764 1.115502675011562 1.194572750266657 1.2605009043177595
35 350 -0.334468294374352 -0.09052981851593278 0.04483045205138061 0.24247731234465167 0.6854041518247613 0.7870320364616568 0.8495391494614253 0.9377638060876139 0.9735692771969158 1.020207095782183 1.029957057628764 1.115502675011562 1.194572750266657 1.2605009043177595
36 360 -0.334468294374352 -0.09052981851593278 0.04483045205138061 0.24247731234465167 0.6854041518247613 0.7870320364616568 0.8495391494614253 0.9377638060876139 0.9735692771969158 1.020207095782183 1.029957057628764 1.115502675011562 1.194572750266657 1.2605009043177595
37 370 -0.334468294374352 -0.09052981851593278 0.04483045205138061 0.24247731234465167 0.6854041518247613 0.7870320364616568 0.8495391494614253 0.9377638060876139 0.9735692771969158 1.020207095782183 1.029957057628764 1.115502675011562 1.194572750266657 1.2605009043177595
38 380 -0.334468294374352 -0.09052981851593278 0.04483045205138061 0.24247731234465167 0.6854041518247613 0.7870320364616568 0.8495391494614253 0.9377638060876139 0.9735692771969158 1.020207095782183 1.029957057628764 1.115502675011562 1.194572750266657 1.2605009043177595
39 390 -0.334468294374352 -0.09052981851593278 0.04483045205138061 0.24247731234465167 0.6854041518247613 0.7870320364616568 0.8495391494614253 0.9377638060876139 0.9735692771969158 1.020207095782183 1.029957057628764 1.115502675011562 1.194572750266657 1.2605009043177595
40 400 -0.334468294374352 -0.09052981851593278 0.04483045205138061 0.24247731234465167 0.6854041518247613 0.7870320364616568 0.8495391494614253 0.9377638060876139 0.9735692771969158 1.020207095782183 1.029957057628764 1.115502675011562 1.194572750266657 1.2605009043177595
41 410 -0.2795981116997343 -0.10046614737907306 0.058907184502456446 0.2455466066165157 0.7044052320320354 0.7938363662912952 0.8306267981254903 0.8718402831098199 0.9822352515853878 1.016082418609026 1.0341722784964869 1.1041021580060157 1.199460347880327 1.3035038019497218
42 420 -0.2795981116997343 -0.10046614737907306 0.058907184502456446 0.2455466066165157 0.7044052320320354 0.7938363662912952 0.8306267981254903 0.8718402831098199 0.9822352515853878 1.016082418609026 1.0341722784964869 1.1041021580060157 1.199460347880327 1.3035038019497218
43 430 -0.2795981116997343 -0.10046614737907306 0.058907184502456446 0.2455466066165157 0.7044052320320354 0.7938363662912952 0.8306267981254903 0.8718402831098199 0.9822352515853878 1.016082418609026 1.0341722784964869 1.1041021580060157 1.199460347880327 1.3035038019497218
44 440 -0.2795981116997343 -0.10046614737907306 0.058907184502456446 0.2455466066165157 0.7044052320320354 0.7938363662912952 0.8306267981254903 0.8718402831098199 0.9822352515853878 1.016082418609026 1.0341722784964869 1.1041021580060157 1.199460347880327 1.3035038019497218
45 450 -0.2795981116997343 -0.10046614737907306 0.058907184502456446 0.2455466066165157 0.7044052320320354 0.7938363662912952 0.8306267981254903 0.8718402831098199 0.9822352515853878 1.016082418609026 1.0341722784964869 1.1041021580060157 1.199460347880327 1.3035038019497218
