% # columns="iter, evals, sigma, 0, fitness, xbest" seed=1030006, Wed Mar 11 15:56:03 2020, <python>{}</python>
1 10 0.1959076436310422 0 2.710627091511478 -0.6790541046548537 -1.0161953658047058 -0.9211409260398786 -0.8296753842637485 -1.118986343124966 -0.6810212136693101 -0.7773838989981278 -0.7429740438047272 -1.2088178018734255 -1.1001229865537994
2 20 0.21940838648892202 0 2.431308862204872 -0.6285196117133313 -1.0717212347645722 -0.8098810472007982 -0.5476153354778073 -1.2363134351021399 -0.5844458211727808 -0.9511166953788296 -0.7612708789658644 -1.01342768378371 -0.7510907511358361
3 30 0.25228830844779676 0 1.9738786931268983 -0.17883935486999603 -0.9297325310549157 -0.7446363341993542 -0.5673557086650778 -1.2397928946719556 -0.39755821525473417 -0.9904197938325708 -0.47815352105664105 -0.7899163119267608 -0.7144812475713961
4 40 0.25930975740522216 0 1.9195113927980119 -0.5851021273727316 -0.8935213289542832 -0.5965792345777308 -0.31448518199751063 -0.9221871250211752 -0.5823215002128732 -0.9142099413240962 -0.7312800131182848 -0.9261320601611499 -0.5807253089743546
5 50 0.2879747352396306 0 1.335770510259592 -0.31812042176485766 -0.25708948090865735 -0.491857751090945 -0.400136725273831 -0.6747271348531723 -0.524224879183168 -0.7121270760616667 -0.5733867523492971 -0.6062899158054437 -0.832698289450895
6 60 0.3429280453431801 0 1.0776662665725447 0.15332835682706314 -0.16041772648195063 -0.4428383995383543 -0.2001513572142461 -0.8596811415859427 0.017193542469532253 -0.3204381923462826 -0.5625984027100529 -0.8162580252129256 -0.9634055524302553
7 70 0.41467003919729334 0 1.0414469060860636 0.5305914119495252 -0.5732707417494071 0.02746796029927412 -0.10835623305513534 -1.2405070615286573 0.1709858409757686 -0.3985269272365324 -0.6154817407738983 -0.5924900818221529 -0.7568405056241302
8 80 0.4670379706332244 0 1.0505211464577127 0.06284853626239156 0.449141873463621 0.31481481687242474 -0.17925239917808053 -1.1700447602227968 0.4398766696568591 0.011313805489871431 -0.30082614708130817 -1.220334248974679 -1.1633618047791259
9 90 0.5174438512642295 0 0.5806993513878113 0.5165036000040616 0.21956603581081893 -0.3959176339034721 0.3027968169654241 -0.793556685218956 0.318653028184425 0.10467073646738384 -0.802524415400291 -0.09624818255410483 -0.9615655100659805
10 100 0.5743490831785888 0 0.24821116283951966 0.8093279689847408 0.6342623327763528 0.47446342013279025 -0.2511089704616925 0.08409816361200162 0.2860992206105023 0.0147620115481354 -0.9564073525729099 0.23130401578441362 -0.36653215199580136
11 110 0.6130776970560747 0 0.19319301701184338 0.10464874310888655 0.7702046742740438 0.04437583657800727 0.0698964522371247 -0.6437643503302544 0.15085134499164 0.47798799096650796 -0.48637246427028324 0.47848278175093195 -0.47123859921836175
12 120 0.631059887390666 0 0.4578825847509969 1.0139071475757389 0.8018189310090913 0.8630300613018171 1.0096828931974478 -0.7361497043245393 0.5613965638310774 -0.5035076511348299 0.005542245358816145 -0.2877105227727141 -0.14740258997838568
13 130 0.6317031235146978 0 0.3160866767587135 0.17731349548822373 0.318194754374833 1.0785078569025925 0.056749986934672036 -0.3320199491895709 0.691941565993459 0.1649857994758577 -0.6134292890811608 1.0039548940860126 -0.1327872578245891
14 140 0.5998429143923233 0 0.20984153452939117 0.18022675431166676 0.975769583472061 0.0024302559337225915 0.011785655654064364 0.29847978334768016 -0.330388909419428 0.35965822793116653 -0.6137663976156511 -0.5872801825279361 -0.08099192836976976
15 150 0.5794389510162703 0 0.12659723133043882 1.0362687777160564 0.8262868012233753 0.6986691296322365 0.36219405178507275 0.12229769837644125 0.18417533500904304 0.6190292678325336 0.04873095775268094 0.3870050196540499 0.10730839530470149
16 160 0.5172133281085235 0 0.2874580148633432 0.8955224638727179 1.0492533595324258 0.42822910299392175 0.5269767989424146 -0.5877632792162661 -0.06382693843890813 -0.1703102954949462 -0.44795714553659294 0.0001224441533316245 0.053902596476856135
17 170 0.4848937778435361 0 0.23771866164431912 0.5927711905746761 0.9620772297441813 0.3967129937101226 0.7873857946664532 -0.17682019913818683 -0.18356642867745876 0.8676396105630316 0.0972529384977836 0.9833177724734596 0.1331214398049258
18 180 0.486000731413306 0 0.20251770182557974 0.28140864164988844 0.7174991009257716 0.5128610087288703 0.09566481505692531 -0.1158705165036884 0.5023641900112633 1.1079422688007943 0.6955615576564997 0.32217561144463114 -0.3512897903673067
19 190 0.48793245261898244 0 0.11308476195584413 0.8210080229223539 0.7961842084558763 0.30068073990842925 0.08393566876281416 -0.32678398065897757 0.34562229339945927 0.32662444141727925 0.5000663993525476 0.19635592269861363 0.42235275845619485
20 200 0.48941747517931583 0 0.18002239777120332 0.7060824243248882 0.7537612355296002 0.6290619561432862 0.18867923469052145 -0.10694172511902655 1.0755902876334542 0.4417832462924667 0.647188375110421 -0.2264602530642762 0.7029398575086461
21 210 0.4444879498764214 0 0.13481852026654662 0.296496400415999 0.6500090829109332 0.22794343356179034 0.1155950326101085 -0.40700128709523353 0.03259343997988062 0.17727134012237072 0.018868309056458032 -0.24622379034611144 0.8463020394152476
22 220 0.39225893471254153 0 0.11415374060090484 0.41981214725133265 1.0804721129423065 0.305372080480313 0.9321819645624173 0.2575567499904837 0.23744566560989538 0.29469694346962344 0.11122935674777731 0.11771006595505634 0.31005062654860605
23 230 0.36143514204858984 0 0.020064516100496158 0.27483950073952446 0.6433257732611048 0.32664945331751305 0.1503103832349067 0.1851558876972036 0.253442690108463 0.6678950453183741 0.29158147489962466 0.22472637388469105 0.32629866354694836
24 240 0.3390593928444281 0 0.038145726593537856 0.7173153389267595 0.601486875522367 0.6907793323794467 0.44296018268671983 0.10436854094914433 0.2797708236112094 0.3437962822210333 0.2176331489547651 0.5975870290149435 0.366045976293935
25 250 0.3042673883316521 0 0.04607210590824528 0.5376491771013959 0.3407439796698557 0.5384703103345511 0.1298114410626101 -0.09875561130253047 0.15275253321709426 0.3788849965111075 0.23526532668169542 0.033857934367368725 0.46685664788833325
26 260 0.27015097791067433 0 0.022120893210366397 0.1206124889026653 0.2024597030407565 0.2542689801975807 0.1048519074112707 -0.23548108882016294 0.13847199761239148 0.07103850614258483 0.15484365916219503 -0.0904127678465651 0.37700578011720315
27 270 0.2492975501745725 0 0.0236139771504135 0.3337464150475333 0.3517404384696824 0.251300477867318 0.1973515837968704 -0.07936563721795732 -0.05630441832254529 0.30401931577957114 -0.026787727141687173 0.02831637262939496 0.05064957418536192
28 280 0.2503162990617267 0 0.024436886805452984 0.3433052793504221 0.40375936139177615 0.17384814831125667 0.22156882367486835 0.3264266298743899 -0.09861927825230836 0.012592244372691574 0.27804841305714056 0.007857349933419994 -0.0276043521437071
29 290 0.24541774845206663 0 0.01507467420961165 0.2748019875780391 0.2233229260368679 0.04984913809222255 -0.03784975032019322 -0.07080728611423279 -0.1427949260914267 0.15830459159173293 -0.17740153316147905 0.0757792781393174 0.07263364011860592
30 300 0.24986117237366526 0 0.021301313551025592 0.0008625384610853604 0.2782985285504467 -0.07716118849177517 -0.15771550107164423 0.1920965768747705 0.002366425235157215 0.042966710284535525 -0.11950999137253268 0.0026237868028078683 0.35100691124145006
31 310 0.24125960966093554 0 0.023873474837224025 0.06308341724047543 0.2146594785196581 -0.17136646887695184 -0.023081390918097862 -0.19595113386522747 -0.2397197509536568 0.0539705334377367 -0.18947616035629322 0.23664795224886082 0.02051189281546864
32 320 0.23139801475042782 0 0.020389482297466472 0.30450676771583 0.04696776466654104 0.07349917153522345 -0.07516038428479199 0.17232351447861358 0.13979254945330508 0.17367418887088518 -0.16608780471482834 -0.19025311674761353 0.011671381776609063
33 330 0.22207774918481343 0 0.029161735959810288 0.26688599838276117 -0.17502538414038069 0.13075365139033532 -0.1056222914181229 0.14885619335497724 0.31209978727182086 0.2869653846572127 -0.011960044002765097 -0.12344031972019753 0.1469430291526446
34 340 0.2011246332376953 0 0.014043920194309167 0.39943350340235595 0.3655970008546242 0.3368505737957983 0.21607944834228632 0.08228723153617311 0.4733031105793802 0.24077012516462967 0.06334663690086544 0.2680149884793614 0.20945311938928352
35 350 0.1921513187644439 0 -9.09931848876539e-06 0.38439261125993573 0.2665173059659438 0.42732047110635435 0.2947095917784432 0.16912464078420972 0.40735462497801944 0.2513711237051536 0.2113651910769494 0.246138078654137 0.17656418442922375
36 360 0.1832343814954736 0 -6.568818037714711e-05 0.3839081348049595 0.40457436424213833 0.40815701859636705 0.21683562747932822 0.2544859369930736 0.3738160519344187 0.24408743659819265 0.3238660961825 0.19224755011120187 0.4339052973621533
37 370 0.18409020375441965 0 0.006822344536706305 0.08775151532796882 0.2800535551196067 0.34200072394348247 0.2045191161079116 0.33097414194562436 0.33417703672267546 0.1086188882818539 0.18462740230332286 0.056468951259516564 0.06861643176144416
38 380 0.17764663659080623 0 0.007307275486242423 0.22890924449236438 0.4326580385411892 0.1078496656653713 0.14443312731869415 0.3262833421873898 0.4605348374600713 0.2754001757434338 0.12973379225980636 0.2129558952038713 0.059871365495928974
39 390 0.1668999806320827 0 0.0018125868169237558 0.11540140261401502 0.013934079945945949 0.14703695739261766 0.20268937261147407 0.1804273851146394 0.3140045988017356 0.2133623877331668 0.2608138934100587 0.26702341693298826 0.16018093353039253
40 400 0.14895097838627033 0 -4.2194420814052397e-05 0.1660412974497737 0.36148828630460117 0.2465459730802459 0.2707444978695527 0.4133812138483468 0.35281310754849654 0.24888798027904532 0.2845073812388525 0.28445114562750584 0.4468421675856517
41 410 0.1456322820520836 0 -3.226977102845655e-05 0.16359870879881142 0.2734266221442951 0.36132419511325575 0.40762073909623536 0.29833743608098046 0.23243048485195766 0.23476638575074793 0.3387962134567229 0.1566477299921405 0.36080057815028277
42 420 0.13486695412071342 0 -0.00013372800407888724 0.21307518580541054 0.20468630902194043 0.1509563685733715 0.2085410549982367 0.21090926626016826 0.33789453587918955 0.20786237828910892 0.19340302378237856 0.3015504064353232 0.34489074428848293
43 430 0.1225382520850807 0 -0.00016267506202234346 0.31360915310832044 0.2816590536358196 0.31094057596667524 0.32155218149444653 0.3259130490837968 0.35704393363483883 0.22621147558854368 0.27708609478889795 0.34986557538609014 0.18260264707667062
44 440 0.109879750190061 0 -6.548270612969032e-05 0.3278475309096579 0.32978763390708343 0.3999837750318058 0.31763006831476254 0.3450221092738307 0.4225643069600591 0.21827750463013273 0.29762952808924614 0.3147555514387639 0.2823112015219513
