% # columns="iteration, evaluation, sigma, max axis length,  min axis length, all principle axes lengths  (sorted square roots of eigenvalues of C)", seed=857718, Mon Mar  9 13:20:43 2020
1 10 0.18183799145028742 1.0000450010125153 1.0 1.0 1.0000050000125 1.00001000005 1.0000150001125006 1.0000200002000015 1.0000250003125026 1.0000300004500045 1.0000350006125072 1.0000400008000108 1.0000450010125153
2 20 0.18401090474412346 1.068849095649425 0.9108178660380701 0.9108178660380701 0.9523545587349233 0.975737873436494 0.9915074708194977 0.9989194958491063 1.0004934104348224 1.0040215951457534 1.0076753219540047 1.0143265549848413 1.068849095649425
3 30 0.1808727584836708 1.108957644366815 0.8873439794432074 0.8873439794432074 0.9131026297313714 0.955352350093527 0.983076203616566 0.9941361396405806 1.002702303386319 1.0041956343662868 1.0115402296235343 1.0312976185156892 1.108957644366815
4 40 0.19699333175386938 1.1382053344147323 0.8802908822543835 0.8802908822543835 0.9102357454172214 0.9383931411298024 0.9534916930029621 0.9662703283588965 0.9916210667621409 1.0143783692818877 1.0204427857500593 1.033143456609731 1.1382053344147323
5 50 0.20442963295977473 1.2316649522231051 0.8385892585462554 0.8385892585462554 0.9019373304941655 0.9287807207785816 0.9404528011441087 0.9610865318750423 0.9869827365083901 1.0108102167724864 1.018156132768137 1.1177459523069315 1.2316649522231051
6 60 0.2278701213693158 1.2520103497111559 0.8368947317309452 0.8368947317309452 0.8509323731868853 0.9151308696812336 0.9370101653379278 0.9583374273618251 1.0033374820035437 1.0217984685827541 1.0416510435289648 1.1295105253263307 1.2520103497111559
7 70 0.26428207200458054 1.377616601109797 0.8222378882020469 0.8222378882020469 0.8640832518244994 0.8907040980051066 0.9082686080055427 0.9577783242049004 1.0037998128188241 1.013369977697415 1.037275144068556 1.126709592905102 1.377616601109797
8 80 0.2993581600358394 1.4094342824127255 0.8244276315052238 0.8244276315052238 0.8484422755449763 0.8831177006637393 0.9165980078370054 0.9439443723308313 1.002304764807631 1.0253637582424135 1.04615895289871 1.12339957266384 1.4094342824127255
9 90 0.3491277214163969 1.4146721269021496 0.8212114672814069 0.8212114672814069 0.848023835830659 0.8757875134054052 0.9210291408238658 0.9480728087048771 0.9919753939739562 1.0074922600111544 1.0656963034364904 1.100011532090243 1.4146721269021496
10 100 0.42076897533184576 1.4060877192064019 0.8297213403719425 0.8297213403719425 0.8545988648851811 0.8621505404978969 0.9275374091283587 0.9381150010571268 0.9799848211787435 1.0144122438171714 1.0510494018011547 1.0903897193523329 1.4060877192064019
11 110 0.5085758783195481 1.4154089536358663 0.8027350199727953 0.8027350199727953 0.8507991652735664 0.872380675894241 0.9103150597243618 0.9332281956104127 0.973739798052652 1.0135277723658471 1.0557175782185695 1.0765593470922539 1.4154089536358663
12 120 0.5721756603959747 1.4283130043906975 0.8078271928739088 0.8078271928739088 0.8426046841476998 0.8580375753071411 0.8825629556266523 0.9353605036901225 0.9895813239846317 0.9958578375783503 1.0645483787350187 1.1168897481334148 1.4283130043906975
13 130 0.6187515630641683 1.422578396679324 0.8160413481038723 0.8160413481038723 0.8360747297402085 0.8489174741520257 0.8817185859775175 0.9459402127678691 0.9662609897143558 0.9861743130338139 1.0619026209941882 1.1400699465735447 1.422578396679324
14 140 0.605312866048156 1.4128334600414798 0.792947165332704 0.792947165332704 0.8345760662134433 0.8447593660599164 0.8726233013913302 0.9261260739486585 0.9602547600615936 0.9941765624217656 1.0794097555829156 1.1658994071694349 1.4128334600414798
15 150 0.5901636436215146 1.4003338777667627 0.7744609012881833 0.7744609012881833 0.798943011168819 0.8356470104325386 0.8654439563814051 0.9198185253076598 0.9492821688246019 0.9953337496365958 1.1023554146126997 1.1773056262510007 1.4003338777667627
16 160 0.5603620934572898 1.3867741784557397 0.7630068193146854 0.7630068193146854 0.7828655417546658 0.8213565685798045 0.8698954940198276 0.9205679763859549 0.9350017935480595 0.9868519418442824 1.105660466822571 1.1625904983204407 1.3867741784557397
17 170 0.539532139077635 1.3898847193113246 0.7584991312081596 0.7584991312081596 0.7762267596581465 0.8116942772721888 0.8768060442179945 0.917298448110113 0.9309774642108568 0.9439084178656476 1.0927528390629748 1.1627012118822992 1.3898847193113246
18 180 0.47850782259244334 1.3772944131175424 0.7577454980853028 0.7577454980853028 0.780808590185831 0.793235932759215 0.8713499149107911 0.8975911690962137 0.9340033235418098 0.9451474479733114 1.0966527935795256 1.15326316783541 1.3772944131175424
19 190 0.42739243893017986 1.3636456803918418 0.7362492767668605 0.7362492767668605 0.7552561003338555 0.7872579707610674 0.86836440929818 0.8879422087482901 0.9309200040136119 0.9489168430767461 1.078113218589097 1.1378722540327362 1.3636456803918418
20 200 0.38308246674637525 1.3588605424517526 0.7265620136801304 0.7265620136801304 0.7623867814539087 0.7744574404483683 0.837980779375738 0.8829036557874195 0.9184987698200558 0.9491082924199079 1.0687431772533635 1.1477035624972436 1.3588605424517526
21 210 0.34581727148350155 1.3247772887290288 0.7159831160843029 0.7159831160843029 0.7619048467144308 0.7750349180036805 0.8167393868600249 0.8713410316667679 0.9129407096080058 0.9316362530620435 1.061488081023558 1.1318166336227393 1.3247772887290288
22 220 0.3314319052733079 1.302321564391538 0.7007335156218978 0.7007335156218978 0.756572354910996 0.7722304463142146 0.825441483587372 0.8572704522178946 0.9052578987298979 0.9238017118483647 1.0671422377524233 1.1340485459943692 1.302321564391538
23 230 0.32210174017687837 1.3008448911452337 0.6993786814817464 0.6993786814817464 0.7573854596980737 0.7737415897241858 0.810283844503945 0.8497376574405714 0.8927178363067846 0.9201454607537267 1.0415620423432894 1.1069860238411042 1.3008448911452337
24 240 0.3042706766349969 1.295738389993616 0.677564725496787 0.677564725496787 0.7553982953098399 0.7832311394789265 0.7981486184220672 0.8615827182675627 0.8760092357093681 0.8934127392402703 1.0885896433529823 1.1276987847540534 1.295738389993616
25 250 0.30891412809638097 1.3094389052809676 0.6769616031344272 0.6769616031344272 0.7579179954144452 0.7747700950778478 0.8158266067769198 0.8383846978681393 0.8637468178224844 0.8759356070913513 1.0506805087868647 1.1256694068437116 1.3094389052809676
26 260 0.29639441104327136 1.277770385527736 0.6557464366801234 0.6557464366801234 0.7554065995300083 0.7831488453729981 0.8109050294947059 0.8287571901435374 0.8539920350875132 0.910584609435048 1.0271062193546827 1.1257559790547407 1.277770385527736
27 270 0.2837600628572493 1.2477772835335608 0.6561273304729694 0.6561273304729694 0.7371184044597016 0.7779980110424634 0.805654593108367 0.8246213489407513 0.8558652278306146 0.9125014100453971 0.9849253073719937 1.1320977262098642 1.2477772835335608
28 280 0.24445795246571206 1.2235004482780178 0.6494100106733239 0.6494100106733239 0.7361002620538276 0.757131776559253 0.7969911880368532 0.816134569406784 0.868065971319761 0.9244540023409343 0.959849884134804 1.134047557327652 1.2235004482780178
29 290 0.2179873984091239 1.2307197296412355 0.642355753051553 0.642355753051553 0.7141088630869151 0.750361215907049 0.7942131903740131 0.8133334464741783 0.8295768867493019 0.9309682634475962 0.9498874953239018 1.1209413170379503 1.2307197296412355
