% # columns="iteration, evaluation, void, void, void, xmean", seed=1095459, Wed Mar 11 15:56:04 2020, <python>{}</python> # scaling_of_variables: 1, typical_x: 0
1 10 0 0 0 -1.0998980750664198 -0.9538145683880616 -0.9413170705766544 -0.7403171783440178 -0.9511802487745439 -0.9186104487057403 -1.0796329820740684 -1.049093621432603 -0.6596843296453533 -0.9322590828608277
2 20 0 0 0 -1.0382000543117311 -0.8561583295683839 -0.9313561674599657 -0.5982077560247664 -1.1126052462390517 -0.8336243854820794 -1.0906469675127168 -0.9155422621766688 -0.5951347701201205 -0.7084786248905254
3 30 0 0 0 -0.8356344792663218 -0.8266343198946382 -0.9555745249970199 -0.5160409555015192 -1.0926315526849277 -0.86096134797313 -0.9901649601939747 -1.034697716194372 -0.6303787297624659 -0.8002477728468672
4 40 0 0 0 -0.8051518809331731 -0.5279921521280447 -1.0025031728523286 -0.26268990162034966 -1.146746026401703 -0.6173917850103947 -1.1211723646335736 -1.0706341894214397 -0.2768352171054243 -0.6701602582285686
5 50 0 0 0 -0.9203987369807823 -0.4939627301160918 -1.0151404486556812 -0.18535467410213655 -0.9466507088933767 -0.6305169299136363 -1.1786407348162362 -0.8040493923359928 -0.04727185151612004 -0.3638126700604538
6 60 0 0 0 -0.9874776503144638 -0.43360201695933553 -0.7613935604223456 -0.35593514875646964 -0.8765322520065593 -0.2475563736713865 -1.2551978980571818 -0.8069804056216473 0.20523005015370785 -0.2715056309746579
7 70 0 0 0 -1.195961664681631 -0.4886837921669033 -0.7829716449810025 -0.2620837127611841 -0.8272149098239162 -0.091193370894742 -1.0935075949381121 -0.8626286260844918 0.41694371048273665 -0.40126764173629303
8 80 0 0 0 -1.0274323926419096 -0.2428187334503823 -0.711468635303229 -0.12466566285281128 -0.962419129344049 -0.14127877687969367 -0.9934047805327408 -0.8118035826744745 0.6101152318324976 -0.23049978455540407
9 90 0 0 0 -1.1579240239946067 0.13114825524543577 -1.0247546752710741 0.1647306330811104 -0.8146847163126285 -0.20400171509993498 -0.7383096398014692 -0.7132615313774535 0.5830443012089573 -0.02067739293390511
10 100 0 0 0 -0.9368612293707806 0.023140885991515925 -0.5759463933650282 0.3878002178851906 -0.8972615043728331 -0.3224681830001453 -1.1459106634705087 -0.6761608346476583 0.4743739229056096 -0.14277119108240235
11 110 0 0 0 -0.92455197348718 -0.07470965155627154 -0.3321294226839894 0.907632181795549 -0.998033989020721 -0.15653788442741134 -0.7944160595779551 -0.5998275987027164 0.5213280458572993 -0.004197312381663237
12 120 0 0 0 -0.8718352861895325 0.03800769863136494 -0.33951276114839435 0.8387342424781414 -0.9732373170271253 -0.30402946412924226 -0.4248172434513418 -0.43431766693409346 0.4441356569143587 -0.10788698220726196
13 130 0 0 0 -0.9286669258738249 0.5112422756977838 -0.034776383269461975 0.9506141976906427 -0.7127007974733002 -0.3367951405956037 -0.4403308799672544 -0.28105091075628535 0.43481107140602293 -0.1604787024751936
14 140 0 0 0 -0.7897022019247515 0.5519386904004808 -0.06731533138690006 0.7635138082430206 -0.7668549434680995 -0.30196471111905826 -0.239616805834045 0.08822485227422255 0.4204598435463812 -0.44736509596095864
15 150 0 0 0 -0.43791815020840497 0.6865810358512444 -0.34403213727041365 1.064672699058309 -0.14548584362804984 -0.613239656083913 -0.1708105230586995 -0.26900253311689404 0.43779665228856196 0.050554868927299434
16 160 0 0 0 -0.43293311923663247 0.7957364830265512 -0.2656495288929722 0.6476875378805722 0.38291121517261806 -0.664652242882516 -0.1539200781421423 -0.11679077650004455 -0.08954553442623997 0.38261752377859715
17 170 0 0 0 -0.02025942326686453 0.7878009799262434 -0.23394106584448676 0.8095496034827608 0.28198328043302273 -0.2264543656096557 -0.35158561710230446 -0.017961088942662226 0.03980134971920485 0.47287611553078235
18 180 0 0 0 -0.001515900545446175 0.32120827652289147 0.10425373789566833 0.702031661438297 0.024486268155978375 -0.3411564119466326 0.013687905082778895 0.13470000913374536 0.14011707566228068 0.23247833084570685
19 190 0 0 0 -0.2414169668467569 0.26052968647848973 0.3941771738172014 0.40564616072729304 -0.0630230122860868 -0.2551234987017015 0.2315785203477715 0.4195134698774173 0.708004621405518 -0.11526986646919218
20 200 0 0 0 -0.016486121746843774 0.39178953486004414 0.28178213028839116 0.2593940797090565 0.257043531742422 -0.3724089239855926 0.6034130924898925 0.08159143169014377 0.5623768585363158 0.01398174717383241
21 210 0 0 0 0.13414543241831706 0.5463798273885913 0.27159805130352865 0.303398625140823 0.3538826327548115 0.19141528979127537 0.3209007514929631 0.0745477901443843 0.5992744551810537 0.42171107847389344
22 220 0 0 0 -0.15621464825038667 0.4868126576131619 0.15667476532978308 0.21833960673338756 0.27184081255365483 0.054847775093073425 0.16415889355435595 -0.20812239917955078 0.5091352353270274 0.42932172993709805
23 230 0 0 0 -0.03783727161412832 0.702226254774429 0.24481645132244495 0.1500656477917984 0.22268929153118877 -0.21811982801442303 0.15954337448635114 -0.08773326469644074 0.19264314178949332 0.42356153399034685
24 240 0 0 0 0.14711886856806417 0.7607886636130042 0.47152123089798936 0.31619062586633323 0.06789204081691647 0.406376906013506 0.09277904971572815 0.23298366474283352 -0.08027567823791831 0.4247133898586061
25 250 0 0 0 0.28433800872794146 0.5865882558807657 0.43259863888985567 0.15701010769480903 -0.018161540916947577 0.3465744053860375 0.3391336559402025 0.5463044366913528 -0.14848312609832448 0.29620080279273386
26 260 0 0 0 -0.05119385946360877 0.6572398653715329 0.37653916122850534 0.05106715205107436 -0.07071929759498109 0.5701668052835356 0.3013536012299863 0.39682231311097355 -0.0616633431670877 -0.07485598843543911
27 270 0 0 0 0.38816544611996284 0.8166048602586153 0.5989917609373516 0.2739175987898129 0.08100343659740337 0.46827760504605276 0.2500547777417185 0.6069460982858482 0.13925811754493894 0.079834860096471
28 280 0 0 0 0.4594798663999346 0.7164281945452109 0.4880454868151126 0.360680006335143 0.10563844678441707 0.7194355993098122 0.12930564702417552 0.4478421424539853 0.4309773992731232 0.5247562212248507
29 290 0 0 0 0.4948537109850185 0.7816084655467613 0.7066668350966501 0.6159147308256417 0.4543428030534123 0.7382322645060676 0.16275854185410313 0.7759044391618324 0.1702931279372743 0.5415424980840393
30 300 0 0 0 0.7606083578065459 0.8461245913439212 0.8913167189168925 0.6189770683817352 0.5363181648340988 0.9008738531037794 0.27688375984494074 0.8143870050587734 0.2665535037058051 0.6160647288661024
31 310 0 0 0 0.591538779206987 0.8381269829090602 1.0002184969905252 0.7321517594518133 0.6408830723679463 0.7967989563950781 0.33075954951304126 0.644879597476876 0.4523407837286409 0.6328952447421345
32 320 0 0 0 0.5023501693292516 0.7012147802434556 0.7520575120836905 0.7729331781875793 0.7904771488797372 0.5148112233022274 0.3711858418237472 0.5982232731391224 0.4181501378556943 0.7625906915247822
33 330 0 0 0 0.4589749716680055 0.6975014429234881 0.4505928540310037 0.7728582909467148 0.3641677548148849 0.5009123665237653 0.40123526546522004 0.5397781981512265 0.45981630585331407 0.5084666814732264
34 340 0 0 0 0.5591540431847569 0.5995741035005921 0.4182381557226199 0.6126648797076689 0.4012333257422305 0.43905195479704295 0.6510282410292497 0.5311341431749212 0.715265212218599 0.43864414929166884
35 350 0 0 0 0.72801373492928 0.5452125526085155 0.5056246087473409 0.5959121375192202 0.7088094410566658 0.6590004069070243 0.7763669406433803 0.6227624550533479 0.5677985723534269 0.5446460560816111
36 360 0 0 0 0.6669137935229851 0.4589720484761478 0.387705153910876 0.5786010226506535 0.5825290408812093 0.7016656373226722 0.6947187247579014 0.44232703958090086 0.5310335056992372 0.3688187140825303
37 370 0 0 0 0.6994549312565354 0.5239905505698875 0.3772277428150714 0.49316709775660666 0.5659754611466494 0.6117074157308208 0.7119605257836307 0.5201205712796039 0.410080889057214 0.5191315643811283
38 380 0 0 0 0.7736864963333084 0.42350465257346664 0.40191492978760235 0.5110818713022607 0.5968041856987322 0.6625615145137376 0.6660838935221192 0.5744527951849197 0.5199770437220276 0.5870049843166882
39 390 0 0 0 0.8101061904838579 0.3269951760843857 0.4815502860383225 0.5815679804470727 0.5966701258615549 0.5581401462944171 0.6002084323734967 0.6244369119260895 0.5573125972758637 0.5617905379965082
40 400 0 0 0 0.8557208671250058 0.45986055149090854 0.5905891303531613 0.5594371926493807 0.7096797702487806 0.60985503569086 0.6416533670186203 0.6208994256220939 0.4921868186831031 0.5412580878680493
41 410 0 0 0 0.7762778234460113 0.6259456580884806 0.7109709268502932 0.5800029127000622 0.6938858083394683 0.6947614632855749 0.6340752001893342 0.7321097458477698 0.5998663786478098 0.5345086675946847
42 420 0 0 0 0.7115980627186183 0.5714622888485541 0.6087058491713759 0.6247180401720407 0.6920559488177059 0.7050330519547285 0.5042167074779847 0.5956257655652031 0.5611104480538394 0.6671786865816194
43 430 0 0 0 0.6685865114739938 0.506329110862663 0.5348462970662758 0.6244993200971792 0.5347242207719669 0.7423896498431467 0.5161235164920155 0.5611286398205646 0.5814173138390257 0.6039883316213941
44 440 0 0 0 0.5987322746944205 0.5645390646936121 0.47366052917743107 0.5648702221940681 0.45987003003588633 0.673923114285043 0.53610970366398 0.5423165066201816 0.549514228276796 0.5002501611293646
45 450 0 0 0 0.5813513650713024 0.5562119238245968 0.42501097467032967 0.5254630826910881 0.5101748729475796 0.6771378931905946 0.511784639155277 0.5231099101271366 0.5519882145315421 0.4860989128510298
46 460 0 0 0 0.5804122821437069 0.5310774045751532 0.4836957022376109 0.5618063536030108 0.5698243376904327 0.5925746045728386 0.49991999804698795 0.49595622872700396 0.5441259078269417 0.5501318957317493
