% # columns="iteration, evaluation, sigma, max axis length,  min axis length, all principle axes lengths  (sorted square roots of eigenvalues of C)", seed=1073166, Wed Mar 11 15:56:05 2020
1 10 0.18062844544745416 1.0000450010125153 1.0 1.0 1.0000050000125 1.00001000005 1.0000150001125006 1.0000200002000015 1.0000250003125026 1.0000300004500045 1.0000350006125072 1.0000400008000108 1.0000450010125153
2 20 0.19034849447515922 1.0436320624333326 0.9064404726848032 0.9064404726848032 0.9652102160222514 0.9776330886244157 0.9916132692606184 0.9980636464258009 1.00014456376906 1.0020914635875862 1.0054036791005467 1.0166557260876792 1.0436320624333326
3 30 0.19863825875901994 1.1554348906379535 0.885998246522163 0.885998246522163 0.9321542875265783 0.9500834722753557 0.9747119361361117 0.9801051816604512 0.9903250137359919 1.000393819902306 1.0175300640119669 1.0344235060774611 1.1554348906379535
4 40 0.2222675684758863 1.223898384691363 0.8653674136462021 0.8653674136462021 0.9069061276311614 0.9416826381218767 0.9581862777710277 0.9700368411575184 0.9796503470296668 0.9888869232937034 1.0148622568333943 1.04305494548641 1.223898384691363
5 50 0.25261686700442065 1.3295172938149946 0.8467233320201699 0.8467233320201699 0.8978513966119979 0.9354888113742866 0.9492501670236723 0.9642957070680847 0.9755817216153646 0.998362872206447 0.9999967436157378 1.0511588640568008 1.3295172938149946
6 60 0.2897807236377291 1.4210892571110336 0.8392416724629388 0.8392416724629388 0.883315556042053 0.9227000321559542 0.9334145904060616 0.9503436374554317 0.9686602245321125 1.0025870849178007 1.0200848606677857 1.0596195512716045 1.4210892571110336
7 70 0.34548431953277375 1.499056354380657 0.8424711385256848 0.8424711385256848 0.8815608799226969 0.8989558991636332 0.9125975424693394 0.9530711334837924 0.981871051949687 0.994037392499907 1.029654651944914 1.05641931004123 1.499056354380657
8 80 0.41425141574119984 1.5500669783845626 0.8384276524755734 0.8384276524755734 0.859867085557504 0.8847165032188042 0.932952443165142 0.9590672469590226 0.9851821028832167 0.9975083793587687 1.031633172003076 1.0615990066652572 1.5500669783845626
9 90 0.4762685861307419 1.5755393465436385 0.8392388700553562 0.8392388700553562 0.8457478208949716 0.9019126269026487 0.9206174004109556 0.9569728848622927 0.9718421440216763 0.9791862057097577 1.0191327862813733 1.0493687035562227 1.5755393465436385
10 100 0.5340735292711826 1.5622470556953776 0.8319740265160613 0.8319740265160613 0.845107671497372 0.8892078019274687 0.9205014872475686 0.9432876622085941 0.970691158878074 0.9766093880947351 1.017134397861151 1.0580274306544923 1.5622470556953776
11 110 0.5827785194631963 1.5597537520837972 0.8161461469048361 0.8161461469048361 0.8238399743508643 0.8713079636593355 0.8991105753518198 0.9280523409752804 0.9478104390110289 0.995996073714437 1.0274436397250677 1.0750938085993536 1.5597537520837972
12 120 0.6343605025369293 1.5844763141787273 0.7841340596424694 0.7841340596424694 0.8257378925192169 0.8637534581622174 0.8891305002773873 0.9170788620337632 0.9450245943995559 0.9999673812736639 1.039551647146429 1.0774388941227175 1.5844763141787273
13 130 0.6639739320165658 1.5429461236438904 0.775632307198959 0.775632307198959 0.805384704898781 0.8227469405188553 0.8925890368796735 0.907893808314314 0.962054272298161 0.9918230831168527 1.0464516436845808 1.1003156405833758 1.5429461236438904
14 140 0.6467650835137569 1.529933645456104 0.7731186990643374 0.7731186990643374 0.7947179436776324 0.8218999560511736 0.8842551835606534 0.9038110319360494 0.9575167064822421 0.980151443161788 1.0192930444149886 1.1126276556721677 1.529933645456104
15 150 0.5937296857878249 1.506191029982318 0.7743030599471726 0.7743030599471726 0.7832703315997561 0.8074113430734307 0.8678679116643097 0.8886529780747798 0.9686540057970636 0.9870927650801378 0.9948403754165849 1.098845693292432 1.506191029982318
16 160 0.5443581485239197 1.5173010455041744 0.7639719972282021 0.7639719972282021 0.7770335771511326 0.8026737588120054 0.8539135664697646 0.8835314193253001 0.9227528575215489 0.953076293792671 0.9903194063141063 1.1091511075422298 1.5173010455041744
17 170 0.483646366173385 1.4988476878095938 0.7401968051104436 0.7401968051104436 0.7733800086828163 0.7830412504003882 0.8477802970438526 0.8607506651782105 0.919830682665162 0.9653923448975456 0.9826882953661623 1.1098871609573047 1.4988476878095938
18 180 0.44495249250123725 1.4490872275814974 0.7239835043487503 0.7239835043487503 0.7623384261043246 0.7901660249075318 0.828943521151664 0.851311392720587 0.9183012226338646 0.967248579218028 0.9771521789789754 1.103016389815682 1.4490872275814974
19 190 0.38057353764309654 1.4293773249765473 0.7113019746540142 0.7113019746540142 0.7502204671068636 0.7719994080794625 0.7963429213039348 0.8664846641116037 0.9353040689013173 0.964677697443007 0.9707868384455927 1.0985901559419755 1.4293773249765473
20 200 0.3377228121698534 1.4157679239387435 0.6955470095737342 0.6955470095737342 0.7178324760329113 0.7660070773420191 0.7910362993370043 0.8637268465266599 0.9127751013581532 0.950374344481934 0.9635434076334326 1.1095600888750596 1.4157679239387435
21 210 0.3259842241254281 1.379167270344273 0.6909820750409921 0.6909820750409921 0.7072078542427009 0.7465064604051406 0.788301348835667 0.8400530280845845 0.9081685640194583 0.9241429723527211 0.975682776199238 1.1009972340434 1.379167270344273
22 220 0.30342044941624385 1.3462835456043363 0.6918963713878253 0.6918963713878253 0.713862978225045 0.7437130414650444 0.7833120162705084 0.8091294956875222 0.8994055394167354 0.9299656834413842 0.9804264110585484 1.0983831735467902 1.3462835456043363
23 230 0.2705827444579926 1.3333806907606074 0.6775245770019057 0.6775245770019057 0.6875927818383826 0.7370099849847288 0.7808711813546821 0.8046660023337899 0.8970160394356969 0.9416161300441661 0.9655338327121488 1.0908543701625595 1.3333806907606074
24 240 0.24168037794765282 1.3111764956545136 0.6627462494118566 0.6627462494118566 0.6806093889497689 0.7218251646980871 0.7804989117681934 0.8032707166000753 0.8743736612340892 0.9315510092605722 0.9502175633413119 1.0700255498957596 1.3111764956545136
25 250 0.2313891936021443 1.2974017381085747 0.6540607494208436 0.6540607494208436 0.677060636820591 0.6823621693443565 0.7700812947476895 0.8083703977115858 0.8837666581433892 0.9078243302325818 0.9534744724163251 1.0621572335888747 1.2974017381085747
26 260 0.21746135127763835 1.2904975213840628 0.6401267178335419 0.6401267178335419 0.6641573100185765 0.7045428558354346 0.7612163510107423 0.8067829605655359 0.8705867343618869 0.9061182741414133 0.9583889167101118 1.0461917112397734 1.2904975213840628
27 270 0.19728685120053507 1.2743143479468417 0.6341859096650156 0.6341859096650156 0.6632318253185362 0.6904999011884714 0.762327479719889 0.8066224438694282 0.8518392711815911 0.9070521206353733 0.9544782983223274 1.0191587560966193 1.2743143479468417
28 280 0.1792963785454334 1.2654127902029704 0.6330508614274002 0.6330508614274002 0.6477251028546208 0.6884762722854036 0.7584879948568362 0.8025932353773946 0.8427836764831932 0.87645765985497 0.9329810725628078 1.0114771052245397 1.2654127902029704
29 290 0.1734624462266588 1.2515882358516197 0.6186170384845527 0.6186170384845527 0.6249050831158789 0.6871884064347163 0.767026099288482 0.7956192514999084 0.8385308320482211 0.8844546075078927 0.8975449132538809 1.011398246152139 1.2515882358516197
30 300 0.1592507639213249 1.2538567104024079 0.6114018491384341 0.6114018491384341 0.6205900116882636 0.6820990380538612 0.7748384492025986 0.8054509428148688 0.8381158805425896 0.8492265157770038 0.8925423457111261 1.0044942218453774 1.2538567104024079
31 310 0.15499960908425459 1.2571062040065728 0.5908149670470694 0.5908149670470694 0.6237233924595654 0.6763495284149534 0.7594846730990756 0.778757306637413 0.8424799000562678 0.8448494753882042 0.8857662532541476 0.9894438302140861 1.2571062040065728
32 320 0.14918252271821034 1.2549615410599333 0.5945381176012058 0.5945381176012058 0.6483919667721072 0.671531887995125 0.7567172201797603 0.7739954458419341 0.7981578752589803 0.8299973842175424 0.8726829749051133 0.9862640365742963 1.2549615410599333
33 330 0.1379990883372668 1.265988472359733 0.5769794122877692 0.5769794122877692 0.6501430175526017 0.6765102300509511 0.730382837984376 0.7570144528190905 0.7907796574289025 0.8330507215503592 0.8869199407436686 0.9747269061439574 1.265988472359733
34 340 0.12030456761682273 1.2829599029020373 0.5869425748106989 0.5869425748106989 0.6367314979059399 0.6727577719273602 0.7138764674234461 0.7361126171418403 0.7973997275684839 0.8229968324248678 0.858988690002845 0.9788648506399318 1.2829599029020373
35 350 0.11303688788636984 1.25184384260276 0.5870428445124075 0.5870428445124075 0.62418921687036 0.6690083855456329 0.6864227206536394 0.7248351941647577 0.8045535044916394 0.8179675855420778 0.8518603486567956 0.9736276904838284 1.25184384260276
36 360 0.11273260603103392 1.2613248593757718 0.5707328778514785 0.5707328778514785 0.6342056778525894 0.6674728952248629 0.6813824157408043 0.727850959177693 0.7885539622633774 0.8143835616778463 0.8434510278319084 0.9537110839883025 1.2613248593757718
37 370 0.10674277294997153 1.2301993825598054 0.5538796861190411 0.5538796861190411 0.6229258917776709 0.6370597553025203 0.6883359436251667 0.7176422494906245 0.7973441611365469 0.8223756758864554 0.8817899795908698 0.9551637633588429 1.2301993825598054
38 380 0.1098483165875623 1.2297450242381525 0.5452908417311918 0.5452908417311918 0.6025646416237971 0.6309748019801233 0.6811365366635982 0.6998135007337344 0.7760745059485201 0.8255379930259579 0.8897887390191989 0.9619410275320074 1.2297450242381525
39 390 0.10848653110833295 1.2928365214581365 0.5462220082213787 0.5462220082213787 0.6022538013724723 0.6092863599075001 0.6800054761749743 0.6889495576719004 0.7728463069188461 0.8182392116803336 0.8809596213533575 0.964087797732166 1.2928365214581365
40 400 0.10627053556741985 1.2865985542742941 0.5426536859269205 0.5426536859269205 0.5866795765337869 0.6105910274976754 0.6557179696312261 0.7017325705319725 0.7698278344576054 0.8066824071357812 0.8944168818761296 0.9715491700604739 1.2865985542742941
41 410 0.10579904927515114 1.3064440699750286 0.5211653272004333 0.5211653272004333 0.5637741346254734 0.6091472776883214 0.6374923455810572 0.693559684395704 0.7771391744991204 0.8236379901581298 0.9074012926243579 0.9668527291016381 1.3064440699750286
42 420 0.10302539787317665 1.2952130839228324 0.5137509064782693 0.5137509064782693 0.5486396914852357 0.6087312100970739 0.6436661998591676 0.6856136302368199 0.7682476893587536 0.8236637400742018 0.9219229006067972 0.9676731307935704 1.2952130839228324
43 430 0.1042892260244112 1.318065575401049 0.5075452033175945 0.5075452033175945 0.555677997938582 0.5798398281338856 0.6456247888638614 0.6727521246280748 0.7616641004892086 0.8320089744580332 0.9109006172531248 0.9457649897048982 1.318065575401049
44 440 0.09672709806318867 1.305687723394987 0.49380560260357076 0.49380560260357076 0.5515745654001692 0.6085956327972576 0.6421972740856672 0.6632956830002126 0.745570715689157 0.8271567140854201 0.9020713514370794 0.9755163556967905 1.305687723394987
