% # columns="iteration, evaluation, min max(neg(.)) min(pos(.)) max correlation, correlation matrix principle axes lengths  (sorted square roots of eigenvalues of correlation matrix)", seed=1053610, Wed Mar 11 16:01:03 2020
1 10 -0.0562748962423088 -0.01503242491593778 0.008418772911272954 0.029049324481986168 0.9342895503806612 0.9713924596642945 0.9800281733754603 0.9976787454243874 1.001948887623404 1.006588054503962 1.010443571322167 1.013495528417032 1.0238921020172222 1.055479088980416
2 20 -0.06064261434310041 -0.014725322655224169 0.021431097582523647 0.07811359539570467 0.9342895503806612 0.9713924596642945 0.9800281733754603 0.9976787454243874 1.001948887623404 1.006588054503962 1.010443571322167 1.013495528417032 1.0238921020172222 1.055479088980416
3 30 -0.08697769005176162 -0.01961421281980877 0.03379574265079815 0.0846646878917441 0.9342895503806612 0.9713924596642945 0.9800281733754603 0.9976787454243874 1.001948887623404 1.006588054503962 1.010443571322167 1.013495528417032 1.0238921020172222 1.055479088980416
4 40 -0.11028167588505727 -0.012046101680679322 0.029992989994093174 0.13904546927769204 0.9342895503806612 0.9713924596642945 0.9800281733754603 0.9976787454243874 1.001948887623404 1.006588054503962 1.010443571322167 1.013495528417032 1.0238921020172222 1.055479088980416
5 50 -0.10707007777506883 -0.01937133744506233 0.036979302251682375 0.11371037117714902 0.9342895503806612 0.9713924596642945 0.9800281733754603 0.9976787454243874 1.001948887623404 1.006588054503962 1.010443571322167 1.013495528417032 1.0238921020172222 1.055479088980416
6 60 -0.10877232608235704 -0.022824408130181793 0.055626476919857205 0.13803293699175626 0.9342895503806612 0.9713924596642945 0.9800281733754603 0.9976787454243874 1.001948887623404 1.006588054503962 1.010443571322167 1.013495528417032 1.0238921020172222 1.055479088980416
7 70 -0.11505614996946859 -0.02339211295817055 0.05955516027745931 0.17324165840900319 0.9342895503806612 0.9713924596642945 0.9800281733754603 0.9976787454243874 1.001948887623404 1.006588054503962 1.010443571322167 1.013495528417032 1.0238921020172222 1.055479088980416
8 80 -0.13268266475651777 -0.05458831370565662 0.07384936557862026 0.16884665995984324 0.9342895503806612 0.9713924596642945 0.9800281733754603 0.9976787454243874 1.001948887623404 1.006588054503962 1.010443571322167 1.013495528417032 1.0238921020172222 1.055479088980416
9 90 -0.12768208252965224 -0.0565338288593416 0.06418598709838319 0.19116676343328223 0.9342895503806612 0.9713924596642945 0.9800281733754603 0.9976787454243874 1.001948887623404 1.006588054503962 1.010443571322167 1.013495528417032 1.0238921020172222 1.055479088980416
10 100 -0.12522965529202418 -0.047488507510074295 0.08055227825870753 0.21888259348308892 0.9342895503806612 0.9713924596642945 0.9800281733754603 0.9976787454243874 1.001948887623404 1.006588054503962 1.010443571322167 1.013495528417032 1.0238921020172222 1.055479088980416
11 110 -0.1358288102527541 -0.03696020069505464 0.09460888197749773 0.23702199558641873 0.7984918649708825 0.8296188874598663 0.8525749505715926 0.9186422787668715 0.9623814421275407 1.0002542594690993 1.0433534345114523 1.1257546550224466 1.1356401919347499 1.2373683196923722
12 120 -0.14758234494572608 -0.011503214226519919 0.09929876718883152 0.2324163338848868 0.7984918649708825 0.8296188874598663 0.8525749505715926 0.9186422787668715 0.9623814421275407 1.0002542594690993 1.0433534345114523 1.1257546550224466 1.1356401919347499 1.2373683196923722
13 130 -0.15341147268447558 0.006888918397452776 0.10568027369498327 0.24848589381981845 0.7984918649708825 0.8296188874598663 0.8525749505715926 0.9186422787668715 0.9623814421275407 1.0002542594690993 1.0433534345114523 1.1257546550224466 1.1356401919347499 1.2373683196923722
14 140 -0.1190869140476859 0.004390174676326445 0.10583735229982986 0.2584455470291345 0.7984918649708825 0.8296188874598663 0.8525749505715926 0.9186422787668715 0.9623814421275407 1.0002542594690993 1.0433534345114523 1.1257546550224466 1.1356401919347499 1.2373683196923722
15 150 -0.15229992518660607 0.0026895980591275575 0.10936576250117946 0.27252281829592007 0.7984918649708825 0.8296188874598663 0.8525749505715926 0.9186422787668715 0.9623814421275407 1.0002542594690993 1.0433534345114523 1.1257546550224466 1.1356401919347499 1.2373683196923722
16 160 -0.16417099468628976 -0.01937358305834716 0.12343824226975314 0.2548749798620609 0.7984918649708825 0.8296188874598663 0.8525749505715926 0.9186422787668715 0.9623814421275407 1.0002542594690993 1.0433534345114523 1.1257546550224466 1.1356401919347499 1.2373683196923722
17 170 -0.17481224147192254 -0.021877272445876207 0.11810453858054934 0.23237925903451506 0.7984918649708825 0.8296188874598663 0.8525749505715926 0.9186422787668715 0.9623814421275407 1.0002542594690993 1.0433534345114523 1.1257546550224466 1.1356401919347499 1.2373683196923722
18 180 -0.22138966758607928 -0.04296094820539578 0.0981054907825834 0.22223332372984922 0.7984918649708825 0.8296188874598663 0.8525749505715926 0.9186422787668715 0.9623814421275407 1.0002542594690993 1.0433534345114523 1.1257546550224466 1.1356401919347499 1.2373683196923722
19 190 -0.20504810320332245 -0.02452371043784775 0.11240579509070199 0.23508491874383228 0.7984918649708825 0.8296188874598663 0.8525749505715926 0.9186422787668715 0.9623814421275407 1.0002542594690993 1.0433534345114523 1.1257546550224466 1.1356401919347499 1.2373683196923722
20 200 -0.16956294987770557 -0.02520317016315345 0.11282073590433159 0.24263569622301995 0.7984918649708825 0.8296188874598663 0.8525749505715926 0.9186422787668715 0.9623814421275407 1.0002542594690993 1.0433534345114523 1.1257546550224466 1.1356401919347499 1.2373683196923722
21 210 -0.17543424077979813 -0.04601762693878243 0.12007505336498858 0.24666043307792032 0.7576954121599926 0.8181675766162699 0.8639579796807181 0.9312611902693202 0.957437143178032 1.0033965342938174 1.0256885037237244 1.043301200535403 1.1947363779478317 1.2850793287336215
22 220 -0.18974885947734266 -0.04554390670186671 0.09617447810668252 0.24714728697596802 0.7576954121599926 0.8181675766162699 0.8639579796807181 0.9312611902693202 0.957437143178032 1.0033965342938174 1.0256885037237244 1.043301200535403 1.1947363779478317 1.2850793287336215
23 230 -0.1855412477941626 -0.046542116919503156 0.09548031139343297 0.24685664414591954 0.7576954121599926 0.8181675766162699 0.8639579796807181 0.9312611902693202 0.957437143178032 1.0033965342938174 1.0256885037237244 1.043301200535403 1.1947363779478317 1.2850793287336215
24 240 -0.20850668515893747 -0.042545709560334245 0.08931811224557257 0.2489560223466525 0.7576954121599926 0.8181675766162699 0.8639579796807181 0.9312611902693202 0.957437143178032 1.0033965342938174 1.0256885037237244 1.043301200535403 1.1947363779478317 1.2850793287336215
25 250 -0.19762715122838967 -0.037939974057485455 0.09065560483168096 0.22435726067483636 0.7576954121599926 0.8181675766162699 0.8639579796807181 0.9312611902693202 0.957437143178032 1.0033965342938174 1.0256885037237244 1.043301200535403 1.1947363779478317 1.2850793287336215
26 260 -0.21278321180346496 -0.03528217385310591 0.09329761690536101 0.19086220058253595 0.7576954121599926 0.8181675766162699 0.8639579796807181 0.9312611902693202 0.957437143178032 1.0033965342938174 1.0256885037237244 1.043301200535403 1.1947363779478317 1.2850793287336215
27 270 -0.2371236928014711 -0.06363225908775696 0.08523036267692057 0.1925850452769706 0.7576954121599926 0.8181675766162699 0.8639579796807181 0.9312611902693202 0.957437143178032 1.0033965342938174 1.0256885037237244 1.043301200535403 1.1947363779478317 1.2850793287336215
28 280 -0.25185727904728883 -0.0615966476205507 0.10493232812948008 0.20886257018005855 0.7576954121599926 0.8181675766162699 0.8639579796807181 0.9312611902693202 0.957437143178032 1.0033965342938174 1.0256885037237244 1.043301200535403 1.1947363779478317 1.2850793287336215
29 290 -0.24801351305083363 -0.06182002706493227 0.08702993150104849 0.21597711883684378 0.7576954121599926 0.8181675766162699 0.8639579796807181 0.9312611902693202 0.957437143178032 1.0033965342938174 1.0256885037237244 1.043301200535403 1.1947363779478317 1.2850793287336215
30 300 -0.23314779428525714 -0.061454814947058845 0.09182321104726407 0.20802457693771584 0.7576954121599926 0.8181675766162699 0.8639579796807181 0.9312611902693202 0.957437143178032 1.0033965342938174 1.0256885037237244 1.043301200535403 1.1947363779478317 1.2850793287336215
31 310 -0.21562889376581942 -0.06650744684267046 0.08307087444353953 0.20310206106557305 0.6995886183308498 0.8278746535695837 0.8383465051087468 0.9318593781553367 0.962409923045024 1.0048976758907082 1.0574027394016274 1.1080819025194466 1.1763905136065864 1.2602061991277647
32 320 -0.222852084868879 -0.08568717376952358 0.08668263812415399 0.19253223623160026 0.6995886183308498 0.8278746535695837 0.8383465051087468 0.9318593781553367 0.962409923045024 1.0048976758907082 1.0574027394016274 1.1080819025194466 1.1763905136065864 1.2602061991277647
33 330 -0.2074443657556698 -0.0774123058715935 0.09921590251915857 0.19225649934292677 0.6995886183308498 0.8278746535695837 0.8383465051087468 0.9318593781553367 0.962409923045024 1.0048976758907082 1.0574027394016274 1.1080819025194466 1.1763905136065864 1.2602061991277647
34 340 -0.19597300910653453 -0.09096358027443763 0.10403639297046492 0.19754497473197793 0.6995886183308498 0.8278746535695837 0.8383465051087468 0.9318593781553367 0.962409923045024 1.0048976758907082 1.0574027394016274 1.1080819025194466 1.1763905136065864 1.2602061991277647
35 350 -0.20917725192500236 -0.0968991791428865 0.10663248811071728 0.20310235317592598 0.6995886183308498 0.8278746535695837 0.8383465051087468 0.9318593781553367 0.962409923045024 1.0048976758907082 1.0574027394016274 1.1080819025194466 1.1763905136065864 1.2602061991277647
36 360 -0.20526526549459034 -0.09617719514992008 0.10528764866973808 0.23027851867688554 0.6995886183308498 0.8278746535695837 0.8383465051087468 0.9318593781553367 0.962409923045024 1.0048976758907082 1.0574027394016274 1.1080819025194466 1.1763905136065864 1.2602061991277647
37 370 -0.17068081058840892 -0.08057164679195206 0.09914568532179391 0.2512137328771244 0.6995886183308498 0.8278746535695837 0.8383465051087468 0.9318593781553367 0.962409923045024 1.0048976758907082 1.0574027394016274 1.1080819025194466 1.1763905136065864 1.2602061991277647
38 380 -0.20361834364482992 -0.06672386309794248 0.08199109088419097 0.2885098017300264 0.6995886183308498 0.8278746535695837 0.8383465051087468 0.9318593781553367 0.962409923045024 1.0048976758907082 1.0574027394016274 1.1080819025194466 1.1763905136065864 1.2602061991277647
39 390 -0.20417334291675002 -0.08830082311211604 0.09043012361103137 0.31299296559116 0.6995886183308498 0.8278746535695837 0.8383465051087468 0.9318593781553367 0.962409923045024 1.0048976758907082 1.0574027394016274 1.1080819025194466 1.1763905136065864 1.2602061991277647
40 400 -0.2179390817079948 -0.09059157157884344 0.08567750384217321 0.3002162634578706 0.6995886183308498 0.8278746535695837 0.8383465051087468 0.9318593781553367 0.962409923045024 1.0048976758907082 1.0574027394016274 1.1080819025194466 1.1763905136065864 1.2602061991277647
41 410 -0.21583080332704807 -0.07987586819192044 0.07499230096853787 0.28630962284851275 0.7203495634799326 0.7282735418790319 0.8397935495129195 0.8694196972452286 1.0014680405403282 1.0147039058316267 1.0675788611243564 1.1306858526428891 1.189350071820611 1.2744721929771772
42 420 -0.2659939682343096 -0.08299207827248692 0.07770124888638144 0.29712656570129614 0.7203495634799326 0.7282735418790319 0.8397935495129195 0.8694196972452286 1.0014680405403282 1.0147039058316267 1.0675788611243564 1.1306858526428891 1.189350071820611 1.2744721929771772
43 430 -0.26387034233699147 -0.09139767574163685 0.08553698006508273 0.3436865716981807 0.7203495634799326 0.7282735418790319 0.8397935495129195 0.8694196972452286 1.0014680405403282 1.0147039058316267 1.0675788611243564 1.1306858526428891 1.189350071820611 1.2744721929771772
44 440 -0.25026880299370724 -0.0866867362015917 0.07842284639279315 0.32675810228670665 0.7203495634799326 0.7282735418790319 0.8397935495129195 0.8694196972452286 1.0014680405403282 1.0147039058316267 1.0675788611243564 1.1306858526428891 1.189350071820611 1.2744721929771772
45 450 -0.2680491605003259 -0.10549753317154728 0.06749028379281621 0.3383175880647896 0.7203495634799326 0.7282735418790319 0.8397935495129195 0.8694196972452286 1.0014680405403282 1.0147039058316267 1.0675788611243564 1.1306858526428891 1.189350071820611 1.2744721929771772
46 460 -0.29814532906318386 -0.09201421998675843 0.06302058351246867 0.3656949916375924 0.7203495634799326 0.7282735418790319 0.8397935495129195 0.8694196972452286 1.0014680405403282 1.0147039058316267 1.0675788611243564 1.1306858526428891 1.189350071820611 1.2744721929771772
47 470 -0.34692508546057765 -0.09816430828308004 0.0759139883856642 0.3574005874263524 0.7203495634799326 0.7282735418790319 0.8397935495129195 0.8694196972452286 1.0014680405403282 1.0147039058316267 1.0675788611243564 1.1306858526428891 1.189350071820611 1.2744721929771772
48 480 -0.3620917427956818 -0.08501668428671103 0.0811084174473183 0.3415427300962715 0.7203495634799326 0.7282735418790319 0.8397935495129195 0.8694196972452286 1.0014680405403282 1.0147039058316267 1.0675788611243564 1.1306858526428891 1.189350071820611 1.2744721929771772
49 490 -0.3584926434738303 -0.10867427463646248 0.08028877385025474 0.3454420302035446 0.7203495634799326 0.7282735418790319 0.8397935495129195 0.8694196972452286 1.0014680405403282 1.0147039058316267 1.0675788611243564 1.1306858526428891 1.189350071820611 1.2744721929771772
50 500 -0.39096833667105135 -0.12563533716579542 0.08285966062945019 0.35186082616154213 0.7203495634799326 0.7282735418790319 0.8397935495129195 0.8694196972452286 1.0014680405403282 1.0147039058316267 1.0675788611243564 1.1306858526428891 1.189350071820611 1.2744721929771772
51 510 -0.392071573481155 -0.11882525219450948 0.08093710135599365 0.3987097140345394 0.626713434596881 0.6835162431100922 0.7787566280925794 0.8510214467132524 0.9049763045247687 1.0200780340511024 1.056836994996034 1.1974094588280448 1.2926796602189072 1.314564783646947
52 520 -0.42640585247197255 -0.12422646219525205 0.06430730890824929 0.37918718761397824 0.626713434596881 0.6835162431100922 0.7787566280925794 0.8510214467132524 0.9049763045247687 1.0200780340511024 1.056836994996034 1.1974094588280448 1.2926796602189072 1.314564783646947
53 530 -0.3976348249708596 -0.1344713693608707 0.0623812029460986 0.32727859381161223 0.626713434596881 0.6835162431100922 0.7787566280925794 0.8510214467132524 0.9049763045247687 1.0200780340511024 1.056836994996034 1.1974094588280448 1.2926796602189072 1.314564783646947
54 540 -0.4030569883380272 -0.13559073254527282 0.06191827969946129 0.30517142832032035 0.626713434596881 0.6835162431100922 0.7787566280925794 0.8510214467132524 0.9049763045247687 1.0200780340511024 1.056836994996034 1.1974094588280448 1.2926796602189072 1.314564783646947
55 550 -0.3672066204663792 -0.14424014002584817 0.08095068010507252 0.2763912663330246 0.626713434596881 0.6835162431100922 0.7787566280925794 0.8510214467132524 0.9049763045247687 1.0200780340511024 1.056836994996034 1.1974094588280448 1.2926796602189072 1.314564783646947
56 560 -0.3484979575204839 -0.10282101469989852 0.10429663810211545 0.26403754720294104 0.626713434596881 0.6835162431100922 0.7787566280925794 0.8510214467132524 0.9049763045247687 1.0200780340511024 1.056836994996034 1.1974094588280448 1.2926796602189072 1.314564783646947
57 570 -0.3379014538686159 -0.10422173241419963 0.08146459407878232 0.26872616189178494 0.626713434596881 0.6835162431100922 0.7787566280925794 0.8510214467132524 0.9049763045247687 1.0200780340511024 1.056836994996034 1.1974094588280448 1.2926796602189072 1.314564783646947
58 580 -0.3431076183657662 -0.11341720786257449 0.09275610430850206 0.27034405350675966 0.626713434596881 0.6835162431100922 0.7787566280925794 0.8510214467132524 0.9049763045247687 1.0200780340511024 1.056836994996034 1.1974094588280448 1.2926796602189072 1.314564783646947
59 590 -0.3527033435015588 -0.11398644959751378 0.054362152996684315 0.3020605636031151 0.626713434596881 0.6835162431100922 0.7787566280925794 0.8510214467132524 0.9049763045247687 1.0200780340511024 1.056836994996034 1.1974094588280448 1.2926796602189072 1.314564783646947
60 600 -0.37230709272784507 -0.12424374114409739 0.05716619567785401 0.3613035872127924 0.626713434596881 0.6835162431100922 0.7787566280925794 0.8510214467132524 0.9049763045247687 1.0200780340511024 1.056836994996034 1.1974094588280448 1.2926796602189072 1.314564783646947
61 610 -0.3198419988827044 -0.11601389011987065 0.0829581231672016 0.3681580649784136 0.6108627857526481 0.7112152903984159 0.8168850730064087 0.8621952518920506 0.8986826725654719 0.9620969902735637 1.0634230238001199 1.1333435805106475 1.3003469716819835 1.367785795489144
62 620 -0.3076924109768133 -0.13918911062583605 0.08039782241948874 0.3615074727222323 0.6108627857526481 0.7112152903984159 0.8168850730064087 0.8621952518920506 0.8986826725654719 0.9620969902735637 1.0634230238001199 1.1333435805106475 1.3003469716819835 1.367785795489144
63 630 -0.3184844669553007 -0.1487431139821282 0.08656050076447258 0.33745920560916076 0.6108627857526481 0.7112152903984159 0.8168850730064087 0.8621952518920506 0.8986826725654719 0.9620969902735637 1.0634230238001199 1.1333435805106475 1.3003469716819835 1.367785795489144
64 640 -0.33503782524016523 -0.1320166432875641 0.07050323019428917 0.3362783972948111 0.6108627857526481 0.7112152903984159 0.8168850730064087 0.8621952518920506 0.8986826725654719 0.9620969902735637 1.0634230238001199 1.1333435805106475 1.3003469716819835 1.367785795489144
65 650 -0.34248586281894344 -0.14242115432676933 0.07349777764457882 0.30955441155586416 0.6108627857526481 0.7112152903984159 0.8168850730064087 0.8621952518920506 0.8986826725654719 0.9620969902735637 1.0634230238001199 1.1333435805106475 1.3003469716819835 1.367785795489144
66 660 -0.31066559348737094 -0.1499588040670509 0.06003223147131985 0.28721435338570006 0.6108627857526481 0.7112152903984159 0.8168850730064087 0.8621952518920506 0.8986826725654719 0.9620969902735637 1.0634230238001199 1.1333435805106475 1.3003469716819835 1.367785795489144
67 670 -0.29523461797058176 -0.13996966070062067 0.06089241606295528 0.25073896679478636 0.6108627857526481 0.7112152903984159 0.8168850730064087 0.8621952518920506 0.8986826725654719 0.9620969902735637 1.0634230238001199 1.1333435805106475 1.3003469716819835 1.367785795489144
68 680 -0.3531328093929277 -0.1410750429868597 0.06006822720904868 0.25285542984971676 0.6108627857526481 0.7112152903984159 0.8168850730064087 0.8621952518920506 0.8986826725654719 0.9620969902735637 1.0634230238001199 1.1333435805106475 1.3003469716819835 1.367785795489144
69 690 -0.35398024048569926 -0.1434143759175417 0.05969975516237215 0.27387949891565944 0.6108627857526481 0.7112152903984159 0.8168850730064087 0.8621952518920506 0.8986826725654719 0.9620969902735637 1.0634230238001199 1.1333435805106475 1.3003469716819835 1.367785795489144
70 700 -0.36494009795179544 -0.15782774744878003 0.057117307114801966 0.26088691892402965 0.6108627857526481 0.7112152903984159 0.8168850730064087 0.8621952518920506 0.8986826725654719 0.9620969902735637 1.0634230238001199 1.1333435805106475 1.3003469716819835 1.367785795489144
71 710 -0.4046178329335121 -0.16312513215519714 0.06150238268372379 0.3077940205219919 0.5790827773160742 0.7607403885833157 0.8162501856395263 0.8398988669699243 0.9260789998797242 0.9749740722741373 1.073046822388383 1.0995024674931266 1.2301152907456654 1.4256672762911642
72 720 -0.4036224610341724 -0.16177560794559542 0.06281743820302989 0.2884751518838203 0.5790827773160742 0.7607403885833157 0.8162501856395263 0.8398988669699243 0.9260789998797242 0.9749740722741373 1.073046822388383 1.0995024674931266 1.2301152907456654 1.4256672762911642
73 730 -0.4028372281685521 -0.16079942691477608 0.06718996535926819 0.27980697572143864 0.5790827773160742 0.7607403885833157 0.8162501856395263 0.8398988669699243 0.9260789998797242 0.9749740722741373 1.073046822388383 1.0995024674931266 1.2301152907456654 1.4256672762911642
74 740 -0.3956974687336253 -0.15344962543200538 0.06637181694622685 0.34070471307228134 0.5790827773160742 0.7607403885833157 0.8162501856395263 0.8398988669699243 0.9260789998797242 0.9749740722741373 1.073046822388383 1.0995024674931266 1.2301152907456654 1.4256672762911642
75 750 -0.3933339752362484 -0.15223956692266144 0.06548255192195904 0.3628963746373423 0.5790827773160742 0.7607403885833157 0.8162501856395263 0.8398988669699243 0.9260789998797242 0.9749740722741373 1.073046822388383 1.0995024674931266 1.2301152907456654 1.4256672762911642
76 760 -0.3721204760036403 -0.1534112794278027 0.0661871915815567 0.36988075033225776 0.5790827773160742 0.7607403885833157 0.8162501856395263 0.8398988669699243 0.9260789998797242 0.9749740722741373 1.073046822388383 1.0995024674931266 1.2301152907456654 1.4256672762911642
77 770 -0.3532689245464279 -0.16287980894138204 0.06461792278257786 0.38128739334589146 0.5790827773160742 0.7607403885833157 0.8162501856395263 0.8398988669699243 0.9260789998797242 0.9749740722741373 1.073046822388383 1.0995024674931266 1.2301152907456654 1.4256672762911642
78 780 -0.35530277901496615 -0.14612795119581581 0.05237116041918741 0.38325579029218326 0.5790827773160742 0.7607403885833157 0.8162501856395263 0.8398988669699243 0.9260789998797242 0.9749740722741373 1.073046822388383 1.0995024674931266 1.2301152907456654 1.4256672762911642
79 790 -0.32751037206329425 -0.15737657934149624 0.06652061480837144 0.3847834461144022 0.5790827773160742 0.7607403885833157 0.8162501856395263 0.8398988669699243 0.9260789998797242 0.9749740722741373 1.073046822388383 1.0995024674931266 1.2301152907456654 1.4256672762911642
80 800 -0.31037151084206793 -0.16368865120532256 0.04148491609972985 0.393162283599965 0.5790827773160742 0.7607403885833157 0.8162501856395263 0.8398988669699243 0.9260789998797242 0.9749740722741373 1.073046822388383 1.0995024674931266 1.2301152907456654 1.4256672762911642
81 810 -0.3255077795601045 -0.16193955893982975 0.04843671156483979 0.3992685287942877 0.6462230410917856 0.7238288079664882 0.8021779496477621 0.8932138819166736 0.9186106860617482 0.9486441680068808 1.028737152812925 1.0998242633968438 1.2794420365809576 1.4030289808928997
82 820 -0.3245219595995865 -0.14728529396944254 0.035778856883069726 0.40827783372912835 0.6462230410917856 0.7238288079664882 0.8021779496477621 0.8932138819166736 0.9186106860617482 0.9486441680068808 1.028737152812925 1.0998242633968438 1.2794420365809576 1.4030289808928997
83 830 -0.331236301924229 -0.1458346007595821 0.04836445644565954 0.39060640793229695 0.6462230410917856 0.7238288079664882 0.8021779496477621 0.8932138819166736 0.9186106860617482 0.9486441680068808 1.028737152812925 1.0998242633968438 1.2794420365809576 1.4030289808928997
84 840 -0.30259251391481323 -0.1525982965193745 0.05474254209902197 0.3866248390905332 0.6462230410917856 0.7238288079664882 0.8021779496477621 0.8932138819166736 0.9186106860617482 0.9486441680068808 1.028737152812925 1.0998242633968438 1.2794420365809576 1.4030289808928997
85 850 -0.31119555413522865 -0.1569456165699602 0.052804683110669215 0.40743575812502947 0.6462230410917856 0.7238288079664882 0.8021779496477621 0.8932138819166736 0.9186106860617482 0.9486441680068808 1.028737152812925 1.0998242633968438 1.2794420365809576 1.4030289808928997
86 860 -0.3159708713253094 -0.14698031044179208 0.07604039501184943 0.4140410289740909 0.6462230410917856 0.7238288079664882 0.8021779496477621 0.8932138819166736 0.9186106860617482 0.9486441680068808 1.028737152812925 1.0998242633968438 1.2794420365809576 1.4030289808928997
87 870 -0.3231052238066876 -0.13076650593684208 0.08834395843220366 0.41189540246539486 0.6462230410917856 0.7238288079664882 0.8021779496477621 0.8932138819166736 0.9186106860617482 0.9486441680068808 1.028737152812925 1.0998242633968438 1.2794420365809576 1.4030289808928997
88 880 -0.34260140522141447 -0.14329576918561626 0.08134388714283729 0.4162701674996972 0.6462230410917856 0.7238288079664882 0.8021779496477621 0.8932138819166736 0.9186106860617482 0.9486441680068808 1.028737152812925 1.0998242633968438 1.2794420365809576 1.4030289808928997
89 890 -0.4015297249795297 -0.1263862711622092 0.07690185983864437 0.3729286859631929 0.6462230410917856 0.7238288079664882 0.8021779496477621 0.8932138819166736 0.9186106860617482 0.9486441680068808 1.028737152812925 1.0998242633968438 1.2794420365809576 1.4030289808928997
90 900 -0.4567866497750662 -0.12377737144031556 0.07522441626039034 0.3202691472893983 0.6462230410917856 0.7238288079664882 0.8021779496477621 0.8932138819166736 0.9186106860617482 0.9486441680068808 1.028737152812925 1.0998242633968438 1.2794420365809576 1.4030289808928997
91 910 -0.4525320458084493 -0.12596104537885094 0.0802079105923619 0.3214740701421909 0.600365289776864 0.7167037198566187 0.7988980546168738 0.8705974308377377 0.9026328351740464 0.991854733965073 1.0763395270079763 1.1413937837036883 1.2065378011213816 1.4192171953889503
92 920 -0.4614907748853856 -0.1370120435112145 0.08578144460713302 0.35528699204616027 0.600365289776864 0.7167037198566187 0.7988980546168738 0.8705974308377377 0.9026328351740464 0.991854733965073 1.0763395270079763 1.1413937837036883 1.2065378011213816 1.4192171953889503
93 930 -0.42793001408256187 -0.14283534365245218 0.0861916995308013 0.33699737759348863 0.600365289776864 0.7167037198566187 0.7988980546168738 0.8705974308377377 0.9026328351740464 0.991854733965073 1.0763395270079763 1.1413937837036883 1.2065378011213816 1.4192171953889503
94 940 -0.43950406203242576 -0.15502127044574376 0.07875875663498612 0.3336567438329469 0.600365289776864 0.7167037198566187 0.7988980546168738 0.8705974308377377 0.9026328351740464 0.991854733965073 1.0763395270079763 1.1413937837036883 1.2065378011213816 1.4192171953889503
95 950 -0.44200077527618353 -0.14514759568329866 0.11238084351498072 0.3242377404932 0.600365289776864 0.7167037198566187 0.7988980546168738 0.8705974308377377 0.9026328351740464 0.991854733965073 1.0763395270079763 1.1413937837036883 1.2065378011213816 1.4192171953889503
96 960 -0.4119930997645177 -0.12723046361831203 0.10751698123243558 0.35365830101147633 0.600365289776864 0.7167037198566187 0.7988980546168738 0.8705974308377377 0.9026328351740464 0.991854733965073 1.0763395270079763 1.1413937837036883 1.2065378011213816 1.4192171953889503
97 970 -0.4301906042997007 -0.12738715332378206 0.10094469589021658 0.3465929193338814 0.600365289776864 0.7167037198566187 0.7988980546168738 0.8705974308377377 0.9026328351740464 0.991854733965073 1.0763395270079763 1.1413937837036883 1.2065378011213816 1.4192171953889503
98 980 -0.44887590558953133 -0.14413985956300923 0.10648301040601862 0.33666761937528755 0.600365289776864 0.7167037198566187 0.7988980546168738 0.8705974308377377 0.9026328351740464 0.991854733965073 1.0763395270079763 1.1413937837036883 1.2065378011213816 1.4192171953889503
99 990 -0.47335288096775896 -0.13387055345979054 0.09853774023913073 0.32236095154396854 0.600365289776864 0.7167037198566187 0.7988980546168738 0.8705974308377377 0.9026328351740464 0.991854733965073 1.0763395270079763 1.1413937837036883 1.2065378011213816 1.4192171953889503
100 1000 -0.46714756831621645 -0.14303525187131455 0.09035441717249908 0.31227784727848024 0.600365289776864 0.7167037198566187 0.7988980546168738 0.8705974308377377 0.9026328351740464 0.991854733965073 1.0763395270079763 1.1413937837036883 1.2065378011213816 1.4192171953889503
101 1010 -0.4543412312528309 -0.14071391262767877 0.09699312740828618 0.30549813210345755 0.6313420413367997 0.7174209596025664 0.8110105622356069 0.8310045091290227 0.9022383104095516 0.9436333367317276 1.037106538054454 1.1646514060665176 1.203542731937141 1.467450833188038
102 1020 -0.4620689374676761 -0.14347700652505652 0.10216235621808029 0.29535153535506575 0.6313420413367997 0.7174209596025664 0.8110105622356069 0.8310045091290227 0.9022383104095516 0.9436333367317276 1.037106538054454 1.1646514060665176 1.203542731937141 1.467450833188038
103 1030 -0.4668367868205442 -0.13418086582674815 0.09289051044604961 0.3111997678939286 0.6313420413367997 0.7174209596025664 0.8110105622356069 0.8310045091290227 0.9022383104095516 0.9436333367317276 1.037106538054454 1.1646514060665176 1.203542731937141 1.467450833188038
104 1040 -0.4651104030634788 -0.15281935469247912 0.09328578263380881 0.30975269971206304 0.6313420413367997 0.7174209596025664 0.8110105622356069 0.8310045091290227 0.9022383104095516 0.9436333367317276 1.037106538054454 1.1646514060665176 1.203542731937141 1.467450833188038
105 1050 -0.4750830546801044 -0.15828851191274004 0.08370626446458254 0.3622261291076193 0.6313420413367997 0.7174209596025664 0.8110105622356069 0.8310045091290227 0.9022383104095516 0.9436333367317276 1.037106538054454 1.1646514060665176 1.203542731937141 1.467450833188038
106 1060 -0.4741328560040566 -0.12222576818636977 0.0812489306525398 0.33307996307034093 0.6313420413367997 0.7174209596025664 0.8110105622356069 0.8310045091290227 0.9022383104095516 0.9436333367317276 1.037106538054454 1.1646514060665176 1.203542731937141 1.467450833188038
107 1070 -0.4764527475484799 -0.13371581765209406 0.09937185138284735 0.3467631299183527 0.6313420413367997 0.7174209596025664 0.8110105622356069 0.8310045091290227 0.9022383104095516 0.9436333367317276 1.037106538054454 1.1646514060665176 1.203542731937141 1.467450833188038
108 1080 -0.462959800926192 -0.14731225199783096 0.10302269992166997 0.35249985579351617 0.6313420413367997 0.7174209596025664 0.8110105622356069 0.8310045091290227 0.9022383104095516 0.9436333367317276 1.037106538054454 1.1646514060665176 1.203542731937141 1.467450833188038
109 1090 -0.46271963757501927 -0.1586220642879771 0.10781786019731668 0.34462626938849217 0.6313420413367997 0.7174209596025664 0.8110105622356069 0.8310045091290227 0.9022383104095516 0.9436333367317276 1.037106538054454 1.1646514060665176 1.203542731937141 1.467450833188038
110 1100 -0.4558482491624789 -0.14468506335832565 0.09944290210924728 0.34293461007172876 0.6313420413367997 0.7174209596025664 0.8110105622356069 0.8310045091290227 0.9022383104095516 0.9436333367317276 1.037106538054454 1.1646514060665176 1.203542731937141 1.467450833188038
111 1110 -0.4472123747163833 -0.15465057018241415 0.08751138019056008 0.3382647858086986 0.6719627926190614 0.7076164558099257 0.7679812222515604 0.8491088492606894 0.8742079873947048 0.9200027572432089 1.0647052310881575 1.1626713565327402 1.2140907939217838 1.4720397122106366
112 1120 -0.42054197860961373 -0.13830076039082334 0.07692789149897919 0.31814066559990384 0.6719627926190614 0.7076164558099257 0.7679812222515604 0.8491088492606894 0.8742079873947048 0.9200027572432089 1.0647052310881575 1.1626713565327402 1.2140907939217838 1.4720397122106366
113 1130 -0.4153359292471304 -0.13568480018311876 0.08390633974668904 0.3311417834554202 0.6719627926190614 0.7076164558099257 0.7679812222515604 0.8491088492606894 0.8742079873947048 0.9200027572432089 1.0647052310881575 1.1626713565327402 1.2140907939217838 1.4720397122106366
114 1140 -0.382904165720421 -0.12531192434530353 0.10113884223500365 0.33744409775240036 0.6719627926190614 0.7076164558099257 0.7679812222515604 0.8491088492606894 0.8742079873947048 0.9200027572432089 1.0647052310881575 1.1626713565327402 1.2140907939217838 1.4720397122106366
115 1150 -0.3548223076017984 -0.13702323777076458 0.1153708618570379 0.34632817678546335 0.6719627926190614 0.7076164558099257 0.7679812222515604 0.8491088492606894 0.8742079873947048 0.9200027572432089 1.0647052310881575 1.1626713565327402 1.2140907939217838 1.4720397122106366
116 1160 -0.3502005145715622 -0.1324729354875831 0.10322168759144953 0.3230717669564727 0.6719627926190614 0.7076164558099257 0.7679812222515604 0.8491088492606894 0.8742079873947048 0.9200027572432089 1.0647052310881575 1.1626713565327402 1.2140907939217838 1.4720397122106366
117 1170 -0.40851137024660983 -0.13712022437695298 0.1149596094933291 0.32243056589609165 0.6719627926190614 0.7076164558099257 0.7679812222515604 0.8491088492606894 0.8742079873947048 0.9200027572432089 1.0647052310881575 1.1626713565327402 1.2140907939217838 1.4720397122106366
118 1180 -0.39183609724568835 -0.1243059984717439 0.11173713177900829 0.32835489099119586 0.6719627926190614 0.7076164558099257 0.7679812222515604 0.8491088492606894 0.8742079873947048 0.9200027572432089 1.0647052310881575 1.1626713565327402 1.2140907939217838 1.4720397122106366
119 1190 -0.40701353385505945 -0.12362828261757408 0.11977683394805363 0.35051008175884135 0.6719627926190614 0.7076164558099257 0.7679812222515604 0.8491088492606894 0.8742079873947048 0.9200027572432089 1.0647052310881575 1.1626713565327402 1.2140907939217838 1.4720397122106366
120 1200 -0.4004948555854503 -0.13348677363028483 0.11649272359633076 0.3623276378105579 0.6719627926190614 0.7076164558099257 0.7679812222515604 0.8491088492606894 0.8742079873947048 0.9200027572432089 1.0647052310881575 1.1626713565327402 1.2140907939217838 1.4720397122106366
121 1210 -0.40711425718834876 -0.1389209251628687 0.10294075882515058 0.3273684835735726 0.649500829245956 0.6846904449207885 0.8255929908585153 0.8470715435735827 0.8628157976843426 0.9425491654224653 1.067681268819727 1.173231882009273 1.2219079718968833 1.4380153748994537
122 1220 -0.40119727140469746 -0.15556387329439145 0.09586679257562206 0.3227966412616315 0.649500829245956 0.6846904449207885 0.8255929908585153 0.8470715435735827 0.8628157976843426 0.9425491654224653 1.067681268819727 1.173231882009273 1.2219079718968833 1.4380153748994537
123 1230 -0.3701701384339329 -0.1346128134233053 0.08827191422154851 0.34135274191071757 0.649500829245956 0.6846904449207885 0.8255929908585153 0.8470715435735827 0.8628157976843426 0.9425491654224653 1.067681268819727 1.173231882009273 1.2219079718968833 1.4380153748994537
124 1240 -0.36506733373070627 -0.1460242823591657 0.07041550165522562 0.38635579370968837 0.649500829245956 0.6846904449207885 0.8255929908585153 0.8470715435735827 0.8628157976843426 0.9425491654224653 1.067681268819727 1.173231882009273 1.2219079718968833 1.4380153748994537
125 1250 -0.3727177062942945 -0.14788537216699219 0.06885497934871992 0.3819307456295785 0.649500829245956 0.6846904449207885 0.8255929908585153 0.8470715435735827 0.8628157976843426 0.9425491654224653 1.067681268819727 1.173231882009273 1.2219079718968833 1.4380153748994537
126 1260 -0.36803887900907134 -0.12855088196353098 0.055547507787921065 0.36443962523644585 0.649500829245956 0.6846904449207885 0.8255929908585153 0.8470715435735827 0.8628157976843426 0.9425491654224653 1.067681268819727 1.173231882009273 1.2219079718968833 1.4380153748994537
127 1270 -0.36525190410617514 -0.11106251649331349 0.06786623620871723 0.36185636399137994 0.649500829245956 0.6846904449207885 0.8255929908585153 0.8470715435735827 0.8628157976843426 0.9425491654224653 1.067681268819727 1.173231882009273 1.2219079718968833 1.4380153748994537
128 1280 -0.321664856887019 -0.09190702352061147 0.06077979685969977 0.33928119318250016 0.649500829245956 0.6846904449207885 0.8255929908585153 0.8470715435735827 0.8628157976843426 0.9425491654224653 1.067681268819727 1.173231882009273 1.2219079718968833 1.4380153748994537
129 1290 -0.30667088593294256 -0.09221793914061743 0.06700032571410446 0.3722841443651377 0.649500829245956 0.6846904449207885 0.8255929908585153 0.8470715435735827 0.8628157976843426 0.9425491654224653 1.067681268819727 1.173231882009273 1.2219079718968833 1.4380153748994537
130 1300 -0.32474056487128977 -0.09129720999806375 0.09206157747501226 0.3614492297295917 0.649500829245956 0.6846904449207885 0.8255929908585153 0.8470715435735827 0.8628157976843426 0.9425491654224653 1.067681268819727 1.173231882009273 1.2219079718968833 1.4380153748994537
131 1310 -0.3288667434395316 -0.0820392415035371 0.09159041730122681 0.3617937287443092 0.6428362573314289 0.7415461259103464 0.7876404468110066 0.8569238531015875 0.9269716962091041 1.0283227046863708 1.075693761822474 1.1256011885228003 1.2310328103067139 1.3512638271317394
132 1320 -0.3215310404162041 -0.09422318616153716 0.09147885254751262 0.34522242947977205 0.6428362573314289 0.7415461259103464 0.7876404468110066 0.8569238531015875 0.9269716962091041 1.0283227046863708 1.075693761822474 1.1256011885228003 1.2310328103067139 1.3512638271317394
133 1330 -0.28153756812913355 -0.09776388187883901 0.10117524479968348 0.3523390946929287 0.6428362573314289 0.7415461259103464 0.7876404468110066 0.8569238531015875 0.9269716962091041 1.0283227046863708 1.075693761822474 1.1256011885228003 1.2310328103067139 1.3512638271317394
134 1340 -0.22743898038916485 -0.09593519590410358 0.09790774579255603 0.34814635310890446 0.6428362573314289 0.7415461259103464 0.7876404468110066 0.8569238531015875 0.9269716962091041 1.0283227046863708 1.075693761822474 1.1256011885228003 1.2310328103067139 1.3512638271317394
135 1350 -0.25969821470627064 -0.11122636234136032 0.09808027427770456 0.31693675204988075 0.6428362573314289 0.7415461259103464 0.7876404468110066 0.8569238531015875 0.9269716962091041 1.0283227046863708 1.075693761822474 1.1256011885228003 1.2310328103067139 1.3512638271317394
136 1360 -0.24547253003968272 -0.08865579004641058 0.07869481783875273 0.29529397802531016 0.6428362573314289 0.7415461259103464 0.7876404468110066 0.8569238531015875 0.9269716962091041 1.0283227046863708 1.075693761822474 1.1256011885228003 1.2310328103067139 1.3512638271317394
