% # columns="iteration, evaluation, min max(neg(.)) min(pos(.)) max correlation, correlation matrix principle axes lengths  (sorted square roots of eigenvalues of correlation matrix)", seed=1053610, Wed Mar 11 16:01:03 2020
1 10 -0.030789988454039074 -0.008659723022486191 0.01688522511542164 0.05697635988594946 0.9443446892501753 0.9745688307071612 0.984053585623795 0.9885897582137587 0.9922600767447227 0.9972780570959652 1.0008946091102684 1.018569218328289 1.0275696489670028 1.0669776450602275
2 20 -0.030789988454039074 -0.008659723022486191 0.01688522511542164 0.05697635988594946 0.9443446892501753 0.9745688307071612 0.984053585623795 0.9885897582137587 0.9922600767447227 0.9972780570959652 1.0008946091102684 1.018569218328289 1.0275696489670028 1.0669776450602275
3 30 -0.030789988454039074 -0.008659723022486191 0.01688522511542164 0.05697635988594946 0.9443446892501753 0.9745688307071612 0.984053585623795 0.9885897582137587 0.9922600767447227 0.9972780570959652 1.0008946091102684 1.018569218328289 1.0275696489670028 1.0669776450602275
4 40 -0.030789988454039074 -0.008659723022486191 0.01688522511542164 0.05697635988594946 0.9443446892501753 0.9745688307071612 0.984053585623795 0.9885897582137587 0.9922600767447227 0.9972780570959652 1.0008946091102684 1.018569218328289 1.0275696489670028 1.0669776450602275
5 50 -0.030789988454039074 -0.008659723022486191 0.01688522511542164 0.05697635988594946 0.9443446892501753 0.9745688307071612 0.984053585623795 0.9885897582137587 0.9922600767447227 0.9972780570959652 1.0008946091102684 1.018569218328289 1.0275696489670028 1.0669776450602275
6 60 -0.030789988454039074 -0.008659723022486191 0.01688522511542164 0.05697635988594946 0.9443446892501753 0.9745688307071612 0.984053585623795 0.9885897582137587 0.9922600767447227 0.9972780570959652 1.0008946091102684 1.018569218328289 1.0275696489670028 1.0669776450602275
7 70 -0.030789988454039074 -0.008659723022486191 0.01688522511542164 0.05697635988594946 0.9443446892501753 0.9745688307071612 0.984053585623795 0.9885897582137587 0.9922600767447227 0.9972780570959652 1.0008946091102684 1.018569218328289 1.0275696489670028 1.0669776450602275
8 80 -0.030789988454039074 -0.008659723022486191 0.01688522511542164 0.05697635988594946 0.9443446892501753 0.9745688307071612 0.984053585623795 0.9885897582137587 0.9922600767447227 0.9972780570959652 1.0008946091102684 1.018569218328289 1.0275696489670028 1.0669776450602275
9 90 -0.030789988454039074 -0.008659723022486191 0.01688522511542164 0.05697635988594946 0.9443446892501753 0.9745688307071612 0.984053585623795 0.9885897582137587 0.9922600767447227 0.9972780570959652 1.0008946091102684 1.018569218328289 1.0275696489670028 1.0669776450602275
10 100 -0.030789988454039074 -0.008659723022486191 0.01688522511542164 0.05697635988594946 0.9443446892501753 0.9745688307071612 0.984053585623795 0.9885897582137587 0.9922600767447227 0.9972780570959652 1.0008946091102684 1.018569218328289 1.0275696489670028 1.0669776450602275
11 110 -0.21952614385033536 -0.08571013399883198 0.03347002999334116 0.14850639645591004 0.7700054238440027 0.8451155067684286 0.8586482045287374 0.923364546298653 0.9792690831642459 1.0010890118543805 1.0528047981391615 1.1208336950330917 1.1543406087095724 1.2019472119229426
12 120 -0.21952614385033536 -0.08571013399883198 0.03347002999334116 0.14850639645591004 0.7700054238440027 0.8451155067684286 0.8586482045287374 0.923364546298653 0.9792690831642459 1.0010890118543805 1.0528047981391615 1.1208336950330917 1.1543406087095724 1.2019472119229426
13 130 -0.21952614385033536 -0.08571013399883198 0.03347002999334116 0.14850639645591004 0.7700054238440027 0.8451155067684286 0.8586482045287374 0.923364546298653 0.9792690831642459 1.0010890118543805 1.0528047981391615 1.1208336950330917 1.1543406087095724 1.2019472119229426
14 140 -0.21952614385033536 -0.08571013399883198 0.03347002999334116 0.14850639645591004 0.7700054238440027 0.8451155067684286 0.8586482045287374 0.923364546298653 0.9792690831642459 1.0010890118543805 1.0528047981391615 1.1208336950330917 1.1543406087095724 1.2019472119229426
15 150 -0.21952614385033536 -0.08571013399883198 0.03347002999334116 0.14850639645591004 0.7700054238440027 0.8451155067684286 0.8586482045287374 0.923364546298653 0.9792690831642459 1.0010890118543805 1.0528047981391615 1.1208336950330917 1.1543406087095724 1.2019472119229426
16 160 -0.21952614385033536 -0.08571013399883198 0.03347002999334116 0.14850639645591004 0.7700054238440027 0.8451155067684286 0.8586482045287374 0.923364546298653 0.9792690831642459 1.0010890118543805 1.0528047981391615 1.1208336950330917 1.1543406087095724 1.2019472119229426
17 170 -0.21952614385033536 -0.08571013399883198 0.03347002999334116 0.14850639645591004 0.7700054238440027 0.8451155067684286 0.8586482045287374 0.923364546298653 0.9792690831642459 1.0010890118543805 1.0528047981391615 1.1208336950330917 1.1543406087095724 1.2019472119229426
18 180 -0.21952614385033536 -0.08571013399883198 0.03347002999334116 0.14850639645591004 0.7700054238440027 0.8451155067684286 0.8586482045287374 0.923364546298653 0.9792690831642459 1.0010890118543805 1.0528047981391615 1.1208336950330917 1.1543406087095724 1.2019472119229426
19 190 -0.21952614385033536 -0.08571013399883198 0.03347002999334116 0.14850639645591004 0.7700054238440027 0.8451155067684286 0.8586482045287374 0.923364546298653 0.9792690831642459 1.0010890118543805 1.0528047981391615 1.1208336950330917 1.1543406087095724 1.2019472119229426
20 200 -0.21952614385033536 -0.08571013399883198 0.03347002999334116 0.14850639645591004 0.7700054238440027 0.8451155067684286 0.8586482045287374 0.923364546298653 0.9792690831642459 1.0010890118543805 1.0528047981391615 1.1208336950330917 1.1543406087095724 1.2019472119229426
21 210 -0.22731096062438017 -0.09737866826813463 0.03417706842574446 0.1957645553550869 0.7327980950649238 0.7972357618613738 0.9267948735502384 0.9371307217879314 0.9513151525816533 1.005372328474441 1.0245211552065863 1.1029113748552928 1.168561345317201 1.242132283658472
22 220 -0.22731096062438017 -0.09737866826813463 0.03417706842574446 0.1957645553550869 0.7327980950649238 0.7972357618613738 0.9267948735502384 0.9371307217879314 0.9513151525816533 1.005372328474441 1.0245211552065863 1.1029113748552928 1.168561345317201 1.242132283658472
23 230 -0.22731096062438017 -0.09737866826813463 0.03417706842574446 0.1957645553550869 0.7327980950649238 0.7972357618613738 0.9267948735502384 0.9371307217879314 0.9513151525816533 1.005372328474441 1.0245211552065863 1.1029113748552928 1.168561345317201 1.242132283658472
24 240 -0.22731096062438017 -0.09737866826813463 0.03417706842574446 0.1957645553550869 0.7327980950649238 0.7972357618613738 0.9267948735502384 0.9371307217879314 0.9513151525816533 1.005372328474441 1.0245211552065863 1.1029113748552928 1.168561345317201 1.242132283658472
25 250 -0.22731096062438017 -0.09737866826813463 0.03417706842574446 0.1957645553550869 0.7327980950649238 0.7972357618613738 0.9267948735502384 0.9371307217879314 0.9513151525816533 1.005372328474441 1.0245211552065863 1.1029113748552928 1.168561345317201 1.242132283658472
26 260 -0.22731096062438017 -0.09737866826813463 0.03417706842574446 0.1957645553550869 0.7327980950649238 0.7972357618613738 0.9267948735502384 0.9371307217879314 0.9513151525816533 1.005372328474441 1.0245211552065863 1.1029113748552928 1.168561345317201 1.242132283658472
27 270 -0.22731096062438017 -0.09737866826813463 0.03417706842574446 0.1957645553550869 0.7327980950649238 0.7972357618613738 0.9267948735502384 0.9371307217879314 0.9513151525816533 1.005372328474441 1.0245211552065863 1.1029113748552928 1.168561345317201 1.242132283658472
28 280 -0.22731096062438017 -0.09737866826813463 0.03417706842574446 0.1957645553550869 0.7327980950649238 0.7972357618613738 0.9267948735502384 0.9371307217879314 0.9513151525816533 1.005372328474441 1.0245211552065863 1.1029113748552928 1.168561345317201 1.242132283658472
29 290 -0.22731096062438017 -0.09737866826813463 0.03417706842574446 0.1957645553550869 0.7327980950649238 0.7972357618613738 0.9267948735502384 0.9371307217879314 0.9513151525816533 1.005372328474441 1.0245211552065863 1.1029113748552928 1.168561345317201 1.242132283658472
30 300 -0.22731096062438017 -0.09737866826813463 0.03417706842574446 0.1957645553550869 0.7327980950649238 0.7972357618613738 0.9267948735502384 0.9371307217879314 0.9513151525816533 1.005372328474441 1.0245211552065863 1.1029113748552928 1.168561345317201 1.242132283658472
31 310 -0.22003959650732163 -0.10223388282415008 0.07234737649021034 0.2759694208450865 0.7428290750989531 0.7835273041318417 0.8546767206912901 0.9114562399997866 0.9501779139642559 0.9932366475381098 1.0210033236921974 1.1377006776669285 1.1418310093779436 1.3202724625666449
32 320 -0.22003959650732163 -0.10223388282415008 0.07234737649021034 0.2759694208450865 0.7428290750989531 0.7835273041318417 0.8546767206912901 0.9114562399997866 0.9501779139642559 0.9932366475381098 1.0210033236921974 1.1377006776669285 1.1418310093779436 1.3202724625666449
33 330 -0.22003959650732163 -0.10223388282415008 0.07234737649021034 0.2759694208450865 0.7428290750989531 0.7835273041318417 0.8546767206912901 0.9114562399997866 0.9501779139642559 0.9932366475381098 1.0210033236921974 1.1377006776669285 1.1418310093779436 1.3202724625666449
34 340 -0.22003959650732163 -0.10223388282415008 0.07234737649021034 0.2759694208450865 0.7428290750989531 0.7835273041318417 0.8546767206912901 0.9114562399997866 0.9501779139642559 0.9932366475381098 1.0210033236921974 1.1377006776669285 1.1418310093779436 1.3202724625666449
35 350 -0.22003959650732163 -0.10223388282415008 0.07234737649021034 0.2759694208450865 0.7428290750989531 0.7835273041318417 0.8546767206912901 0.9114562399997866 0.9501779139642559 0.9932366475381098 1.0210033236921974 1.1377006776669285 1.1418310093779436 1.3202724625666449
36 360 -0.22003959650732163 -0.10223388282415008 0.07234737649021034 0.2759694208450865 0.7428290750989531 0.7835273041318417 0.8546767206912901 0.9114562399997866 0.9501779139642559 0.9932366475381098 1.0210033236921974 1.1377006776669285 1.1418310093779436 1.3202724625666449
37 370 -0.22003959650732163 -0.10223388282415008 0.07234737649021034 0.2759694208450865 0.7428290750989531 0.7835273041318417 0.8546767206912901 0.9114562399997866 0.9501779139642559 0.9932366475381098 1.0210033236921974 1.1377006776669285 1.1418310093779436 1.3202724625666449
38 380 -0.22003959650732163 -0.10223388282415008 0.07234737649021034 0.2759694208450865 0.7428290750989531 0.7835273041318417 0.8546767206912901 0.9114562399997866 0.9501779139642559 0.9932366475381098 1.0210033236921974 1.1377006776669285 1.1418310093779436 1.3202724625666449
39 390 -0.22003959650732163 -0.10223388282415008 0.07234737649021034 0.2759694208450865 0.7428290750989531 0.7835273041318417 0.8546767206912901 0.9114562399997866 0.9501779139642559 0.9932366475381098 1.0210033236921974 1.1377006776669285 1.1418310093779436 1.3202724625666449
40 400 -0.22003959650732163 -0.10223388282415008 0.07234737649021034 0.2759694208450865 0.7428290750989531 0.7835273041318417 0.8546767206912901 0.9114562399997866 0.9501779139642559 0.9932366475381098 1.0210033236921974 1.1377006776669285 1.1418310093779436 1.3202724625666449
41 410 -0.2734262027693105 -0.12157812072817964 0.07336087787490568 0.26106546370544037 0.7259846669537312 0.7797171430561343 0.8254564356791607 0.8830545064646451 0.92185407489158 0.9346851218313085 1.0781071899623418 1.10892452576288 1.2705720666042035 1.293827865634366
42 420 -0.2734262027693105 -0.12157812072817964 0.07336087787490568 0.26106546370544037 0.7259846669537312 0.7797171430561343 0.8254564356791607 0.8830545064646451 0.92185407489158 0.9346851218313085 1.0781071899623418 1.10892452576288 1.2705720666042035 1.293827865634366
43 430 -0.2734262027693105 -0.12157812072817964 0.07336087787490568 0.26106546370544037 0.7259846669537312 0.7797171430561343 0.8254564356791607 0.8830545064646451 0.92185407489158 0.9346851218313085 1.0781071899623418 1.10892452576288 1.2705720666042035 1.293827865634366
44 440 -0.2734262027693105 -0.12157812072817964 0.07336087787490568 0.26106546370544037 0.7259846669537312 0.7797171430561343 0.8254564356791607 0.8830545064646451 0.92185407489158 0.9346851218313085 1.0781071899623418 1.10892452576288 1.2705720666042035 1.293827865634366
45 450 -0.2734262027693105 -0.12157812072817964 0.07336087787490568 0.26106546370544037 0.7259846669537312 0.7797171430561343 0.8254564356791607 0.8830545064646451 0.92185407489158 0.9346851218313085 1.0781071899623418 1.10892452576288 1.2705720666042035 1.293827865634366
46 460 -0.2734262027693105 -0.12157812072817964 0.07336087787490568 0.26106546370544037 0.7259846669537312 0.7797171430561343 0.8254564356791607 0.8830545064646451 0.92185407489158 0.9346851218313085 1.0781071899623418 1.10892452576288 1.2705720666042035 1.293827865634366
47 470 -0.2734262027693105 -0.12157812072817964 0.07336087787490568 0.26106546370544037 0.7259846669537312 0.7797171430561343 0.8254564356791607 0.8830545064646451 0.92185407489158 0.9346851218313085 1.0781071899623418 1.10892452576288 1.2705720666042035 1.293827865634366
48 480 -0.2734262027693105 -0.12157812072817964 0.07336087787490568 0.26106546370544037 0.7259846669537312 0.7797171430561343 0.8254564356791607 0.8830545064646451 0.92185407489158 0.9346851218313085 1.0781071899623418 1.10892452576288 1.2705720666042035 1.293827865634366
49 490 -0.2734262027693105 -0.12157812072817964 0.07336087787490568 0.26106546370544037 0.7259846669537312 0.7797171430561343 0.8254564356791607 0.8830545064646451 0.92185407489158 0.9346851218313085 1.0781071899623418 1.10892452576288 1.2705720666042035 1.293827865634366
50 500 -0.2734262027693105 -0.12157812072817964 0.07336087787490568 0.26106546370544037 0.7259846669537312 0.7797171430561343 0.8254564356791607 0.8830545064646451 0.92185407489158 0.9346851218313085 1.0781071899623418 1.10892452576288 1.2705720666042035 1.293827865634366
51 510 -0.4367919577606577 -0.10607241193300904 0.11052290013989327 0.3998140619723927 0.6654237363095338 0.6740390331944869 0.736264855083126 0.8553911583658258 0.900728240901441 1.0017009402552377 1.0689104241215246 1.1413401814606192 1.2933315559211276 1.3771176806743433
52 520 -0.4367919577606577 -0.10607241193300904 0.11052290013989327 0.3998140619723927 0.6654237363095338 0.6740390331944869 0.736264855083126 0.8553911583658258 0.900728240901441 1.0017009402552377 1.0689104241215246 1.1413401814606192 1.2933315559211276 1.3771176806743433
53 530 -0.4367919577606577 -0.10607241193300904 0.11052290013989327 0.3998140619723927 0.6654237363095338 0.6740390331944869 0.736264855083126 0.8553911583658258 0.900728240901441 1.0017009402552377 1.0689104241215246 1.1413401814606192 1.2933315559211276 1.3771176806743433
54 540 -0.4367919577606577 -0.10607241193300904 0.11052290013989327 0.3998140619723927 0.6654237363095338 0.6740390331944869 0.736264855083126 0.8553911583658258 0.900728240901441 1.0017009402552377 1.0689104241215246 1.1413401814606192 1.2933315559211276 1.3771176806743433
55 550 -0.4367919577606577 -0.10607241193300904 0.11052290013989327 0.3998140619723927 0.6654237363095338 0.6740390331944869 0.736264855083126 0.8553911583658258 0.900728240901441 1.0017009402552377 1.0689104241215246 1.1413401814606192 1.2933315559211276 1.3771176806743433
56 560 -0.4367919577606577 -0.10607241193300904 0.11052290013989327 0.3998140619723927 0.6654237363095338 0.6740390331944869 0.736264855083126 0.8553911583658258 0.900728240901441 1.0017009402552377 1.0689104241215246 1.1413401814606192 1.2933315559211276 1.3771176806743433
57 570 -0.4367919577606577 -0.10607241193300904 0.11052290013989327 0.3998140619723927 0.6654237363095338 0.6740390331944869 0.736264855083126 0.8553911583658258 0.900728240901441 1.0017009402552377 1.0689104241215246 1.1413401814606192 1.2933315559211276 1.3771176806743433
58 580 -0.4367919577606577 -0.10607241193300904 0.11052290013989327 0.3998140619723927 0.6654237363095338 0.6740390331944869 0.736264855083126 0.8553911583658258 0.900728240901441 1.0017009402552377 1.0689104241215246 1.1413401814606192 1.2933315559211276 1.3771176806743433
59 590 -0.4367919577606577 -0.10607241193300904 0.11052290013989327 0.3998140619723927 0.6654237363095338 0.6740390331944869 0.736264855083126 0.8553911583658258 0.900728240901441 1.0017009402552377 1.0689104241215246 1.1413401814606192 1.2933315559211276 1.3771176806743433
60 600 -0.4367919577606577 -0.10607241193300904 0.11052290013989327 0.3998140619723927 0.6654237363095338 0.6740390331944869 0.736264855083126 0.8553911583658258 0.900728240901441 1.0017009402552377 1.0689104241215246 1.1413401814606192 1.2933315559211276 1.3771176806743433
61 610 -0.4082278399526385 -0.08752789618196044 0.12336151809760962 0.3527502738329718 0.631018510132533 0.6922983558790821 0.7744219425650354 0.8402629572995066 0.9849700747682499 0.9894168938857033 1.0537080176429992 1.0965844348959861 1.2505370369213464 1.4110332085647763
62 620 -0.4082278399526385 -0.08752789618196044 0.12336151809760962 0.3527502738329718 0.631018510132533 0.6922983558790821 0.7744219425650354 0.8402629572995066 0.9849700747682499 0.9894168938857033 1.0537080176429992 1.0965844348959861 1.2505370369213464 1.4110332085647763
63 630 -0.4082278399526385 -0.08752789618196044 0.12336151809760962 0.3527502738329718 0.631018510132533 0.6922983558790821 0.7744219425650354 0.8402629572995066 0.9849700747682499 0.9894168938857033 1.0537080176429992 1.0965844348959861 1.2505370369213464 1.4110332085647763
64 640 -0.4082278399526385 -0.08752789618196044 0.12336151809760962 0.3527502738329718 0.631018510132533 0.6922983558790821 0.7744219425650354 0.8402629572995066 0.9849700747682499 0.9894168938857033 1.0537080176429992 1.0965844348959861 1.2505370369213464 1.4110332085647763
65 650 -0.4082278399526385 -0.08752789618196044 0.12336151809760962 0.3527502738329718 0.631018510132533 0.6922983558790821 0.7744219425650354 0.8402629572995066 0.9849700747682499 0.9894168938857033 1.0537080176429992 1.0965844348959861 1.2505370369213464 1.4110332085647763
66 660 -0.4082278399526385 -0.08752789618196044 0.12336151809760962 0.3527502738329718 0.631018510132533 0.6922983558790821 0.7744219425650354 0.8402629572995066 0.9849700747682499 0.9894168938857033 1.0537080176429992 1.0965844348959861 1.2505370369213464 1.4110332085647763
67 670 -0.4082278399526385 -0.08752789618196044 0.12336151809760962 0.3527502738329718 0.631018510132533 0.6922983558790821 0.7744219425650354 0.8402629572995066 0.9849700747682499 0.9894168938857033 1.0537080176429992 1.0965844348959861 1.2505370369213464 1.4110332085647763
68 680 -0.4082278399526385 -0.08752789618196044 0.12336151809760962 0.3527502738329718 0.631018510132533 0.6922983558790821 0.7744219425650354 0.8402629572995066 0.9849700747682499 0.9894168938857033 1.0537080176429992 1.0965844348959861 1.2505370369213464 1.4110332085647763
69 690 -0.4082278399526385 -0.08752789618196044 0.12336151809760962 0.3527502738329718 0.631018510132533 0.6922983558790821 0.7744219425650354 0.8402629572995066 0.9849700747682499 0.9894168938857033 1.0537080176429992 1.0965844348959861 1.2505370369213464 1.4110332085647763
70 700 -0.4082278399526385 -0.08752789618196044 0.12336151809760962 0.3527502738329718 0.631018510132533 0.6922983558790821 0.7744219425650354 0.8402629572995066 0.9849700747682499 0.9894168938857033 1.0537080176429992 1.0965844348959861 1.2505370369213464 1.4110332085647763
71 710 -0.28757842676065226 -0.02226328704791487 0.165615432724707 0.4673139501413973 0.5989884687929532 0.735682355939335 0.7926837375605197 0.8539836697208452 0.9062286948558196 0.9932571525491188 1.0652136896822726 1.1105006471271022 1.185737656408026 1.4699227085869269
72 720 -0.28757842676065226 -0.02226328704791487 0.165615432724707 0.4673139501413973 0.5989884687929532 0.735682355939335 0.7926837375605197 0.8539836697208452 0.9062286948558196 0.9932571525491188 1.0652136896822726 1.1105006471271022 1.185737656408026 1.4699227085869269
73 730 -0.28757842676065226 -0.02226328704791487 0.165615432724707 0.4673139501413973 0.5989884687929532 0.735682355939335 0.7926837375605197 0.8539836697208452 0.9062286948558196 0.9932571525491188 1.0652136896822726 1.1105006471271022 1.185737656408026 1.4699227085869269
74 740 -0.28757842676065226 -0.02226328704791487 0.165615432724707 0.4673139501413973 0.5989884687929532 0.735682355939335 0.7926837375605197 0.8539836697208452 0.9062286948558196 0.9932571525491188 1.0652136896822726 1.1105006471271022 1.185737656408026 1.4699227085869269
75 750 -0.28757842676065226 -0.02226328704791487 0.165615432724707 0.4673139501413973 0.5989884687929532 0.735682355939335 0.7926837375605197 0.8539836697208452 0.9062286948558196 0.9932571525491188 1.0652136896822726 1.1105006471271022 1.185737656408026 1.4699227085869269
76 760 -0.28757842676065226 -0.02226328704791487 0.165615432724707 0.4673139501413973 0.5989884687929532 0.735682355939335 0.7926837375605197 0.8539836697208452 0.9062286948558196 0.9932571525491188 1.0652136896822726 1.1105006471271022 1.185737656408026 1.4699227085869269
77 770 -0.28757842676065226 -0.02226328704791487 0.165615432724707 0.4673139501413973 0.5989884687929532 0.735682355939335 0.7926837375605197 0.8539836697208452 0.9062286948558196 0.9932571525491188 1.0652136896822726 1.1105006471271022 1.185737656408026 1.4699227085869269
78 780 -0.28757842676065226 -0.02226328704791487 0.165615432724707 0.4673139501413973 0.5989884687929532 0.735682355939335 0.7926837375605197 0.8539836697208452 0.9062286948558196 0.9932571525491188 1.0652136896822726 1.1105006471271022 1.185737656408026 1.4699227085869269
79 790 -0.28757842676065226 -0.02226328704791487 0.165615432724707 0.4673139501413973 0.5989884687929532 0.735682355939335 0.7926837375605197 0.8539836697208452 0.9062286948558196 0.9932571525491188 1.0652136896822726 1.1105006471271022 1.185737656408026 1.4699227085869269
80 800 -0.28757842676065226 -0.02226328704791487 0.165615432724707 0.4673139501413973 0.5989884687929532 0.735682355939335 0.7926837375605197 0.8539836697208452 0.9062286948558196 0.9932571525491188 1.0652136896822726 1.1105006471271022 1.185737656408026 1.4699227085869269
81 810 -0.33407314362208196 -0.011909084422578594 0.14626273575379894 0.365467983509019 0.6222346286895293 0.7133908037143226 0.8131689916134088 0.9075111271304314 0.9748825962337283 0.9957431880105584 1.0113904165766734 1.123091236919096 1.2322724968236525 1.3691007240973472
82 820 -0.33407314362208196 -0.011909084422578594 0.14626273575379894 0.365467983509019 0.6222346286895293 0.7133908037143226 0.8131689916134088 0.9075111271304314 0.9748825962337283 0.9957431880105584 1.0113904165766734 1.123091236919096 1.2322724968236525 1.3691007240973472
83 830 -0.33407314362208196 -0.011909084422578594 0.14626273575379894 0.365467983509019 0.6222346286895293 0.7133908037143226 0.8131689916134088 0.9075111271304314 0.9748825962337283 0.9957431880105584 1.0113904165766734 1.123091236919096 1.2322724968236525 1.3691007240973472
84 840 -0.33407314362208196 -0.011909084422578594 0.14626273575379894 0.365467983509019 0.6222346286895293 0.7133908037143226 0.8131689916134088 0.9075111271304314 0.9748825962337283 0.9957431880105584 1.0113904165766734 1.123091236919096 1.2322724968236525 1.3691007240973472
85 850 -0.33407314362208196 -0.011909084422578594 0.14626273575379894 0.365467983509019 0.6222346286895293 0.7133908037143226 0.8131689916134088 0.9075111271304314 0.9748825962337283 0.9957431880105584 1.0113904165766734 1.123091236919096 1.2322724968236525 1.3691007240973472
86 860 -0.33407314362208196 -0.011909084422578594 0.14626273575379894 0.365467983509019 0.6222346286895293 0.7133908037143226 0.8131689916134088 0.9075111271304314 0.9748825962337283 0.9957431880105584 1.0113904165766734 1.123091236919096 1.2322724968236525 1.3691007240973472
87 870 -0.33407314362208196 -0.011909084422578594 0.14626273575379894 0.365467983509019 0.6222346286895293 0.7133908037143226 0.8131689916134088 0.9075111271304314 0.9748825962337283 0.9957431880105584 1.0113904165766734 1.123091236919096 1.2322724968236525 1.3691007240973472
88 880 -0.33407314362208196 -0.011909084422578594 0.14626273575379894 0.365467983509019 0.6222346286895293 0.7133908037143226 0.8131689916134088 0.9075111271304314 0.9748825962337283 0.9957431880105584 1.0113904165766734 1.123091236919096 1.2322724968236525 1.3691007240973472
89 890 -0.33407314362208196 -0.011909084422578594 0.14626273575379894 0.365467983509019 0.6222346286895293 0.7133908037143226 0.8131689916134088 0.9075111271304314 0.9748825962337283 0.9957431880105584 1.0113904165766734 1.123091236919096 1.2322724968236525 1.3691007240973472
90 900 -0.33407314362208196 -0.011909084422578594 0.14626273575379894 0.365467983509019 0.6222346286895293 0.7133908037143226 0.8131689916134088 0.9075111271304314 0.9748825962337283 0.9957431880105584 1.0113904165766734 1.123091236919096 1.2322724968236525 1.3691007240973472
91 910 -0.3422391550208072 -0.06212272501525564 0.13450949715288962 0.44472907542766305 0.5971468326144271 0.7553801735030191 0.781639883726783 0.8341137153741561 0.9077916066700902 1.0177786579731278 1.0399049190510259 1.1295655972903969 1.2410423302419575 1.4172664228373735
92 920 -0.3422391550208072 -0.06212272501525564 0.13450949715288962 0.44472907542766305 0.5971468326144271 0.7553801735030191 0.781639883726783 0.8341137153741561 0.9077916066700902 1.0177786579731278 1.0399049190510259 1.1295655972903969 1.2410423302419575 1.4172664228373735
93 930 -0.3422391550208072 -0.06212272501525564 0.13450949715288962 0.44472907542766305 0.5971468326144271 0.7553801735030191 0.781639883726783 0.8341137153741561 0.9077916066700902 1.0177786579731278 1.0399049190510259 1.1295655972903969 1.2410423302419575 1.4172664228373735
94 940 -0.3422391550208072 -0.06212272501525564 0.13450949715288962 0.44472907542766305 0.5971468326144271 0.7553801735030191 0.781639883726783 0.8341137153741561 0.9077916066700902 1.0177786579731278 1.0399049190510259 1.1295655972903969 1.2410423302419575 1.4172664228373735
95 950 -0.3422391550208072 -0.06212272501525564 0.13450949715288962 0.44472907542766305 0.5971468326144271 0.7553801735030191 0.781639883726783 0.8341137153741561 0.9077916066700902 1.0177786579731278 1.0399049190510259 1.1295655972903969 1.2410423302419575 1.4172664228373735
96 960 -0.3422391550208072 -0.06212272501525564 0.13450949715288962 0.44472907542766305 0.5971468326144271 0.7553801735030191 0.781639883726783 0.8341137153741561 0.9077916066700902 1.0177786579731278 1.0399049190510259 1.1295655972903969 1.2410423302419575 1.4172664228373735
97 970 -0.3422391550208072 -0.06212272501525564 0.13450949715288962 0.44472907542766305 0.5971468326144271 0.7553801735030191 0.781639883726783 0.8341137153741561 0.9077916066700902 1.0177786579731278 1.0399049190510259 1.1295655972903969 1.2410423302419575 1.4172664228373735
98 980 -0.3422391550208072 -0.06212272501525564 0.13450949715288962 0.44472907542766305 0.5971468326144271 0.7553801735030191 0.781639883726783 0.8341137153741561 0.9077916066700902 1.0177786579731278 1.0399049190510259 1.1295655972903969 1.2410423302419575 1.4172664228373735
99 990 -0.3422391550208072 -0.06212272501525564 0.13450949715288962 0.44472907542766305 0.5971468326144271 0.7553801735030191 0.781639883726783 0.8341137153741561 0.9077916066700902 1.0177786579731278 1.0399049190510259 1.1295655972903969 1.2410423302419575 1.4172664228373735
100 1000 -0.3422391550208072 -0.06212272501525564 0.13450949715288962 0.44472907542766305 0.5971468326144271 0.7553801735030191 0.781639883726783 0.8341137153741561 0.9077916066700902 1.0177786579731278 1.0399049190510259 1.1295655972903969 1.2410423302419575 1.4172664228373735
101 1010 -0.2815843256689154 -0.056177656517055315 0.08846839699331044 0.3707385908565374 0.582320520701778 0.7476654007378217 0.7720581198411042 0.875927990830768 0.9939990097809286 1.0405516747472372 1.060000172010625 1.0945238864671358 1.2106589710766291 1.3713190029869093
102 1020 -0.2815843256689154 -0.056177656517055315 0.08846839699331044 0.3707385908565374 0.582320520701778 0.7476654007378217 0.7720581198411042 0.875927990830768 0.9939990097809286 1.0405516747472372 1.060000172010625 1.0945238864671358 1.2106589710766291 1.3713190029869093
103 1030 -0.2815843256689154 -0.056177656517055315 0.08846839699331044 0.3707385908565374 0.582320520701778 0.7476654007378217 0.7720581198411042 0.875927990830768 0.9939990097809286 1.0405516747472372 1.060000172010625 1.0945238864671358 1.2106589710766291 1.3713190029869093
104 1040 -0.2815843256689154 -0.056177656517055315 0.08846839699331044 0.3707385908565374 0.582320520701778 0.7476654007378217 0.7720581198411042 0.875927990830768 0.9939990097809286 1.0405516747472372 1.060000172010625 1.0945238864671358 1.2106589710766291 1.3713190029869093
105 1050 -0.2815843256689154 -0.056177656517055315 0.08846839699331044 0.3707385908565374 0.582320520701778 0.7476654007378217 0.7720581198411042 0.875927990830768 0.9939990097809286 1.0405516747472372 1.060000172010625 1.0945238864671358 1.2106589710766291 1.3713190029869093
106 1060 -0.2815843256689154 -0.056177656517055315 0.08846839699331044 0.3707385908565374 0.582320520701778 0.7476654007378217 0.7720581198411042 0.875927990830768 0.9939990097809286 1.0405516747472372 1.060000172010625 1.0945238864671358 1.2106589710766291 1.3713190029869093
107 1070 -0.2815843256689154 -0.056177656517055315 0.08846839699331044 0.3707385908565374 0.582320520701778 0.7476654007378217 0.7720581198411042 0.875927990830768 0.9939990097809286 1.0405516747472372 1.060000172010625 1.0945238864671358 1.2106589710766291 1.3713190029869093
108 1080 -0.2815843256689154 -0.056177656517055315 0.08846839699331044 0.3707385908565374 0.582320520701778 0.7476654007378217 0.7720581198411042 0.875927990830768 0.9939990097809286 1.0405516747472372 1.060000172010625 1.0945238864671358 1.2106589710766291 1.3713190029869093
109 1090 -0.2815843256689154 -0.056177656517055315 0.08846839699331044 0.3707385908565374 0.582320520701778 0.7476654007378217 0.7720581198411042 0.875927990830768 0.9939990097809286 1.0405516747472372 1.060000172010625 1.0945238864671358 1.2106589710766291 1.3713190029869093
110 1100 -0.2815843256689154 -0.056177656517055315 0.08846839699331044 0.3707385908565374 0.582320520701778 0.7476654007378217 0.7720581198411042 0.875927990830768 0.9939990097809286 1.0405516747472372 1.060000172010625 1.0945238864671358 1.2106589710766291 1.3713190029869093
111 1110 -0.22924013945546406 -0.08419914925783151 0.14119261664905725 0.33959133337650305 0.5823826310464861 0.7437468501233037 0.7761574077677545 0.8803082182346031 0.9861276412031675 1.028065831550028 1.0780511863365623 1.153241222042019 1.2216979711359788 1.3100517261776026
112 1120 -0.22924013945546406 -0.08419914925783151 0.14119261664905725 0.33959133337650305 0.5823826310464861 0.7437468501233037 0.7761574077677545 0.8803082182346031 0.9861276412031675 1.028065831550028 1.0780511863365623 1.153241222042019 1.2216979711359788 1.3100517261776026
113 1130 -0.22924013945546406 -0.08419914925783151 0.14119261664905725 0.33959133337650305 0.5823826310464861 0.7437468501233037 0.7761574077677545 0.8803082182346031 0.9861276412031675 1.028065831550028 1.0780511863365623 1.153241222042019 1.2216979711359788 1.3100517261776026
114 1140 -0.22924013945546406 -0.08419914925783151 0.14119261664905725 0.33959133337650305 0.5823826310464861 0.7437468501233037 0.7761574077677545 0.8803082182346031 0.9861276412031675 1.028065831550028 1.0780511863365623 1.153241222042019 1.2216979711359788 1.3100517261776026
115 1150 -0.22924013945546406 -0.08419914925783151 0.14119261664905725 0.33959133337650305 0.5823826310464861 0.7437468501233037 0.7761574077677545 0.8803082182346031 0.9861276412031675 1.028065831550028 1.0780511863365623 1.153241222042019 1.2216979711359788 1.3100517261776026
116 1160 -0.22924013945546406 -0.08419914925783151 0.14119261664905725 0.33959133337650305 0.5823826310464861 0.7437468501233037 0.7761574077677545 0.8803082182346031 0.9861276412031675 1.028065831550028 1.0780511863365623 1.153241222042019 1.2216979711359788 1.3100517261776026
117 1170 -0.22924013945546406 -0.08419914925783151 0.14119261664905725 0.33959133337650305 0.5823826310464861 0.7437468501233037 0.7761574077677545 0.8803082182346031 0.9861276412031675 1.028065831550028 1.0780511863365623 1.153241222042019 1.2216979711359788 1.3100517261776026
118 1180 -0.22924013945546406 -0.08419914925783151 0.14119261664905725 0.33959133337650305 0.5823826310464861 0.7437468501233037 0.7761574077677545 0.8803082182346031 0.9861276412031675 1.028065831550028 1.0780511863365623 1.153241222042019 1.2216979711359788 1.3100517261776026
119 1190 -0.22924013945546406 -0.08419914925783151 0.14119261664905725 0.33959133337650305 0.5823826310464861 0.7437468501233037 0.7761574077677545 0.8803082182346031 0.9861276412031675 1.028065831550028 1.0780511863365623 1.153241222042019 1.2216979711359788 1.3100517261776026
120 1200 -0.22924013945546406 -0.08419914925783151 0.14119261664905725 0.33959133337650305 0.5823826310464861 0.7437468501233037 0.7761574077677545 0.8803082182346031 0.9861276412031675 1.028065831550028 1.0780511863365623 1.153241222042019 1.2216979711359788 1.3100517261776026
121 1210 -0.3105177307530332 -0.07189811446993971 0.13577083388928396 0.3555725143919377 0.599787578905173 0.7361265372822254 0.7730977583639207 0.8481342737551476 0.9513156459096663 1.0148767214875352 1.0825633150916805 1.1182850636439934 1.265699447351754 1.349772042697054
122 1220 -0.3105177307530332 -0.07189811446993971 0.13577083388928396 0.3555725143919377 0.599787578905173 0.7361265372822254 0.7730977583639207 0.8481342737551476 0.9513156459096663 1.0148767214875352 1.0825633150916805 1.1182850636439934 1.265699447351754 1.349772042697054
123 1230 -0.3105177307530332 -0.07189811446993971 0.13577083388928396 0.3555725143919377 0.599787578905173 0.7361265372822254 0.7730977583639207 0.8481342737551476 0.9513156459096663 1.0148767214875352 1.0825633150916805 1.1182850636439934 1.265699447351754 1.349772042697054
124 1240 -0.3105177307530332 -0.07189811446993971 0.13577083388928396 0.3555725143919377 0.599787578905173 0.7361265372822254 0.7730977583639207 0.8481342737551476 0.9513156459096663 1.0148767214875352 1.0825633150916805 1.1182850636439934 1.265699447351754 1.349772042697054
125 1250 -0.3105177307530332 -0.07189811446993971 0.13577083388928396 0.3555725143919377 0.599787578905173 0.7361265372822254 0.7730977583639207 0.8481342737551476 0.9513156459096663 1.0148767214875352 1.0825633150916805 1.1182850636439934 1.265699447351754 1.349772042697054
126 1260 -0.3105177307530332 -0.07189811446993971 0.13577083388928396 0.3555725143919377 0.599787578905173 0.7361265372822254 0.7730977583639207 0.8481342737551476 0.9513156459096663 1.0148767214875352 1.0825633150916805 1.1182850636439934 1.265699447351754 1.349772042697054
127 1270 -0.3105177307530332 -0.07189811446993971 0.13577083388928396 0.3555725143919377 0.599787578905173 0.7361265372822254 0.7730977583639207 0.8481342737551476 0.9513156459096663 1.0148767214875352 1.0825633150916805 1.1182850636439934 1.265699447351754 1.349772042697054
128 1280 -0.3105177307530332 -0.07189811446993971 0.13577083388928396 0.3555725143919377 0.599787578905173 0.7361265372822254 0.7730977583639207 0.8481342737551476 0.9513156459096663 1.0148767214875352 1.0825633150916805 1.1182850636439934 1.265699447351754 1.349772042697054
129 1290 -0.3105177307530332 -0.07189811446993971 0.13577083388928396 0.3555725143919377 0.599787578905173 0.7361265372822254 0.7730977583639207 0.8481342737551476 0.9513156459096663 1.0148767214875352 1.0825633150916805 1.1182850636439934 1.265699447351754 1.349772042697054
130 1300 -0.3105177307530332 -0.07189811446993971 0.13577083388928396 0.3555725143919377 0.599787578905173 0.7361265372822254 0.7730977583639207 0.8481342737551476 0.9513156459096663 1.0148767214875352 1.0825633150916805 1.1182850636439934 1.265699447351754 1.349772042697054
131 1310 -0.35987653257838287 -0.08386592613792346 0.09565888452268174 0.2904677723859257 0.6453860470585838 0.7251986543628776 0.8126847541895309 0.8632323899429358 0.9113437231256487 1.0132104488164804 1.053283904276447 1.1772311690324762 1.2221940647438676 1.3437841187176303
132 1320 -0.35987653257838287 -0.08386592613792346 0.09565888452268174 0.2904677723859257 0.6453860470585838 0.7251986543628776 0.8126847541895309 0.8632323899429358 0.9113437231256487 1.0132104488164804 1.053283904276447 1.1772311690324762 1.2221940647438676 1.3437841187176303
133 1330 -0.35987653257838287 -0.08386592613792346 0.09565888452268174 0.2904677723859257 0.6453860470585838 0.7251986543628776 0.8126847541895309 0.8632323899429358 0.9113437231256487 1.0132104488164804 1.053283904276447 1.1772311690324762 1.2221940647438676 1.3437841187176303
134 1340 -0.35987653257838287 -0.08386592613792346 0.09565888452268174 0.2904677723859257 0.6453860470585838 0.7251986543628776 0.8126847541895309 0.8632323899429358 0.9113437231256487 1.0132104488164804 1.053283904276447 1.1772311690324762 1.2221940647438676 1.3437841187176303
135 1350 -0.35987653257838287 -0.08386592613792346 0.09565888452268174 0.2904677723859257 0.6453860470585838 0.7251986543628776 0.8126847541895309 0.8632323899429358 0.9113437231256487 1.0132104488164804 1.053283904276447 1.1772311690324762 1.2221940647438676 1.3437841187176303
136 1360 -0.35987653257838287 -0.08386592613792346 0.09565888452268174 0.2904677723859257 0.6453860470585838 0.7251986543628776 0.8126847541895309 0.8632323899429358 0.9113437231256487 1.0132104488164804 1.053283904276447 1.1772311690324762 1.2221940647438676 1.3437841187176303
