% # columns="iteration, evaluation, sigma, axis ratio, bestever, best, median, worst objective function value, further objective values of best", seed=870187, Mon Mar  9 17:26:09 2020, <python>{}</python>
1 10 0.17357689224931946 1.0000450010125153 0.006128945949957165 6.1289459499571652e-03 0.03353499782708473 0.06633643091893625   
2 20 0.1645855104097901 1.1142297463628463 0.0024920221347193294 2.4920221347193294e-03 0.024715545241270974 0.05073439962554006   
3 30 0.16753914852099241 1.2196926775378345 -6.043289888288816e-05 -6.0432898882888160e-05 0.02534673770894088 0.0642326194576527   
4 40 0.15916274588002702 1.292584714867469 -6.043289888288816e-05 6.9553759032554112e-03 0.026745140617605405 0.10176083230870278   
5 50 0.1706228115671852 1.3559241569636853 -0.0009268453768035742 -9.2684537680357416e-04 0.009350802764187871 0.03626372842601274   
6 60 0.1823331416789931 1.511528916054015 -0.002353713781631412 -2.3537137816314118e-03 0.008715266510499364 0.04427382081731172   
7 70 0.22041168291940877 1.60551252584719 -0.009710539216479014 -9.7105392164790142e-03 0.02195729708577837 0.05595889800141356   
8 80 0.2736925774053361 1.7319428490428608 -0.009710539216479014 -3.0192919385453030e-03 0.01827442251346434 0.0974339718017112   
9 90 0.29196199693480474 1.8602675649767724 -0.009710539216479014 -7.2595909155934326e-05 0.04095787383837829 0.1073381957896784   
10 100 0.2843098557723222 1.887551561115165 -0.009710539216479014 -7.3312503716149854e-03 0.03257297287943445 0.09879258233422991   
11 110 0.25711529181458037 1.8664018133015727 -0.009710539216479014 -7.1074451696761668e-03 0.006484992471479739 0.12051796027593266   
12 120 0.24279681969705688 1.8094498441094502 -0.009710539216479014 -6.1834317895206638e-03 0.008993537869994295 0.11514422290113997   
13 130 0.23711912624940754 1.8033371693303313 -0.009710539216479014 -4.5845416133412841e-03 0.010387646718984539 0.06081337397050307   
14 140 0.23551367854286615 1.7472971206777688 -0.009710539216479014 -3.1196675534806021e-03 0.002732526731221485 0.14431688565817108   
15 150 0.22836480241352605 1.7481673346078035 -0.009710539216479014 -5.4189328701445905e-03 -9.205522350895803e-05 0.08048737980834209   
16 160 0.21327477413773663 1.7793451314820727 -0.009710539216479014 -1.5798844870430399e-03 0.037011379067734385 0.11154948371950923   
17 170 0.1948791655202079 1.8158876245929647 -0.009710539216479014 -2.1614910230701775e-03 0.02814522128113553 0.10307389895481789   
18 180 0.17103551590857746 1.8887134886593115 -0.009710539216479014 -1.0279744983003256e-03 0.024695578087153752 0.08661554295839424   
19 190 0.1499208189003566 1.8758517953289606 -0.009710539216479014 -2.0866382551415676e-03 0.006484586522894131 0.024935083799786456   
20 200 0.14168297222251655 1.881595202834733 -0.009710539216479014 -4.9314335967359860e-03 0.0014033864664540485 0.02449758995719163   
21 210 0.14035893051580883 1.8556153863056122 -0.009710539216479014 -3.0298858342075684e-03 -0.001320396656531368 0.025547870482284685   
22 220 0.1363991459151133 1.84695367875368 -0.009710539216479014 -4.9818888975760789e-03 -0.003536037784109951 0.014131348271740896   
23 230 0.11912894201068129 1.772719284927661 -0.009710539216479014 -4.1832586710629296e-03 -0.002670554898641703 0.0002896072992270293   
24 240 0.11347310091535583 1.7466136137846535 -0.009710539216479014 -5.4407477679807434e-03 -0.0027638188744919397 0.026829505455983615   
25 250 0.10353671246104922 1.6477525774636308 -0.009710539216479014 -6.8052536020165475e-03 -0.0039817824503664235 -0.0015133147473396502   
26 260 0.09959872170939164 1.6458721393299285 -0.009710539216479014 -4.0401357857081455e-03 -0.0024926742129543857 -0.001418820393388777   
27 270 0.09619507282647113 1.6157050248988523 -0.009710539216479014 -8.5598012858683573e-03 -0.005857935317126921 -0.0024353646385001757   
28 280 0.09206995217516642 1.610930097815709 -0.009710539216479014 -4.8175676661801111e-03 -0.002491752770290836 0.009484300094542264   
29 290 0.0850944137628319 1.6027578812830912 -0.009710539216479014 -7.0042624394363682e-03 -0.0046069469220101425 -0.0008103823208267611   
30 300 0.08203459961015895 1.5828517158607032 -0.009710539216479014 -9.6028583167035823e-03 -0.008265435296350742 -0.007286098863154339   
31 310 0.08341714332136271 1.5571804968667302 -0.011920910973157513 -1.1920910973157513e-02 -0.010631823216511325 -0.009630593775947525   
32 320 0.07979992382140028 1.5203790185486308 -0.011920910973157513 -9.5646889650385664e-03 -0.008140763725168957 -0.006168888637899452   
33 330 0.07903233906833332 1.5370215721465628 -0.011920910973157513 -1.0246184500931078e-02 -0.008699067703165387 -0.006084964731951084   
34 340 0.07318119836042775 1.5789495315689974 -0.011920910973157513 -1.0027117493668037e-02 -0.009136124637383145 -0.0069799533742592075   
35 350 0.06361353716411847 1.6162927257165272 -0.011920910973157513 -9.2305307973775397e-03 -0.007938081371126986 -0.007171074345337615   
36 360 0.05943475798579194 1.6186285532076974 -0.011920910973157513 -9.4445004649112100e-03 -0.008903179870464536 -0.008299909604344598   
37 370 0.05845256511527949 1.62276596065534 -0.011920910973157513 -8.9376881338219770e-03 -0.008807185611746603 -0.008619943687800646   
38 380 0.05283858908154184 1.559913290358617 -0.011920910973157513 -8.0147533974215725e-03 -0.007684673779378298 -0.006520092880776654   
39 390 0.04792982008408293 1.550299430804223 -0.011920910973157513 -6.6268778747118800e-03 -0.006542909593063615 -0.006212953798583551   
40 400 0.046326719919426086 1.5793550881416512 -0.011920910973157513 -6.6581611495645406e-03 -0.006512531738746894 -0.0062968741571497065   
41 410 0.04743307469562325 1.6215678485472447 -0.011920910973157513 -7.3401280370478288e-03 -0.00726796818603718 -0.0069819760232010765   
42 420 0.04411435429672597 1.7872518030804962 -0.011920910973157513 -8.2127787621686203e-03 -0.008068558536687677 -0.007266930964888563   
43 430 0.03709330933638126 1.8271322672571266 -0.011920910973157513 -7.1074969192575334e-03 -0.006853715693949624 -0.006326170298055799   
44 440 0.03507939797291996 1.8027449959187916 -0.011920910973157513 -7.3171698565355188e-03 -0.007120131254746591 -0.007030059389358207   
45 450 0.031206808937552573 1.8101001856574606 -0.011920910973157513 -8.1747678134596827e-03 -0.008089817358865006 -0.007711999705273522   
46 460 0.029613174874283932 1.9474591308538352 -0.011920910973157513 -7.3784847559222053e-03 -0.007244916996200123 -0.007120148474060226   
47 470 0.02741862037680901 2.0484942080505895 -0.011920910973157513 -7.1318225685237961e-03 -0.00707335220832219 -0.007022990533850347   
48 480 0.025089100528941113 2.090064800515403 -0.011920910973157513 -7.2602496572663246e-03 -0.007173382947966507 -0.007010880312524825   
49 490 0.024269563619813216 2.1651685474488804 -0.011920910973157513 -7.1475444292771560e-03 -0.0071233324501318055 -0.007028513349260712   
50 500 0.025276344407931976 2.184778602679141 -0.011920910973157513 -6.9634311706035391e-03 -0.006912009460485924 -0.006853398368755602   
51 510 0.025658910602361557 2.132565424077864 -0.011920910973157513 -7.2509373149799473e-03 -0.0071922689364601585 -0.007083829942905195   
52 520 0.024610492507707842 2.2528180540405742 -0.011920910973157513 -7.6903890004456363e-03 -0.007645764879932646 -0.00755991787771968   
53 530 0.023656113913529862 2.321604225432192 -0.011920910973157513 -7.2136966057075947e-03 -0.00715077368141895 -0.007055426761967624   
54 540 0.02100901426384169 2.3163501393901416 -0.011920910973157513 -6.6927523671700059e-03 -0.006649535010041796 -0.006554532640424014   
55 550 0.0199347177172003 2.2564917339215307 -0.011920910973157513 -6.5216366952343752e-03 -0.006487066722740027 -0.006434504619796935   
56 560 0.017643904605127655 2.258916454141209 -0.011920910973157513 -6.7053180110021524e-03 -0.0066943045249157436 -0.006650499018682917   
57 570 0.016217805508995764 2.1797962763455243 -0.011920910973157513 -7.0537118437046051e-03 -0.007037182252323465 -0.0069603930568938755   
58 580 0.01413083874031913 2.2242123700929883 -0.011920910973157513 -7.3057312916399728e-03 -0.007298483515627814 -0.0072638851220057695   
59 590 0.013373392541509505 2.192169574008954 -0.011920910973157513 -7.0487602191604245e-03 -0.007033097548888476 -0.007015389314669494   
60 600 0.013428801667604831 2.1762275627954395 -0.011920910973157513 -6.9406548790508478e-03 -0.006924216924763145 -0.006908062506162699   
61 610 0.012839157059999957 2.3094107610254695 -0.011920910973157513 -7.2260282993113828e-03 -0.007211484033656843 -0.007178530730252695   
62 620 0.011405029502445539 2.359361903039096 -0.011920910973157513 -7.3227778089577349e-03 -0.007318096504761393 -0.007311595953931346   
63 630 0.010827646442898482 2.373754536299897 -0.011920910973157513 -7.0294495084756306e-03 -0.007023424170276307 -0.007018526236163257   
64 640 0.009598246691240297 2.4088675651279456 -0.011920910973157513 -6.9594324218109488e-03 -0.006951161067558904 -0.006936355300741469   
65 650 0.008465169950099164 2.510930778441257 -0.011920910973157513 -6.9901396628162986e-03 -0.006985271239159547 -0.006976701459240063   
66 660 0.007728786661909104 2.5103697369495657 -0.011920910973157513 -6.8912565306219970e-03 -0.00688368195794915 -0.0068812142011428845   
67 670 0.006959987005730323 2.473796958830947 -0.011920910973157513 -6.7383550516372220e-03 -0.006736103918904234 -0.0067323832007023625   
68 680 0.006561997403372146 2.610007582080441 -0.011920910973157513 -6.7785845321072895e-03 -0.0067759785924229625 -0.006774476766079419   
69 690 0.0061578124454879715 2.632693797015754 -0.011920910973157513 -6.7408781973231054e-03 -0.006737062884980021 -0.006733173604591369   
70 700 0.006212696570114149 2.6184447708362555 -0.011920910973157513 -6.7330780516617564e-03 -0.006732030552691135 -0.006727910292347775   
71 710 0.005911598387704447 2.715042470883449 -0.011920910973157513 -6.7602228049715362e-03 -0.006758651451069386 -0.006755919097480957   
72 720 0.00572403900863716 2.7237573990776522 -0.011920910973157513 -6.7138322908939681e-03 -0.006710521110903692 -0.006708602194959718   
73 730 0.005722780859846202 2.6940358517324645 -0.011920910973157513 -6.7131931619064051e-03 -0.006711048781743645 -0.006708327020156344   
74 740 0.005574816786609986 2.738138571392348 -0.011920910973157513 -6.6917739228406492e-03 -0.006689671613511689 -0.00668892308678727   
75 750 0.005505402207056202 2.774264273798748 -0.011920910973157513 -6.6869793849452840e-03 -0.00668546588155945 -0.006682316262940168   
76 760 0.005620367695112909 2.614897059690789 -0.011920910973157513 -6.6432548509716347e-03 -0.006642171616901857 -0.006640114996491046   
77 770 0.0055790931025424765 2.52013297237979 -0.011920910973157513 -6.5673813785492776e-03 -0.006565758039709666 -0.006561478020323424   
78 780 0.005084413147089652 2.5466039004449432 -0.011920910973157513 -6.6212215651529774e-03 -0.0066190589606015685 -0.006616078195608695   
79 790 0.004911491029898237 2.4734271919623723 -0.011920910973157513 -6.6299545358419875e-03 -0.006627993026733681 -0.006626119593795262   
80 800 0.0049621400494693334 2.471115795945834 -0.011920910973157513 -6.5876882690651065e-03 -0.006586418410183073 -0.0065845228065291184   
81 810 0.004727431874914776 2.4316964959419805 -0.011920910973157513 -6.5656847099166936e-03 -0.006563467606263709 -0.006562144394133435   
82 820 0.004556109726025176 2.306069687436968 -0.011920910973157513 -6.5842848228938947e-03 -0.006582679958021809 -0.0065812800587470065   
83 830 0.004571564617508772 2.262160315386962 -0.011920910973157513 -6.6007916598048210e-03 -0.00659964295758731 -0.0065971869734685355   
84 840 0.004424230482815067 2.4169495456351324 -0.011920910973157513 -6.6620030901093355e-03 -0.006660737436659811 -0.00665844043153972   
85 850 0.004514777092850132 2.327877277355727 -0.011920910973157513 -6.6387846081359661e-03 -0.006637033942846517 -0.006636415309886202   
86 860 0.004314554062228218 2.241561242327785 -0.011920910973157513 -6.6269546858232211e-03 -0.006626474048170109 -0.006624304229581442   
87 870 0.00417599024000385 2.178808191272054 -0.011920910973157513 -6.6788663846672714e-03 -0.0066780456424409985 -0.006675825800069008   
88 880 0.00422718049286206 2.1328774512109936 -0.011920910973157513 -6.6449368268620924e-03 -0.0066439574045932875 -0.006642013031072764   
89 890 0.004255332851703865 2.1651497486589464 -0.011920910973157513 -6.6294882947500128e-03 -0.006628144355890856 -0.006627243638180603   
90 900 0.004085105388456833 2.149201383042787 -0.011920910973157513 -6.6391627376393113e-03 -0.0066384325960393 -0.00663760450788111   
91 910 0.003922528195602093 2.1607592106849256 -0.011920910973157513 -6.6022106176267439e-03 -0.006601014910841068 -0.006598820165848283   
92 920 0.003748337702899268 2.1099574232106084 -0.011920910973157513 -6.5907506255753548e-03 -0.006590072026319371 -0.006589434710998129   
93 930 0.003768178091284595 2.110282819550064 -0.011920910973157513 -6.5825049483545523e-03 -0.006582185045186979 -0.006579955754006566   
94 940 0.003651996732254219 2.1283569786268024 -0.011920910973157513 -6.5470302611383641e-03 -0.006545698472276362 -0.006544582915755716   
95 950 0.0033622766496275982 2.1279287789977106 -0.011920910973157513 -6.5730620207514034e-03 -0.006572478111677391 -0.006571089851088781   
96 960 0.003099060853552367 2.077031572494946 -0.011920910973157513 -6.5687368873121469e-03 -0.00656850926625789 -0.006566740645756011   
97 970 0.00331700167844529 2.0946654012116257 -0.011920910973157513 -6.5359783216115451e-03 -0.006535274421495103 -0.006534592112740281   
98 980 0.0036123715263563605 2.1009149521504566 -0.011920910973157513 -6.5054173674369926e-03 -0.006504864556339028 -0.006503501878421252   
99 990 0.00388409209747953 2.0296819107552393 -0.011920910973157513 -6.5048041545732634e-03 -0.006504383716254094 -0.0065035256036170665   
100 1000 0.004143791316954872 2.0046886133733937 -0.011920910973157513 -6.4876354427337501e-03 -0.006486885728315508 -0.006483133243247871   
101 1010 0.004112642004945045 1.9846064188190438 -0.011920910973157513 -6.4645677544872947e-03 -0.006463702039627413 -0.0064628510320681315   
102 1020 0.003979101958258743 1.9878806695417177 -0.011920910973157513 -6.4839598917289052e-03 -0.006482879276273588 -0.00648209622503461   
103 1030 0.003908372335395263 2.0591845076613082 -0.011920910973157513 -6.4864965470566999e-03 -0.006485673949581565 -0.006485053033155748   
104 1040 0.003749059207515945 2.1333070850518765 -0.011920910973157513 -6.5036117872297912e-03 -0.006503272548035421 -0.006500873750110355   
