% # columns="iteration, evaluation, sigma, void, void,  stds==sigma*sqrt(diag(C))", seed=1053610, Wed Mar 11 16:01:03 2020, <python>{}</python>
1 10 0.18006921947420013 0 0 0.18099702440375276 0.17974646591945845 0.17820192843631988 0.17803538122150844 0.17503956589733968 0.1789443846795903 0.17920006048823606 0.18061531872005598 0.17559075471802935 0.17379652015608332
2 20 0.1723633889060085 0 0 0.17612131492064506 0.1656490953902952 0.17408273079049358 0.16718380480486775 0.16611530798466043 0.16674046186081953 0.17125605914451553 0.16718816153982288 0.16977875351842328 0.1651326234439358
3 30 0.1611615952667626 0 0 0.1621539290454666 0.1506577030325221 0.16211391006834344 0.156189799093134 0.15606041411318258 0.1569766899123605 0.16053644464759037 0.15924988528549236 0.15578503784407227 0.15194237540761982
4 40 0.15432024472305816 0 0 0.1553686050989047 0.13459939586275796 0.15710388380164952 0.14874359237862392 0.14987452843452928 0.14840616217422872 0.15673543825651756 0.15282499916801057 0.14844244659200695 0.1477918401371745
5 50 0.15262425477922084 0 0 0.15563320757991145 0.13402858611049132 0.15535711987713724 0.14465362449150843 0.14858915416664017 0.15173518006320003 0.15172661282470068 0.149496225377471 0.14513724081887333 0.14091060828034685
6 60 0.14959482307583485 0 0 0.15227023282748037 0.13172495226689834 0.1528518000586447 0.14219811258842743 0.14078015473861985 0.14899238620918434 0.15663219272371265 0.15167891129308964 0.1404539042773587 0.13498196357784978
7 70 0.1430034583032401 0 0 0.14514183888415866 0.12579378664129057 0.14650741833630426 0.13505446201112295 0.1330170082658488 0.13809576367985268 0.152867395932938 0.1436944104426483 0.13092069015140884 0.1266868951326131
8 80 0.14196547618869068 0 0 0.14551487397615367 0.1219293610376694 0.14571523076264958 0.13549955659367427 0.1328053207029612 0.13581761703117246 0.15008135509622997 0.14184394599344077 0.13025191123643 0.12374375241360712
9 90 0.1339691695717725 0 0 0.1339996645234713 0.11381922540857792 0.14085061113735808 0.12668160155323996 0.12538868280958576 0.12969938980390258 0.14140326297424377 0.13190595264896812 0.12314108990501729 0.11445291252908649
10 100 0.13330940448876952 0 0 0.13121742114946264 0.11175034070935055 0.14734149354132897 0.12845396724421967 0.12398197558975903 0.12625217562511148 0.13433998336343522 0.1318025341414523 0.12088592410232625 0.11432607175926433
11 110 0.13290344032919305 0 0 0.1315500970793908 0.11062997725798955 0.14830607020855355 0.12588568211735673 0.12489337205902909 0.12563803230746795 0.1336201671885398 0.13143447562183344 0.12207729858252973 0.10990851077707228
12 120 0.13174412712410102 0 0 0.130203737758704 0.11068868777219394 0.1443689479108711 0.12697287748080668 0.12180196543125914 0.12456466139186105 0.12767721938365345 0.12925119859680087 0.12117445051515187 0.1095173726031361
13 130 0.13074138015224812 0 0 0.12809345512993464 0.1091027672339233 0.143076700801244 0.12678181308211856 0.12005293299006681 0.12450009440622672 0.1256992130087154 0.12595032325925104 0.12188373205032162 0.1046093312705492
14 140 0.12754629402606146 0 0 0.12547369953506385 0.10510144342045145 0.1412420306622043 0.12336321436542112 0.1175647447128535 0.12034154623705934 0.12345265487384345 0.12252626182680508 0.11665829001881564 0.10078406829386449
15 150 0.12462695843229049 0 0 0.12024433690415678 0.10219379427822821 0.13734918994918358 0.11632958201692473 0.1168616673519004 0.11812643021525333 0.1200865120803865 0.11935854656899936 0.11187381525503137 0.09952040139254031
16 160 0.12191650367080017 0 0 0.11709298871126819 0.09951226810237931 0.1282705940318748 0.11010539961443928 0.1170605838178881 0.11562195871811189 0.11634648595833644 0.11748982276814336 0.10647104815597862 0.09820774775648876
17 170 0.11716349124645584 0 0 0.10959874463006009 0.09425921591059089 0.12156162498405682 0.10574129627644155 0.10974481957644525 0.10939068762241214 0.1139497263861041 0.11209245654012136 0.10234362144067644 0.0943127993155031
18 180 0.10363957985411762 0 0 0.0959469178501073 0.07970166376479354 0.10851914182470329 0.09347360928538188 0.09617094356874462 0.09560949523786526 0.09931605613042029 0.09898195668121652 0.09002468087578674 0.0819791015739437
19 190 0.09912160389034283 0 0 0.09366070207015677 0.07631932738474866 0.10222376756350705 0.08523507107102885 0.0900326834637321 0.09042625385378814 0.09330637218807555 0.09231877255447939 0.0872453024395662 0.07919972369217644
20 200 0.09351453240707978 0 0 0.08858311887766288 0.07108097302140234 0.09535237821330429 0.08018182192614946 0.08339797567581152 0.08088741177807543 0.08772896124942539 0.08662355555057494 0.0813204528795094 0.07700621963846012
21 210 0.08792775891638077 0 0 0.08245953010167968 0.06734532932237941 0.08985473150148898 0.07304037503731753 0.0755664159226804 0.07490792559959641 0.08349817588763736 0.0792544550399821 0.07732332512196875 0.07139922248430024
22 220 0.07959640840769705 0 0 0.07476640651194012 0.06007517242394024 0.07992778815372421 0.0653659757459508 0.0673881411834394 0.06924315561642982 0.07519075641643275 0.06932960509681896 0.06944455311884686 0.06267154507129556
23 230 0.06831893241858691 0 0 0.06349574309966692 0.0510473293324833 0.06729852587213082 0.053606909374976155 0.05774980187669671 0.058617469431690314 0.06279554429892482 0.059353316421736455 0.05943353959103039 0.0533646992162896
24 240 0.06410595762308074 0 0 0.05647262357179598 0.04756486967303714 0.06213164535302559 0.05131671063533357 0.053559536587094184 0.05442557182174629 0.05783025666995545 0.05535553538115531 0.056251382553318276 0.050782046187625
25 250 0.060898222861755905 0 0 0.05329261510982411 0.04379374852921396 0.05709582930593027 0.04918701633609709 0.05107343263386632 0.05154261660317767 0.054601900739087945 0.0527171563406482 0.05174814841351524 0.04833609664729987
26 260 0.06332482234741375 0 0 0.05718451117673532 0.04571406029875199 0.05785573971948473 0.05083241812521269 0.053268847780137955 0.05363265506134903 0.05773215977351659 0.05420454677325518 0.05289694660160744 0.05093327494812288
27 270 0.06009336876862329 0 0 0.05291460513587082 0.04403125342577872 0.0536533879474167 0.04724576081951793 0.05121827478000806 0.05011629842829922 0.05480275170064374 0.05046250045009064 0.05053615683328994 0.049953067003667105
28 280 0.05903185341997435 0 0 0.051859387919276134 0.0432263253689271 0.05324549804103902 0.046765002929892746 0.05010475302788513 0.04931533994337769 0.05290790370243231 0.047278181534197466 0.04912939340328184 0.04905784666837413
29 290 0.055091166863245514 0 0 0.048375590791616324 0.03955621259005167 0.049870464316186705 0.043508994986531616 0.04426154926438444 0.04714974643631143 0.0489654745856612 0.04387400191195129 0.04546645187774961 0.04491016324578945
30 300 0.052430103766297725 0 0 0.0451106764620572 0.03628551165259947 0.04750816711346786 0.04110209104722635 0.04221389292035907 0.044108410302881686 0.04662162803878199 0.042232831105073976 0.043785987697550904 0.042506881298141196
31 310 0.05101233172667238 0 0 0.04294653667674765 0.03524654473496312 0.046469923792751514 0.039334893130169524 0.04088899189442869 0.04193764917753817 0.04516184137071405 0.040744826271034866 0.04436108721418062 0.04145132077836369
32 320 0.04931497661813082 0 0 0.04181413684679706 0.0342810291951049 0.04565489177840501 0.03745325291338433 0.038202921367527905 0.0402707766171035 0.04369873838887141 0.038672445532988375 0.04313045808217817 0.03972612565427235
33 330 0.048619427053413586 0 0 0.04171417584572676 0.03344943951394317 0.044640360010309826 0.035923025371143245 0.03760837359341213 0.0420102838373728 0.042971862932588985 0.03693763618068918 0.040841295671253004 0.03994852253787835
34 340 0.04492399437053922 0 0 0.037269471520890746 0.03056489692425776 0.04068421956570711 0.03297305369622015 0.035085181282418366 0.03892309144346551 0.04009071434599157 0.03378375716189932 0.03783491126137535 0.035932317574183935
35 350 0.0409368926961826 0 0 0.032981676742510124 0.027500758565477103 0.03671471449301385 0.029515581371424515 0.03136468162499 0.03551812979085902 0.03615158216595321 0.030345247967368913 0.03444577397276413 0.03255948034857354
36 360 0.04086602367596339 0 0 0.03245924608590849 0.027116947951909408 0.03620154932627715 0.0295069698586882 0.030338054470311612 0.03495390299464367 0.03580124493193082 0.029799858745354582 0.03545284643441528 0.03251568922634813
37 370 0.04302732897796541 0 0 0.03484698557945943 0.028543774480911964 0.03690006956453086 0.03214054551407036 0.031353979255085485 0.03536531159928392 0.03743350265830318 0.030222409900593827 0.03738941913175902 0.03478492788241452
38 380 0.042633261307088666 0 0 0.035032363607226814 0.027084544541774423 0.036498441650568474 0.031949780733024645 0.030592847745184226 0.035132697645282096 0.0369833221200278 0.02991029630183457 0.036316375724395555 0.03454118214428311
39 390 0.040748878823473625 0 0 0.033432961220266635 0.026111134297745774 0.03406000303437147 0.02985117988858125 0.0291799008219247 0.03431176643483063 0.035299411757594365 0.02916669477454332 0.034875403190196254 0.032877776938705874
40 400 0.038982349955676766 0 0 0.0316322904345742 0.025106072383407698 0.03250301407421291 0.028654704349959613 0.027648249571482878 0.032552008766318585 0.03342152112195041 0.027666601485101285 0.033451819612600624 0.03135958184588451
41 410 0.03606303905671371 0 0 0.02850092718730789 0.022572813478998845 0.029504363848048356 0.02645590844774131 0.025584428005540973 0.029583981535104307 0.03047828139927172 0.025244543605574564 0.030584018030348603 0.028670724922660377
42 420 0.032800903119082486 0 0 0.02525205833187406 0.020187875343194762 0.0264698799826502 0.024094903615082573 0.023114297550813373 0.026275310499609912 0.02789465414486919 0.023154923932938717 0.02779990117039837 0.0259206585533446
43 430 0.030694263044558134 0 0 0.024028218902743963 0.018590376243512174 0.024026670369714623 0.022716886859977345 0.021502329867412354 0.024751551142483678 0.02703810756981206 0.02136132901159856 0.025471562041934036 0.024059299643125635
44 440 0.02790025323823551 0 0 0.021304187589022756 0.01679695102812561 0.021878563042731197 0.02056543402107964 0.01892005570215072 0.022534618305821198 0.024509242730370237 0.01933379172363621 0.02263692886221304 0.021404303821440995
45 450 0.02698864083515768 0 0 0.020596296716210515 0.0163488240948608 0.020942898162910274 0.01965483472815648 0.018605445559942844 0.02170009561139532 0.024126959054067962 0.018452641461473934 0.021190774638480646 0.0210058302639877
46 460 0.027002625948094567 0 0 0.01978565906388971 0.016322548979569196 0.021072078212889714 0.019693149952797147 0.01867295292991782 0.021589779418517693 0.024740153319805884 0.018367087378139378 0.02124343866040611 0.021063159569852784
47 470 0.026920975109311313 0 0 0.019677552283851624 0.016547348612123737 0.02101009909500347 0.019075606480365968 0.01897964413669235 0.02144097957293966 0.024508373967450862 0.01815759638580287 0.021108701247049454 0.02090332235701385
48 480 0.027072204772828748 0 0 0.019554504656952153 0.01682006524818832 0.020645403298841628 0.01931431927718712 0.018888466722903584 0.02130902676280939 0.02461076062000853 0.01811588926431865 0.021225381819428315 0.021061986720066407
49 490 0.026969569659571806 0 0 0.01907946989912682 0.01685296064126079 0.020378871352019986 0.01981381706169457 0.018329841855833216 0.021096469545763476 0.024376835722843382 0.017599860446612665 0.021472286860040157 0.020680880270041033
50 500 0.025128455193038635 0 0 0.017673571110479527 0.01587145694557269 0.01894529953777019 0.01843172123661557 0.01707761987689191 0.019877826018923163 0.022778691904368428 0.015449163800399892 0.01977626898653553 0.019369968915604226
51 510 0.022856357075103195 0 0 0.01627837922004821 0.014493271659964991 0.017378797920851025 0.01638049654669528 0.015443164065459238 0.01772880866424273 0.020427209550588115 0.014053932645122221 0.017576212860410403 0.017371308542375105
52 520 0.022109718002042516 0 0 0.0153178176492936 0.014256945996681886 0.017508012587709544 0.015673765861825423 0.01538991497273823 0.01679915428657919 0.019039036994145987 0.013530949818016396 0.017320472726449872 0.016380749485497552
53 530 0.02174387852573467 0 0 0.014242696290082462 0.014196723419476993 0.017198386307693908 0.01542743689566383 0.015125299584866421 0.016548584723646308 0.0183896296902026 0.01347260400689685 0.0169555414256847 0.01582486945584092
54 540 0.02282352763470745 0 0 0.014907681643600365 0.016234380303687183 0.017577971884868173 0.016293424151212252 0.01599223222220737 0.017294088440688773 0.01954178903148148 0.01349906339240165 0.01770789445955908 0.017278469475302528
55 550 0.023041353184686746 0 0 0.015183155837857492 0.01606698301582228 0.018133624840073918 0.016434467160456295 0.01615656889915967 0.017430517483829705 0.01983045165484167 0.013728872751667748 0.017258296399865 0.01709821125290471
56 560 0.02277203645008133 0 0 0.014910348421887614 0.015579611153057019 0.01774302527757559 0.016298950044856823 0.0156806815560768 0.0168520919902902 0.019066320211684213 0.013613155137294004 0.01702298473968193 0.016850115918992825
57 570 0.02207142101955343 0 0 0.014537807557081707 0.015439329049801326 0.017215717264655463 0.015425997376831369 0.01478695107827924 0.01617544035467708 0.017998070410697415 0.013177738491185002 0.016239696774989903 0.016116914037926255
58 580 0.02131874282886802 0 0 0.01403859464766463 0.014839569278209576 0.016434481232322693 0.01475502590489916 0.01429783821717138 0.015674551105442143 0.01700394009011445 0.01274449558543186 0.015330202399183169 0.015770987697050473
59 590 0.02228010624260184 0 0 0.01448736740761948 0.015511145060987155 0.01716829281665491 0.015342158677567186 0.014633718802496105 0.01583005625226451 0.017634055035993156 0.013628937787421021 0.01609979610956469 0.01702138358816931
60 600 0.02282634556412673 0 0 0.015370879095981102 0.015427728567902824 0.01768658630215671 0.015702271914997824 0.014794620985716805 0.015947278966916705 0.018037975071278557 0.013940893244462044 0.016363250301224024 0.017867209535620234
61 610 0.022215106369860464 0 0 0.014872091238771418 0.01509579141442828 0.017877631528322297 0.014988009446447386 0.014406410479823073 0.015459259144185514 0.017323268226507545 0.013362306920170444 0.01580023963839869 0.017635764472217316
62 620 0.023826634255162352 0 0 0.01580860601032863 0.016204317360163166 0.019166923107745884 0.01574678251465257 0.01500077841410378 0.017690754635168587 0.01808433032374627 0.014389684163237056 0.016661578246090845 0.019047560595387494
63 630 0.024285143208341093 0 0 0.01583856770923635 0.016039866151582146 0.01953859788893519 0.01589475989798887 0.014855429538414984 0.018319664307980113 0.0183498404283772 0.014524813736898892 0.016518896718892274 0.019130001391108202
64 640 0.02389441138345012 0 0 0.015371537948562986 0.015812007570216172 0.01850962964082886 0.015523615801592498 0.014724360574251746 0.0185691767954058 0.01777511632530481 0.01447501441790891 0.015949018256349933 0.01825075540160254
65 650 0.024196460946585636 0 0 0.01543141778247123 0.01594108067779311 0.01845157192540039 0.01568694976113799 0.014715606084049334 0.019151346759065782 0.017691015684514505 0.014645720615681812 0.01612306200160729 0.018270616944767466
66 660 0.02381306357641214 0 0 0.015111996317729333 0.015406811129483928 0.018063472299929197 0.015367761888174672 0.01448578730833765 0.018648126093682386 0.01735177191002335 0.014126927489878236 0.015609038776891558 0.017981269508035976
67 670 0.02244714837433574 0 0 0.014194996148612448 0.014400338011589825 0.016799360627598948 0.014121876094080287 0.013285406921287502 0.017062610849398543 0.016005113022120442 0.013108317157760703 0.014599314461517975 0.01687268854841051
68 680 0.022337513364561377 0 0 0.01424277987373802 0.014114038260418366 0.016437748421936755 0.01420431121786302 0.013290527370789108 0.017011879258211723 0.01574962261672987 0.013591221771562013 0.01428797657283843 0.016516536304249683
69 690 0.021685009811790577 0 0 0.013835241054974265 0.01365072336399394 0.015753943863654453 0.013650756282727303 0.013116040206380648 0.016095060515202864 0.015208686640994538 0.013122300763323854 0.013404318483175652 0.01579474335501383
70 700 0.020118334234190623 0 0 0.012842039771701359 0.012309310416661973 0.014791682439773817 0.012611568495634119 0.012038972550397792 0.01442183332652608 0.014141182610734096 0.012083689899830937 0.011972747319653103 0.014849359764394592
71 710 0.019011405863722453 0 0 0.011877905773633355 0.01160838513768148 0.01362845518819859 0.01212270193123863 0.011521732335117444 0.013707858556607829 0.013390124025148584 0.011268125959608934 0.011244646348044583 0.013883812758981404
72 720 0.01707557375370938 0 0 0.010650846895479297 0.010353217648763948 0.011830366781357689 0.010769620296009341 0.010283071220904643 0.012358328651320609 0.011683798937045251 0.010038053384625474 0.010040455277682927 0.012373948129849315
73 730 0.015925311949381432 0 0 0.009704631126573816 0.009625224582452654 0.01098032483703136 0.01013289424773408 0.009478677898467357 0.011261627879796147 0.010820291084247882 0.009323863529085675 0.009397202520934882 0.011186878812739979
74 740 0.015505202495487251 0 0 0.009492457326411796 0.009282552220289043 0.010632850518810076 0.009704717632156603 0.009208950436852546 0.010967977918174472 0.010373296980937934 0.008926051973955308 0.009209372871626431 0.011038865982647209
75 750 0.015226851327174551 0 0 0.009304745622710933 0.009101189300913113 0.01005974783361546 0.008997541937999275 0.009077813127114441 0.010853200309859617 0.009997696330289003 0.008753161758089406 0.00884019768542052 0.010963586848663916
76 760 0.013937869172241487 0 0 0.0085516728119209 0.008286324993262512 0.009155168433611386 0.008089390591937348 0.008301563023136409 0.010130483511621248 0.008986222224493188 0.007950592245839603 0.008047816584943124 0.00950179096242574
77 770 0.013337226783812372 0 0 0.00806664403304072 0.007934598860387894 0.008808208225679506 0.007833605352277886 0.007939383897796378 0.009479675297819786 0.008528267200297503 0.007279193788268238 0.007619302347742317 0.009320051343486036
78 780 0.011945803454058584 0 0 0.007026004125382902 0.007012307694220765 0.007852630530676759 0.0069222158320238 0.0069583505181174754 0.00843676195453672 0.007541624540311523 0.006512779556712 0.0068306936547917725 0.008294640003315605
79 790 0.011477024479951673 0 0 0.006579155556659712 0.006629373342510068 0.007537460205875878 0.0067475521442191665 0.006667293217161349 0.00772973190771502 0.007335690301467884 0.006229633701380033 0.006512841762276953 0.008029016695767
80 800 0.010803599857315016 0 0 0.0062025914931629665 0.006209499370665256 0.0070941160066779205 0.006243443126123153 0.0060963899613073885 0.007383964129463467 0.006915740760936749 0.005869687714097145 0.006125758297255705 0.007236372339925579
81 810 0.010370470476778169 0 0 0.005871482832020885 0.00601508870618605 0.006731113077701294 0.005831429230423463 0.005716118628885913 0.006773313615526348 0.0066855930162003216 0.005666102410005007 0.006005843035881461 0.006986335027770824
82 820 0.009903158086286326 0 0 0.00555253026122691 0.0057364101129675025 0.006411007508773983 0.005538216038495722 0.005463247319985787 0.00633869670200278 0.00640276133222265 0.005283663575420158 0.005753327925847279 0.00660771583813511
83 830 0.009077729663477871 0 0 0.005075938055020619 0.005144360192069851 0.005820725561396844 0.00504443506591623 0.0049228473212598505 0.005737539470219096 0.0057361690793596475 0.004797099266308009 0.005205117691273389 0.005998260414880318
84 840 0.008276983268647484 0 0 0.004526441749434532 0.004645766108885381 0.0052329524728675 0.004525258792234744 0.004461073062818054 0.005187417306334043 0.005085353300359016 0.0043937662006115884 0.004710968952175826 0.005384863148327934
85 850 0.007906904055154172 0 0 0.004455700180037421 0.004484787392427778 0.005037997641618736 0.004334810916712355 0.004158945859986863 0.00488458266522012 0.004799624672249646 0.0041414073395220265 0.004390407872805073 0.005081525275046939
86 860 0.007797374110111397 0 0 0.004400501346660275 0.004369289954237515 0.00507856012963006 0.004280511798251622 0.004093592041517792 0.00485734933894329 0.004833028958148924 0.004051023782025707 0.004159243464291458 0.004997573595740495
87 870 0.007956178928701329 0 0 0.004539604913695904 0.004421691182733467 0.005024178307646412 0.004335098663891585 0.004155672931672414 0.004942228081163894 0.004851329635917767 0.004123424667319763 0.004274845459092015 0.005092349779567219
88 880 0.00773502765075615 0 0 0.004320696346138956 0.004346447911398972 0.004862836191168258 0.004230451793744494 0.0039603111212931155 0.004774570391213374 0.004825753846751215 0.004020521406074091 0.004081355831776988 0.004822066426314825
89 890 0.008181726544318963 0 0 0.004599838334048998 0.004652480897588315 0.005006335625617362 0.004389774573644803 0.004239187466108736 0.004951224412339881 0.005205951714452348 0.004284191737043565 0.004352270702719114 0.005076512710300984
90 900 0.00826851643800128 0 0 0.004663645183110067 0.004710147140474349 0.00497938877355453 0.004360194139203662 0.004206937111264078 0.005012134631128438 0.005273391351252491 0.004217692952288497 0.004469095905836128 0.0050510730949885315
91 910 0.0077527185804140706 0 0 0.004320076776306803 0.004391768417878304 0.0044544590620849474 0.004127224338251485 0.003916814572686128 0.004702852713037683 0.0048474931040459164 0.003941223525203415 0.004170995289560903 0.004613182434897372
92 920 0.007088821133477774 0 0 0.0038690568816218893 0.0040266443949753625 0.0040153487825114 0.003711398007458383 0.0035811431253361774 0.00429781679650212 0.0043208756357477375 0.003563250530899955 0.003800834866700148 0.004238906574302303
93 930 0.006856917620264519 0 0 0.0037283865014032178 0.003921862111466611 0.003835643427639698 0.0035088561999444125 0.00346684814085476 0.004044339322432905 0.0042048930879692754 0.003436867672072094 0.0035957042664805585 0.004030741645213057
94 940 0.006592309577770252 0 0 0.0035456348038172916 0.00385926329884305 0.0036818140127844886 0.0034396648821120304 0.0032235759607322943 0.0038164891201484074 0.004024144829200725 0.0032982510090839683 0.00341293490300517 0.0038624762432010727
95 950 0.0066439018197894184 0 0 0.003540239281063586 0.003935613403252067 0.003771903525803128 0.00343365715961565 0.003242960822681265 0.003673829376767495 0.004015661770695057 0.0032402174462248345 0.0034422173195293904 0.003878821858261651
96 960 0.006533005263703464 0 0 0.0034119835350743446 0.003826223656196423 0.003679775770725456 0.0033276266058365777 0.003169961920480887 0.00363710114799504 0.0038323259830150115 0.0031691616623238843 0.0033435908984741905 0.0037123266403757222
97 970 0.006658147816169488 0 0 0.0034063725549685698 0.003792201171846239 0.0037290470512037874 0.003542811642535597 0.0031942061205589164 0.003730928492493441 0.0038369118174250536 0.003237775913709735 0.0033904434824995693 0.0037340492294285015
98 980 0.006295564728977839 0 0 0.0032229750972564124 0.003558006284096771 0.003492901734165095 0.0033156485597496516 0.003012056257897717 0.0034118619863995584 0.0035868336743257053 0.0030361556236090906 0.003183896778388946 0.0035773361195172884
99 990 0.006371271416627568 0 0 0.0032887730275547966 0.0036130490227077056 0.003624477003805763 0.003309574323633918 0.0029258778128427856 0.0034489171825917205 0.0036112845252737674 0.0032453151594379107 0.0031898108478179985 0.0036440273082317593
100 1000 0.006093959410311521 0 0 0.0030876855187537823 0.0034203545722011324 0.0034817984070653913 0.0031536442574180766 0.0027851573286192355 0.0032839575399062327 0.0034002978131308197 0.0030226753377131377 0.003036202568853666 0.003491936581718844
101 1010 0.006064746381541807 0 0 0.003081987816840102 0.003290074206174482 0.003457762017486278 0.003043887285414962 0.0026941619104515397 0.0032553276556363847 0.003333050058379232 0.0030654603953652955 0.0030101561078285186 0.003454004713793928
102 1020 0.0056729446914983465 0 0 0.0027635352487186907 0.003042163338227871 0.00315938416738949 0.002835779165726179 0.0025257395641368604 0.003071708098424997 0.0031222452706073612 0.002839948217954247 0.0027824902791710035 0.003144638726599029
103 1030 0.005560640169914963 0 0 0.0027673602919272653 0.0029017490956697927 0.003112019776474909 0.0027813461230738836 0.002498529811284686 0.003017353269222564 0.0028698471297549494 0.0028315601429315827 0.002678464519587194 0.003052375918332782
104 1040 0.005412172769686926 0 0 0.0027080933582474052 0.002773129084226924 0.003020570366369562 0.0027176292396769285 0.0023821081566012658 0.002898249285040595 0.002745652708651938 0.0027430796612075946 0.002602025280458468 0.00294717593858014
105 1050 0.00520305890303391 0 0 0.002623837250809266 0.002662751958153061 0.0029001110388291824 0.0026071859777651715 0.0023076117469359348 0.0027286580806429356 0.0026434529757911303 0.0026232450617074705 0.002486542864586787 0.002759261601964455
106 1060 0.005152044137185678 0 0 0.0025883844566372207 0.002563155238365641 0.0028260440754174247 0.002531062720337419 0.00229224206289013 0.002640808908442809 0.002613422822407883 0.002551206635899044 0.0024959833260057352 0.002793836443415602
107 1070 0.004768948164583419 0 0 0.00237623092663791 0.0023636471861951417 0.0026314306083456535 0.002321874748963223 0.0021036873993642027 0.0023795176168611015 0.002395444819728383 0.002297191608836992 0.002315137786931035 0.002586915768686384
108 1080 0.004496758202039719 0 0 0.0022100385966177917 0.002223546537887909 0.002451962224032763 0.0021649456907478146 0.001985431231752663 0.0022214914011092616 0.002173434019375969 0.002188872026750448 0.0021874717323730444 0.002392969434021274
109 1090 0.00432341898086459 0 0 0.0021865988517452022 0.002108439354626748 0.0023511307756782862 0.0020301473728635906 0.0019130445486979799 0.002136904638759369 0.002013397416306941 0.0020934540695853234 0.0021021170250046612 0.002283312548395645
110 1100 0.003880944818747721 0 0 0.001932442758241759 0.0018603922620472203 0.0021027240422693307 0.001795435575863328 0.0017015758618803328 0.0018747046377559544 0.0018074105443661296 0.0018582534715915293 0.0018839482653573276 0.0020294473584721007
111 1110 0.003672609291261831 0 0 0.0018023876322583309 0.0017708550965025481 0.001973691010369311 0.001680992074675572 0.00161159961899189 0.001720822815775261 0.001649017037142413 0.0017347788567278653 0.0017779845067031296 0.001937941345009278
112 1120 0.0035138211307681015 0 0 0.0017003983163561462 0.0017066531013058125 0.0018360890091030627 0.0015676710822936713 0.0015531932059860598 0.0016244518458872028 0.0015539992432242423 0.0016423231217277492 0.0016572608170118308 0.0018677758983636026
113 1130 0.0034342102909031506 0 0 0.0016156570974725781 0.0016630552819406651 0.0017820619810933257 0.0015256700609756332 0.0014894960849144033 0.001607258247822756 0.0014972123633509925 0.0015986834266712609 0.0016167439656214636 0.0018353000382089716
114 1140 0.0033369675023980036 0 0 0.0015819522904833027 0.0016154748014453283 0.0017415009800701355 0.0014468130596886702 0.001430382729830321 0.0015580305995128083 0.001466975749787667 0.0015269473239847757 0.001544999664571842 0.0017462691661778453
115 1150 0.00338785145139428 0 0 0.0015779819611502562 0.0016219459063131338 0.0017082765878579636 0.0014623667842370537 0.0015200207958126746 0.0015971751398362562 0.0014959543687445215 0.0015635440021641155 0.0015764669966981716 0.0017550116669013457
116 1160 0.0032679696598429914 0 0 0.0014914897337514207 0.0015262218600810074 0.0016360478715819022 0.0013987550634161564 0.0014823313723674992 0.001504822668327157 0.0014538240510534133 0.001420484797662335 0.0015091769245064181 0.0016749148833035635
117 1170 0.003116358225531966 0 0 0.001424514954611986 0.0014014108020674748 0.0015397038829097142 0.0013153803772567201 0.0014451377858231442 0.0014246892418409924 0.001367473752417991 0.0013547050944808907 0.0014465148544427475 0.0015722859978967983
118 1180 0.002848610528134956 0 0 0.0013082301722593939 0.0012669327154705026 0.0013865416776105257 0.001194847148292987 0.0013199582694065203 0.001287505341939968 0.0012311083005717308 0.0012371207816425454 0.0013045080767771612 0.0013994101007103817
119 1190 0.002779872042589018 0 0 0.001258090215781099 0.0012305145054108243 0.0013524690883862426 0.0011397178719833696 0.001286238093652023 0.0012469694109000218 0.001206199564032143 0.0012135744365543346 0.001250484047192269 0.0013521420994929332
120 1200 0.002763510322018283 0 0 0.001258643784378864 0.0012417962885557363 0.0013307318385514764 0.0011389034156505712 0.0012449501995772721 0.0012394067870194626 0.001185481705404575 0.0011977269459616507 0.0012068782795290676 0.001346675220692139
121 1210 0.002592642013631783 0 0 0.001183125003667623 0.001117143113122349 0.001212157614371449 0.0010607817014685788 0.0011663445705498198 0.0011780858330348782 0.00109015905867731 0.0010906015975340668 0.0011261764269458524 0.0012703989485571394
122 1220 0.0026320297169816443 0 0 0.0011956871337665139 0.001109299485370433 0.0012117388140961095 0.0010721085951288197 0.0011973254298221659 0.0012050256814742856 0.0011003664472515288 0.0011004431775220095 0.0011434494549928413 0.0013217345196442681
123 1230 0.0025848560886736842 0 0 0.0011806010931833767 0.0011035811358345 0.0011653338847737518 0.0010232484617643373 0.0011600619781436344 0.0011753750928400126 0.001081744609888982 0.0010784713199782044 0.001122416726142356 0.0012736782039954415
124 1240 0.002784619394828806 0 0 0.0012642119804119906 0.001215423349652875 0.0012425649058070305 0.0010907443859994531 0.001234513409143793 0.0013228860229569988 0.0011632025845682956 0.00114486029980988 0.0011929269145494739 0.0014006845098027889
125 1250 0.002887419222825485 0 0 0.0012880095386247241 0.0012515916235002892 0.001288658814245237 0.0011440451392281353 0.0012767402159989264 0.0013306950941006745 0.0012213500389752878 0.0011918630912790829 0.001226022504141381 0.001457580893976009
126 1260 0.0027399983602145665 0 0 0.001231904726403039 0.0011407810493153068 0.0012258844962853522 0.0010864220262729414 0.001188499161083533 0.0012444561651204983 0.0011624108852655182 0.001123983561733125 0.0011092622700302982 0.0013656497478320285
127 1270 0.002908312426789635 0 0 0.0012962766692660728 0.001204555243718991 0.001290018704816115 0.0011517135865418062 0.0012637422020950995 0.0012898006081286167 0.001221950443852795 0.0011879937264661178 0.001207100647274655 0.001416363306581395
128 1280 0.003102420371003013 0 0 0.0013516920521974248 0.0012506146294714855 0.0013636661134781894 0.001224238727137973 0.0013309038463175647 0.0013286039047864808 0.0013035620636398539 0.0012834611719547628 0.0013160584434987598 0.0015706369312044732
129 1290 0.0031563845370873936 0 0 0.0013642068600708173 0.0012817593332212758 0.0013770871668647706 0.0012520037438065361 0.0013351649408187352 0.0013243048302548504 0.001309429220853536 0.0013114989525363256 0.0013569653606036976 0.0015929732166595947
130 1300 0.003065956420328099 0 0 0.0013393379858571933 0.0012268994284440559 0.0013600130434207342 0.001198234362273778 0.0012886373076590432 0.001262750774204499 0.0012373025577959093 0.001293524982372617 0.0012796841912644352 0.0015658787260390019
131 1310 0.0030749947763457214 0 0 0.0013504799269613568 0.0012228919513254965 0.0013665128738708943 0.0011807191744321794 0.0013121692099623081 0.0012407335056454606 0.001201506953058348 0.0012911237576121314 0.0012751038267669783 0.0015703770529092577
132 1320 0.002851577089931888 0 0 0.0012275339393058055 0.0011034486741298478 0.0012584936896166542 0.0010857741499244215 0.0012062180439196557 0.0011288497657715938 0.0011133545810706764 0.0011750331556038395 0.0011765284102660115 0.0014176799227176694
133 1330 0.002651741624688616 0 0 0.0011312123365857449 0.0010039902073669187 0.0011397065719957963 0.0010078527717802793 0.001100290820387075 0.0010363741357990552 0.0010164685420756573 0.0010934108843004449 0.0010869823010241125 0.0013075099940515046
134 1340 0.0023911607119182243 0 0 0.0010178611949410625 0.0008890901902807744 0.0010055223227696103 0.0009065549754389128 0.0009776489166529098 0.0009344126250528004 0.0009103954178726522 0.0009670485035056141 0.0009846345483292983 0.0011158865696445173
135 1350 0.002272880118439242 0 0 0.0009725228329300026 0.0008468484349113232 0.000937763200704396 0.0008703683837437566 0.0009281554517964999 0.0008866815801557253 0.0008523902084873394 0.0008998389134320783 0.0009106630191598713 0.0010651106350139537
136 1360 0.0020782040186542975 0 0 0.0008746984876779675 0.0007674293299503037 0.0008464554906818644 0.0007788066828638513 0.0008497910412999653 0.0008149688977856998 0.0007635838398831694 0.0008151536550250942 0.0008248064909865204 0.0009700981779442581
