% # columns="iteration, evaluation, void, void, void, xmean", seed=1053610, Wed Mar 11 16:01:03 2020, <python>{}</python> # scaling_of_variables: 1, typical_x: 0
1 10 0 0 0 0.09519490957662681 0.17525675997396226 -0.0698634731758078 0.01446656122265736 -0.019701124565296928 0.03877507484196957 0.06957189695948915 -0.009620966705896955 -0.09145209755297207 0.10851041721126606
2 20 0 0 0 0.22084032416171878 0.2225835614400689 0.11669828942279573 -0.03421483522174938 0.03482736960828486 0.08268687150295366 -0.02192606066099234 0.030548912653540414 0.08551307576641584 0.10711920959722064
3 30 0 0 0 0.21456543728221844 0.11724671458450754 0.1359137368291693 0.10702875521226153 0.11079812911339187 0.014402533165285211 -0.13574283026829814 -0.05099941864020131 0.08087011624373114 0.05223999133059103
4 40 0 0 0 0.07927114938373023 0.17394075064974743 0.23095212879899582 0.13158419655553816 0.043145364519539486 0.11879307915252271 0.09313754635343402 0.0030486458834559915 0.038900993838255904 0.20239694166888972
5 50 0 0 0 -0.025625821539744867 0.028848832647151157 0.17688393056121482 0.16959368963404758 0.14331447411312037 0.24975547917871865 0.00108443741840053 -0.04791093771670237 0.013372938751080001 0.19362547167980082
6 60 0 0 0 0.029051976447730554 0.13666176274193886 0.23248471514242355 0.08408803829453702 0.09628908020627297 0.151752157956636 0.26250551616765916 0.14506106785021045 0.02250463249843692 0.09618242217931987
7 70 0 0 0 0.07212351511818757 0.14149092364203691 0.12310159735684248 0.016722679793966452 0.13662385889331957 0.14620586476354258 0.2915828569455975 0.19797746567785604 0.10439649655729383 0.10719040612312983
8 80 0 0 0 0.21354111445816398 0.1735715698766406 0.08623546681482853 0.0029153116606417794 0.022732243574090122 0.08975009503684507 0.2938416020645665 0.24817640120384485 0.21818375903073103 0.08422362511131645
9 90 0 0 0 0.1194575534913369 0.17495709131363082 0.26776753213213816 0.026764130592235834 -0.013141851233221875 0.13662967024253364 0.2858573497798867 0.17152108400301527 0.25125872045843073 0.02129686506931855
10 100 0 0 0 0.1285292723053225 0.1943496994643979 0.4245850030825915 0.19641001041703304 0.06293528641744098 0.1397358712150204 0.2552413009506497 0.19511212741216782 0.23094824182788887 0.015817544293471986
11 110 0 0 0 0.18553734660583818 0.27402496443391416 0.40387538687892865 0.17648996408105347 0.15367495874447026 0.23014990702576893 0.3151943791001509 0.2425010786748221 0.3036648973171616 0.023872807476286947
12 120 0 0 0 0.13972818163864348 0.3363294520258424 0.45957730562947874 0.2458377298115692 0.16260320128738678 0.21037194399842724 0.33093874432641557 0.195953953030553 0.3331271763821388 -0.009555176429501353
13 130 0 0 0 0.1328398563316384 0.3110782954032619 0.32323811918281264 0.29749404263122015 0.20122409411988607 0.2758662668078844 0.26446096904049743 0.21734160227475796 0.4146499399877173 0.04627713306088954
14 140 0 0 0 0.15786388298095977 0.31721654223049883 0.2367558761546498 0.30078938270325767 0.27795063449044066 0.3294488057384248 0.21498580078769072 0.19624238646454467 0.32868295978824297 0.10532741789499657
15 150 0 0 0 0.1800436007013501 0.3872042293515761 0.2337049619494473 0.23367197157537603 0.310422351757747 0.23307950253777152 0.2791594398529738 0.2704171558916215 0.3455619497594487 0.19691692903370117
16 160 0 0 0 0.14384558757640523 0.37621112227864056 0.29134286086033573 0.2523922677116354 0.39482976174134393 0.18044352979944406 0.2334842402808404 0.30159079127618116 0.35757944291810617 0.1928881673034493
17 170 0 0 0 0.1277735712908696 0.29483610937594773 0.31478568011703695 0.22404509683292506 0.2934737148725192 0.21023743172962425 0.14484152325069477 0.32276209838508463 0.36109989246937746 0.24365946565177243
18 180 0 0 0 0.17497197251792693 0.260985821092298 0.28579338954557165 0.24216539149520885 0.30954392134276176 0.22714423373644638 0.15241170616917066 0.29057411779551234 0.37094093954727936 0.19891381884990894
19 190 0 0 0 0.2621695854525637 0.3063913996405282 0.2797220304363553 0.25225625290845194 0.34155023056020734 0.23443859712861984 0.1435783465656171 0.3222955045057597 0.304218977685926 0.2707506834129494
20 200 0 0 0 0.22100221130370695 0.27784936364118923 0.24981520949452815 0.2593906762845354 0.31116204764748956 0.24564106004240666 0.21109044832979476 0.3040201208638225 0.2491337326207278 0.3125451455466989
21 210 0 0 0 0.22948381170303295 0.31347953978638404 0.25325267995275114 0.2181751423463174 0.31969399125680564 0.22703920920786416 0.30076918963856347 0.32168355084988565 0.27364465369799795 0.31318420000182184
22 220 0 0 0 0.24038877447132176 0.2887650390596 0.28519786625219085 0.2541605008838192 0.3225737207027299 0.2961288715761125 0.28469780340625067 0.30746796145969085 0.2744207118657468 0.2809734353697952
23 230 0 0 0 0.2092640955469131 0.32122899738706373 0.3003799538489963 0.2673872089910209 0.31890449492701556 0.2930832759415579 0.2719259155394158 0.310639248088764 0.29342428059902914 0.28186208535893437
24 240 0 0 0 0.21896160455480823 0.3303950925312967 0.294991099992588 0.31516600975097786 0.3012891890976338 0.31880077122366884 0.28189505105840534 0.32566006811444537 0.2644240451054152 0.3108577930642255
25 250 0 0 0 0.22864367672927835 0.3458176609769927 0.3120518784023333 0.3012786564141735 0.3421528596437236 0.29504610861513914 0.30510865620294647 0.2762955710035565 0.2850610015723408 0.3298827285021889
26 260 0 0 0 0.28961198481596334 0.3313548081354711 0.27036418572445103 0.26028442348464487 0.3626332805297571 0.2795809245016417 0.35779895258044464 0.28724214631956635 0.2672712389397405 0.37435201735999785
27 270 0 0 0 0.2861347836980807 0.3557288938980322 0.3075346300129574 0.30141254584921556 0.32029701608109645 0.3063778197813588 0.3373440050287959 0.3068280893409773 0.22612044598609987 0.307850299507842
28 280 0 0 0 0.2876952999148347 0.37061824657374165 0.3237198500025746 0.33728707429199284 0.3077938002657872 0.34296300678222 0.3565741577724991 0.31997581563786603 0.21620201054732427 0.33963331612815134
29 290 0 0 0 0.25647573101017296 0.3596852423854537 0.3194168863471201 0.321713601214481 0.30483673476923706 0.3703150173789488 0.3702564811218748 0.3243861279761418 0.23085269656318608 0.33922681459888393
30 300 0 0 0 0.2590169102380714 0.33656395352963403 0.3446250793734023 0.30889846177961566 0.2981597786289355 0.3496513462057359 0.37511854462056277 0.35706554487105274 0.2867432692050841 0.3407811608871184
31 310 0 0 0 0.23486343991608216 0.3588131209217081 0.37620081427135355 0.3107269257486454 0.31060584119439316 0.35240299194365116 0.3562917610797754 0.3476901663422092 0.32713467721194006 0.29197639811581766
32 320 0 0 0 0.2812552848547734 0.37750071472046237 0.361399631430339 0.32731939770019247 0.31919128018121895 0.37816600377636317 0.33226413118299886 0.37124569191441975 0.31500953686433697 0.31416434474817156
33 330 0 0 0 0.2943298352155489 0.37578481079912496 0.37749909569275714 0.33344396704626866 0.32631849278098557 0.3100981074636 0.3820122706679659 0.3601850012146183 0.30244562460505586 0.353393116404289
34 340 0 0 0 0.29470993867738243 0.3738907097287606 0.37420202862092367 0.35860322997861416 0.3261018082341196 0.3369030188849543 0.3625060971834801 0.36088824930660635 0.30899250310097226 0.33658927613306344
35 350 0 0 0 0.28887607263142817 0.3768637688529592 0.38229691069546845 0.3540063278828487 0.32189062298322446 0.3602932206845044 0.37516081976902627 0.3604046718207813 0.3272574718045424 0.340800839222243
36 360 0 0 0 0.2921046318315422 0.3620029837472034 0.3702469650041024 0.3706808695509715 0.33626934101731654 0.3771401335265085 0.3699399923245461 0.354859714775084 0.3560791167093282 0.34282038126640885
37 370 0 0 0 0.3199417970409368 0.3609004035004731 0.36643525035728874 0.39401807235754094 0.33838792325689004 0.38953391137724935 0.3652703708438246 0.3678688050486284 0.35791976927732544 0.373331971464347
38 380 0 0 0 0.3389354686650814 0.3720255130139098 0.3460777864128825 0.3907901347304779 0.3273599756366334 0.4059093815408552 0.3414758271423115 0.3516274031364693 0.3277130736379113 0.3739666872596563
39 390 0 0 0 0.3457005760784211 0.39782127734417544 0.36821624459766256 0.3579371906952534 0.3130649939632684 0.36192830909920415 0.3588714989740531 0.3824757230777283 0.30650612674811545 0.36394083313145786
40 400 0 0 0 0.33731074697941676 0.4032269646367209 0.37353224302607435 0.3621797123449684 0.3342142400502747 0.38860877186797854 0.35347857096825613 0.3877963275201397 0.3034357869701746 0.3505484702876865
41 410 0 0 0 0.33151976156839774 0.400244454719795 0.37295054497215707 0.3663330707667421 0.3504462062788948 0.39121050607549684 0.3688422272865104 0.3926977708070327 0.3158040236747887 0.36161960861199877
42 420 0 0 0 0.31966541971315504 0.3903798291557685 0.3615284792666002 0.37008734443723096 0.3538160584127503 0.385269029366553 0.378732109950646 0.39943559448568483 0.3333306401760888 0.3552026134010314
43 430 0 0 0 0.3399751198259312 0.38711667733047117 0.36147470960984895 0.39033623479468166 0.3456765916010738 0.4013731109852613 0.34348606519234753 0.3898975575185434 0.33365798461702223 0.3776622022107768
44 440 0 0 0 0.32099970178077536 0.382671922523249 0.38108378043584024 0.3760382386844448 0.34583844095475047 0.38053118766369287 0.35717010345003025 0.3914617341706035 0.3467930126654553 0.37206132331408315
45 450 0 0 0 0.3448347559853396 0.37330366517387553 0.37176301232513326 0.3661291840079482 0.35879133898815796 0.3780743243397816 0.3828482581478767 0.3927954050077894 0.3481231927725484 0.38837703560245684
46 460 0 0 0 0.34082106975534554 0.382143756531204 0.36388537117673464 0.3812213939985128 0.36776804244168326 0.36138138956539745 0.39980952493691185 0.3947037521965717 0.35832364354839014 0.3699646104905774
47 470 0 0 0 0.3465127922993086 0.36063616927339304 0.35196273348975365 0.38977228887460724 0.37041846221595387 0.3692311454259905 0.38813585283103275 0.3914405707767947 0.36263532497548545 0.39034397335625337
48 480 0 0 0 0.32948497643050106 0.3565960149630914 0.35219064910578307 0.40148772749633166 0.37418121995860903 0.3682628418798659 0.39243405050473223 0.39556520443773824 0.3736355325544486 0.3906806544771172
49 490 0 0 0 0.3317608781455605 0.3540209008543817 0.35297854124220335 0.4113687463711372 0.37573565778578294 0.36605714998926653 0.3932669405445097 0.40498731466805077 0.3844037275012492 0.38332280419224085
50 500 0 0 0 0.33510290127769676 0.35381811231530835 0.3484835624484213 0.41025185499143685 0.38299199143718166 0.3819471112513498 0.37622970689322177 0.39269476060295627 0.3813724451293432 0.3948865588339457
51 510 0 0 0 0.3465194122143737 0.3563157258643612 0.3392115878590112 0.3957031194937665 0.38038657151250316 0.37118801544951535 0.3858164456201011 0.3987329797875666 0.3798478609547415 0.40610427876891
52 520 0 0 0 0.336612399766806 0.37267873483556224 0.36430003022473323 0.3897007435706536 0.37508812297210387 0.36124750991806903 0.3883926484136054 0.3975920694193379 0.39222186598853015 0.3984258625204082
53 530 0 0 0 0.3432151780289634 0.3787664613836811 0.36903368605546094 0.3913991691604199 0.38480370803172187 0.3529381495473178 0.4006369652679932 0.4068316201982194 0.391697552307559 0.3898360166488654
54 540 0 0 0 0.3436622119072993 0.40188172000926914 0.3776916757458569 0.39805626305997016 0.37526124668201966 0.36368199137830526 0.3872937954140651 0.4035680447365191 0.3963616148165706 0.3756480003339621
55 550 0 0 0 0.3559255037214279 0.385072364487991 0.3891442299216573 0.3949556880188262 0.3811667054180823 0.3578487773454359 0.39872900196515615 0.4071859930189241 0.39905503128245035 0.38052785505067
56 560 0 0 0 0.3519593690824944 0.40024158844252516 0.38051334270257076 0.40740156575042724 0.37153298644741756 0.3696941778997247 0.39226557259051387 0.41965197066582816 0.3959954414426354 0.3762698088655364
57 570 0 0 0 0.359845550528395 0.40803253914494186 0.37893874188345955 0.4047623551769836 0.37612598325041835 0.3740441174253134 0.39463358949217886 0.40849984587953514 0.39781588927381767 0.37234216965518774
58 580 0 0 0 0.3687999860073213 0.4069329032427249 0.3794842989981408 0.39251096258776597 0.3802150126528059 0.3591539643333764 0.3988030917655824 0.40812191994491626 0.40685291087814013 0.38932946817760905
59 590 0 0 0 0.3770627008385506 0.412106277253195 0.3643547311725021 0.39509495841387876 0.3781215779094087 0.36019792363283065 0.408440952949271 0.39676067596966536 0.39419659008255314 0.40668037982662425
60 600 0 0 0 0.38856838482089107 0.4087853046327412 0.3569561045779969 0.38938797094523536 0.3823893131743339 0.363215024226843 0.40761031738481124 0.4020458229362821 0.40044630711681317 0.41480029313197736
61 610 0 0 0 0.3732996678122029 0.40161500353522667 0.3812120346172021 0.3820376972332726 0.38466265017771994 0.3673412592720873 0.41125400588745886 0.4055258667964831 0.39312680287259055 0.41644019728301135
62 620 0 0 0 0.3761915163089621 0.3938578268841335 0.3887438455808104 0.3895166792574273 0.37844743867449193 0.39391515017750306 0.39737893717653366 0.41160584321528315 0.3926342755762827 0.42588928330755904
63 630 0 0 0 0.37962005077569005 0.39323313645991603 0.3931930445966833 0.39164209609384115 0.38672968869656066 0.39401864450779644 0.3872332323305627 0.40619948217604046 0.3995052019717281 0.4131920057546822
64 640 0 0 0 0.37611428195399665 0.3888683780448705 0.39565279899144473 0.3971503266191093 0.3706681885471212 0.40665919042121257 0.38920189057641846 0.3979461649212253 0.3946944913672034 0.4109069938719572
65 650 0 0 0 0.38231535095712343 0.40223156901651386 0.4007862081512988 0.40554499249065346 0.3790198850394807 0.4092265445892078 0.397651035098575 0.3954983654598383 0.39647878557901656 0.3946982431286611
66 660 0 0 0 0.3944079320024698 0.4007129120461408 0.39448218956671127 0.4089878664015542 0.38652960917214996 0.4035483190425239 0.3994959222367644 0.3996113313633602 0.3913510927455247 0.39543807515112406
67 670 0 0 0 0.3893892842787468 0.40537858322027626 0.39997091814773567 0.4080695732744642 0.38742977070828977 0.4091050467107963 0.3979382501306979 0.3999640154828341 0.3893716054686915 0.3893753171682823
68 680 0 0 0 0.3961544194534126 0.40109391879512374 0.40329191634577466 0.4108366680085347 0.3953014941144213 0.4148925006118346 0.39838641923679224 0.38430491755869345 0.3847479134909964 0.39634912594874255
69 690 0 0 0 0.3961406147935781 0.40243105488830183 0.4035324440851701 0.40186806277956216 0.4055176243830195 0.4139840260223987 0.39451845397539087 0.3904541851929938 0.3862992424469645 0.39424810301284413
70 700 0 0 0 0.40491686668730054 0.4058186991578545 0.3898913312582238 0.3991668812804489 0.3987344489142582 0.41225796267192605 0.4002772843646204 0.39742639961842063 0.3913329865859664 0.3910736899931175
71 710 0 0 0 0.4060501314162217 0.4092517742479728 0.4004979122682062 0.3943714682813134 0.4044171390105671 0.4022995750478397 0.3991836485718446 0.40620135802075086 0.39661344555299577 0.38493109409042786
72 720 0 0 0 0.40022384095067276 0.40270669151694455 0.4025786599348795 0.3968890857866409 0.40469194699334904 0.40791619700044135 0.4009636662261264 0.4040349017752436 0.40000053933549595 0.38222516647535865
73 730 0 0 0 0.4037481172145916 0.4031331396476729 0.404238428705243 0.38796159537111874 0.40476335487418047 0.4085410292221684 0.4071337686130535 0.40231613089542245 0.40231430918207656 0.38623068279963746
74 740 0 0 0 0.401431266326506 0.40396175720488703 0.40330133342439184 0.39757399078598893 0.409583314323461 0.40804597028229833 0.4058236537194131 0.40834826451347406 0.4090272150511697 0.39320515994216115
75 750 0 0 0 0.39658675538891436 0.40307887807933523 0.40690998197168315 0.40138807041030145 0.4101329480459909 0.40063475897074713 0.4013802639992698 0.4071786267544435 0.40506824105422523 0.3997342137630825
76 760 0 0 0 0.40490584960865544 0.40622821459903136 0.40567344882187373 0.3994033487574063 0.4072150052061592 0.4118571430447369 0.3972186365551553 0.40666384203906086 0.39846537827883344 0.39887826948618976
77 770 0 0 0 0.4113909487938527 0.40742640317384854 0.3985227672773509 0.40326426665473497 0.4092299083577933 0.40549920485437413 0.40246137021714845 0.40854894416929705 0.40222229233834855 0.40310058697729406
78 780 0 0 0 0.40809289067903504 0.405745894407854 0.4023934264202324 0.4013186194722652 0.4062865425473272 0.40970920663854304 0.3988919626476888 0.4062546019560531 0.40399439605355564 0.4057107815706673
79 790 0 0 0 0.4087112447313549 0.40636745564504256 0.40061838570947406 0.40598351925583004 0.4075399586634941 0.41172818154070606 0.40447570736991195 0.4042752218293551 0.4029603683197546 0.4097879515580716
80 800 0 0 0 0.41153836698522683 0.40400685320314245 0.40236343875657665 0.40679620734921795 0.40894159362453014 0.40512229670838956 0.40326803836964253 0.4063239885490411 0.4054719077297702 0.41142067199824134
81 810 0 0 0 0.4107886430902998 0.4081870876248279 0.4052152451927521 0.40794256983451144 0.4063229118101167 0.41051068527191553 0.40656843674885085 0.4072196120314193 0.41020701224916895 0.40545187340708544
82 820 0 0 0 0.41085868936977443 0.4081473517772284 0.40541323875828394 0.41182021800716107 0.4118537393955675 0.4086016536947046 0.40320274861806715 0.40577675657235546 0.4027057538322774 0.40548100768359097
83 830 0 0 0 0.4097065249814948 0.4107465305826061 0.4025931197692046 0.4109788903893605 0.41095270614357465 0.40908670075929493 0.40433754005856054 0.40751222283388444 0.402971956387149 0.40783710885849334
84 840 0 0 0 0.4132133912834714 0.41167694988604386 0.4043555524102733 0.4120121524304974 0.40797758821099717 0.4073040470120299 0.4025110921995097 0.4075196669844272 0.4056387618904705 0.4086632415942306
85 850 0 0 0 0.4174949432291141 0.4101949271417972 0.4075847854555784 0.410977608143078 0.4081668593932548 0.40735300805471664 0.4055908734714589 0.4062406257988233 0.40553696130256656 0.4089854025201338
86 860 0 0 0 0.4169581568811652 0.4106029140202749 0.40971994479856266 0.4096692436731166 0.4054735959566265 0.411317772428869 0.4084341847977288 0.40742461096382876 0.40716757970319434 0.4086565448369081
87 870 0 0 0 0.42100998679038126 0.41318347775691644 0.4089012456582109 0.41216557334776616 0.40732997817032474 0.40903966783350243 0.41140075734612325 0.40813222592981857 0.40875283161450243 0.4093788974946154
88 880 0 0 0 0.4193282548516312 0.40934324777502373 0.41147517803404127 0.4119062023517183 0.4080805010302169 0.4082969310880055 0.4140459930451793 0.40942884727600437 0.4089345940316632 0.4071214870886377
89 890 0 0 0 0.42100955780356186 0.4067626144568879 0.41128455952604137 0.4125573187804235 0.4112042308587834 0.4113978249510256 0.41699600039661583 0.40585928778717384 0.41146769430589136 0.4077176600412886
90 900 0 0 0 0.41840099169237677 0.4054619389858009 0.40827927250470203 0.4131947140272147 0.4116969340947217 0.4126590215849847 0.41385472700914366 0.4061599859017393 0.4149739546159867 0.40935130484373894
91 910 0 0 0 0.41839126234102775 0.4061048152887942 0.4069726540605654 0.4129543970116046 0.41110393133194784 0.4134633753080707 0.4134070493936927 0.4084683701737566 0.414939492777899 0.41078344934994165
92 920 0 0 0 0.4178574571597629 0.410407423322497 0.4078046916807109 0.4137454012901836 0.40815080662145486 0.41295085915819274 0.4138551597481139 0.4096167528547254 0.41497767789031337 0.4100156130689343
93 930 0 0 0 0.42025621946368835 0.41368883853752736 0.409354950897266 0.41223333955545055 0.4096760764178731 0.41102501131948943 0.4107762017558355 0.40998498678651235 0.41313962613391764 0.41194796412028417
94 940 0 0 0 0.41954074870649394 0.41450012433294453 0.409843621759402 0.40901613355921745 0.40877132702844243 0.41311781204438414 0.41001159650240665 0.40955033524934165 0.41530914544586756 0.410977756982466
95 950 0 0 0 0.4189546304047205 0.41654034907996906 0.41312086143012705 0.41009680644520946 0.40944084974049927 0.4143967774459917 0.41311787518572424 0.41101203460019253 0.4162882522011861 0.4099440471980896
96 960 0 0 0 0.42021674046623786 0.41683590206076526 0.41308917715525434 0.41172233055856744 0.41059734728909153 0.4161639739724809 0.4118603485196694 0.41020484697179466 0.41446296660158377 0.41143357997076535
97 970 0 0 0 0.4195884778840559 0.4156529659324207 0.41300866539155245 0.4158188877872426 0.41160167078235715 0.41687057435178215 0.41182049487733263 0.41157566576686894 0.4146805683009585 0.413388973674037
98 980 0 0 0 0.4212908785679326 0.4159314052396625 0.41272591907712286 0.41379995584173923 0.4105950300847131 0.4132111310216981 0.4122383688319494 0.41240449497142 0.4162288190466592 0.41494107356132454
99 990 0 0 0 0.41847412644555665 0.41767446435795924 0.4165111948780144 0.41378038701548714 0.4113550188108984 0.4160135533882605 0.41249084636782024 0.4160409074860529 0.4145521124257639 0.41111956700168584
100 1000 0 0 0 0.41832340811669144 0.41489178479486616 0.4154931035270249 0.41490202920817065 0.4116649124897613 0.41680150522386294 0.41183911286738056 0.4158391702833214 0.41408754300065376 0.4132223340890132
101 1010 0 0 0 0.4199716364726348 0.41406518587958296 0.4160766383942278 0.414226660127958 0.4112485274795057 0.41786888663681715 0.4123376827340914 0.4175330272276086 0.41353876687707536 0.414280819825263
102 1020 0 0 0 0.41838769355063904 0.4140820344449815 0.4149927058532614 0.41444794258075296 0.412788254508335 0.41784235856557167 0.41370920999126215 0.41814827830429996 0.41360476017872444 0.41302879222030525
103 1030 0 0 0 0.41575665593807865 0.41400684832309276 0.417068842461204 0.41430878944396166 0.41380187908246485 0.4176984778976293 0.414190146735602 0.4196072725158701 0.41380081813155317 0.41270628049069324
104 1040 0 0 0 0.41513620263200446 0.4141770595596368 0.41545171037829964 0.41595218533647366 0.4147525216040983 0.4159610193568189 0.4154843208449276 0.4170967642204876 0.41434074985487424 0.4138857752062338
105 1050 0 0 0 0.4176823674318143 0.41550660471487666 0.41748816465526883 0.4158288385457992 0.41587876459649364 0.4160651486281596 0.4164104015658795 0.41900644320690555 0.4144210989787211 0.41293611844176337
106 1060 0 0 0 0.4183490017364641 0.4156648935695747 0.4171629128210885 0.4167987237689354 0.41618087553784366 0.4175030438533248 0.41635821306193904 0.41778323443869503 0.412329020118437 0.41591571217151524
107 1070 0 0 0 0.4171025473243041 0.414939393242377 0.4160331413467083 0.41719488198539106 0.4152899323619925 0.41820008710868445 0.41740992682000366 0.41735448709181105 0.4139191859558005 0.416138821597693
108 1080 0 0 0 0.4170015216902922 0.4150146703380931 0.4156738656158586 0.417911088767802 0.41470255653026156 0.4175063679953718 0.41747962847796843 0.41724028029584453 0.41611618174837356 0.416768704168682
109 1090 0 0 0 0.4157830374595526 0.41544462842532903 0.4153860611855181 0.4176818557307351 0.4161755100534539 0.41903215441624886 0.4175176893133354 0.4167252977906674 0.41695531688388277 0.41573212652756925
110 1100 0 0 0 0.4158185849418526 0.41514956778352863 0.41750193094527926 0.4169118175642794 0.41643614583235655 0.41869061078765746 0.4177698221182494 0.4175026100860189 0.41634133292811054 0.41487887052191696
111 1110 0 0 0 0.4152443982634469 0.4165518217216282 0.4171007384364291 0.41658770442841625 0.41716108149525893 0.4184086757957724 0.4175980663367368 0.4175729181802977 0.4167969927693391 0.41646500026929933
112 1120 0 0 0 0.4162274180327055 0.41711563226313253 0.4172898057483647 0.416267835300454 0.4173560515770032 0.4185996666707781 0.4174809712394277 0.41789047845287886 0.41612806377852174 0.41768568690588076
113 1130 0 0 0 0.4165302031760944 0.41826537246155976 0.4169685421740478 0.4164162661861137 0.4173554248269463 0.4177208963754277 0.41859648394278476 0.41813170857528337 0.4163612614277312 0.41829977872958013
114 1140 0 0 0 0.41734283785446513 0.41824974031001694 0.41842408729171593 0.417031707444758 0.41772711842798316 0.41739636845962796 0.41886007575530515 0.4186844160092391 0.41635007998256995 0.4179420907333887
115 1150 0 0 0 0.41732844236239647 0.4185366065346794 0.4186965265617897 0.4168953867833107 0.41934208526581 0.41596799815559093 0.4196073657668267 0.4192535552702339 0.4169466905995502 0.41751111638811655
116 1160 0 0 0 0.41761975348968206 0.41775950896742897 0.41890087646600566 0.41754118072362023 0.41913343371816725 0.4167830994401475 0.41960267503868115 0.4185765825834391 0.41791480983871254 0.41653561001393247
117 1170 0 0 0 0.4178044179563002 0.41812351489573546 0.41891212443876585 0.4175471399629779 0.420036889586376 0.4166920672130982 0.4200085434894843 0.4188198522799479 0.41802405945944304 0.41710654196495256
118 1180 0 0 0 0.4184233526577475 0.41848978748892834 0.41756510607898445 0.4167930723787412 0.41939795669076974 0.41702198020736847 0.41971468910408194 0.4187139405694813 0.4181357446738709 0.4177472383964483
119 1190 0 0 0 0.41874532006411214 0.4189193241703302 0.4176430137179173 0.41795053868095994 0.4188838834213422 0.41696280722711837 0.4203553530679721 0.4192606869815109 0.4183253395776476 0.4183349970960011
120 1200 0 0 0 0.41875322860001585 0.4199442067508788 0.41789402434408485 0.4181932238999138 0.4182825987051902 0.41792345237893946 0.420484376497635 0.4193127249213542 0.4181061163800344 0.4180846749914595
121 1210 0 0 0 0.4179054584417295 0.42006238169742893 0.4184389127928305 0.41748897282864195 0.41839562576347944 0.4187328150368483 0.41935993514889713 0.4190735675302624 0.4182310099797725 0.4180096599496759
122 1220 0 0 0 0.41795613598028597 0.42015116012894854 0.41820899718393256 0.41700895754331907 0.4178261158121805 0.4194912037514268 0.41853924436717294 0.4194924187808844 0.4182669960899226 0.41920978209301474
123 1230 0 0 0 0.4186549935074521 0.42080893642812917 0.41814532170331653 0.41734158959739004 0.41900656784302337 0.41931149042941357 0.4186566928816444 0.4199345118321 0.4188602019328059 0.4182102489402974
124 1240 0 0 0 0.41903362911905995 0.4192792007910222 0.41786553598109905 0.4182525926356515 0.4186692818950594 0.42052356384450607 0.4187746389864856 0.41883772406452385 0.4191776221343113 0.41953645580382665
125 1250 0 0 0 0.41931171354577007 0.41897840740454506 0.41748732732127286 0.41883887073548837 0.4186397692478912 0.41987050734681575 0.4198126807127422 0.41995802908577873 0.41959269658904214 0.41947286604475925
126 1260 0 0 0 0.4195219706836735 0.4195133944576268 0.41838215171917376 0.4189158150264586 0.4186203792193992 0.4196323373557755 0.41964845577508114 0.4198636921170639 0.4197547968520927 0.41893601631929894
127 1270 0 0 0 0.419644230851741 0.41921618771972674 0.4190605290261234 0.4192797813803866 0.4200550862467528 0.41946594918945285 0.4197313324455723 0.42050233068728193 0.42069337394469164 0.418867531365756
128 1280 0 0 0 0.41916829427668895 0.4191042365457542 0.4189441634505948 0.41951382281676214 0.41952893171161054 0.41927382143786923 0.4206741602200823 0.4210700803812447 0.4211512834628214 0.42072456136029773
129 1290 0 0 0 0.4196791462640876 0.42025868265265454 0.4188672500721348 0.41848160731873396 0.41905311527147526 0.4197457205450809 0.42019132720064534 0.42189886840358387 0.4215032087727679 0.42113566840242606
130 1300 0 0 0 0.41930003571149044 0.4199074848307805 0.42012454421954765 0.4191627050920317 0.4197555724036973 0.41969704140597097 0.4199513704010597 0.4225863294634122 0.4211869958969436 0.41983407959904767
131 1310 0 0 0 0.419354660489182 0.4204608320455404 0.42054018410904476 0.4192463048418836 0.4202660269130688 0.41942999448915996 0.42021482085675493 0.4236995220588467 0.42143451463848686 0.4203570569527805
132 1320 0 0 0 0.4198995965939445 0.420981837817429 0.42007745601833874 0.41895591427594536 0.4207908934524947 0.41971480607858525 0.4195215339486472 0.4227682496655817 0.42131272847688345 0.4204964470606225
133 1330 0 0 0 0.41989022238091556 0.42056256798871644 0.4200519481688813 0.4195542929703357 0.4206716509944374 0.4200197923215384 0.4197814971568597 0.42292098195766964 0.4217619113630814 0.4214611980341513
134 1340 0 0 0 0.4202571373370969 0.42027861782084225 0.419726135668167 0.41995644678045585 0.4203301889794928 0.4200510622547866 0.42030598213991466 0.422895972814993 0.42181411839888544 0.42086498885358625
135 1350 0 0 0 0.4196376250131711 0.4211364161662495 0.42022286003018394 0.4203171618504062 0.42079760817894907 0.4201947926185011 0.4202801748925101 0.42238302021468443 0.4216622188892123 0.41985868672742005
136 1360 0 0 0 0.4197231103309195 0.42146196246858736 0.4196586287779113 0.4198867386383253 0.42097770736831447 0.41995749354647643 0.4198933057778868 0.4226054274949613 0.4214429563834925 0.42074358199890033
