% # columns="iteration, evaluation, sigma, max axis length,  min axis length, all principle axes lengths  (sorted square roots of eigenvalues of C)", seed=1063268, Wed Mar 11 15:56:05 2020
1 10 0.18418318513183574 1.0000450010125153 1.0 1.0 1.0000050000125 1.00001000005 1.0000150001125006 1.0000200002000015 1.0000250003125026 1.0000300004500045 1.0000350006125072 1.0000400008000108 1.0000450010125153
2 20 0.20108724511061735 1.057380597685279 0.9282940483182635 0.9282940483182635 0.9459949715255986 0.9801162408408776 0.9837924361569361 0.9991212650032034 1.000023744168984 1.0009599232918946 1.0093843236290327 1.0137649011789776 1.057380597685279
3 30 0.23565524405195434 1.234046987598438 0.8957704893184563 0.8957704893184563 0.92229192249405 0.9336532827942394 0.9587491856312489 0.9890402826387822 1.0011087464607566 1.0059014472374646 1.0101763608654009 1.0477372687408681 1.234046987598438
4 40 0.3163970780300548 1.3171677202126504 0.8745284173263081 0.8745284173263081 0.8957214009791193 0.9405678416019507 0.9677579452800126 0.9831860722630477 0.9921709935599058 1.0132196234126116 1.0242158693627075 1.030428975694475 1.3171677202126504
5 50 0.4184811219261929 1.413821030902583 0.8663356882324957 0.8663356882324957 0.88579890612881 0.9184918628941677 0.9532488468500796 0.967116657909475 0.9864504528734833 1.02277725771483 1.025527874988362 1.0333598313080625 1.413821030902583
6 60 0.5204517598277625 1.423270458587873 0.8522620491335404 0.8522620491335404 0.8711230415036392 0.8972585585846763 0.9269383882592883 0.9650359814903396 0.9872547401734929 1.0237058125640803 1.034222870656176 1.0900851955968032 1.423270458587873
7 70 0.6330514491597843 1.4558511884932066 0.8128268381874277 0.8128268381874277 0.8609901436086915 0.8997443836508637 0.9243516803793944 0.9616879529752149 0.9826269213622159 1.0225188140963901 1.0378717742631667 1.0720189685688766 1.4558511884932066
8 80 0.7242218315125712 1.4729331349379662 0.8173508793451375 0.8173508793451375 0.8551065176737069 0.8922189947889992 0.8998491168979086 0.9421780950653162 0.9646707488198193 1.0244056701933355 1.0455739227765573 1.0674342627629725 1.4729331349379662
9 90 0.8223124783606113 1.3795626390275906 0.8120028833807165 0.8120028833807165 0.8381989054152079 0.883014982572787 0.8955158491134538 0.9345265161777897 0.9713339838206348 1.012712696623374 1.0397375926879977 1.1272994271021002 1.3795626390275906
10 100 0.8099427185792235 1.3203640547903641 0.8161968737635729 0.8161968737635729 0.8280405327998632 0.881673241025844 0.9091383072171679 0.9507218726306328 0.9750733284210927 0.9903775101889712 1.0331808467418637 1.1473658393711106 1.3203640547903641
11 110 0.845426367643622 1.2748872660404993 0.7957357355020844 0.7957357355020844 0.8152097692843796 0.866534274938899 0.9087257549853491 0.9290240630575268 0.9660565625578319 0.9843547169462588 1.0326631371222876 1.1570696686811237 1.2748872660404993
12 120 0.8714195464500326 1.2899778803992177 0.7958992097729263 0.7958992097729263 0.8049058407477633 0.8541023496760397 0.9002989884272442 0.9214891581890465 0.9534037770434094 0.9763169164918344 1.0393227494101842 1.1522631613582475 1.2899778803992177
13 130 0.8902788169196155 1.275859238614027 0.7463630604966156 0.7463630604966156 0.7988613321436684 0.8514596524380343 0.893745270019425 0.9362897322571944 0.9635779111280645 0.9728378802453028 1.045726249619384 1.1566564933006616 1.275859238614027
14 140 0.853091493364776 1.2275698662609298 0.7371977935099614 0.7371977935099614 0.8084044020100971 0.8400310402021217 0.8891470977063879 0.9383727366951387 0.9573472150282445 0.9851060442167149 1.0266755106715406 1.1627019624628783 1.2275698662609298
15 150 0.7578917800568905 1.2136835768836887 0.7346134748211046 0.7346134748211046 0.7825920169667565 0.8144775343042338 0.8955126622369387 0.9389629814743191 0.9503889423087234 0.9691934977318176 1.015146762007874 1.172312131616667 1.2136835768836887
16 160 0.6914997979691548 1.211426142338283 0.7329873926131626 0.7329873926131626 0.772492320015404 0.812255189282453 0.8850843570785635 0.9005371174365979 0.9375023875632678 0.967749803117647 1.0110610678110448 1.1067538715654173 1.211426142338283
17 170 0.6325600456929718 1.2029289426363416 0.7063792918958202 0.7063792918958202 0.7894588929279417 0.7984896509712576 0.8713123043569639 0.8852427449063774 0.9206013414154869 0.9492114374874037 1.0096209445953446 1.1189960843193405 1.2029289426363416
18 180 0.596668178945128 1.173500173872471 0.6978479332642642 0.6978479332642642 0.7564593073030947 0.7964285172501616 0.8597302118175566 0.8749556736789152 0.9132985816503387 0.9475474341587019 1.0136667962338741 1.115045208056736 1.173500173872471
19 190 0.5464713446825128 1.1788706149610715 0.6715168817719704 0.6715168817719704 0.7527322574408032 0.8061287988470571 0.8448662680354708 0.8729570003598985 0.9057443776993892 0.9390416825133767 1.0100650048032598 1.078959290932199 1.1788706149610715
20 200 0.5066097514932472 1.1668547752308451 0.6671320117026142 0.6671320117026142 0.7321868494043846 0.7876803341055109 0.8125744128299229 0.8881137959365976 0.9009397131702649 0.9325596132275489 1.0112443049771591 1.0680145813241964 1.1668547752308451
21 210 0.4652247893858212 1.1168020367378835 0.6670066126399162 0.6670066126399162 0.7322829872639122 0.7820061094998791 0.8196892988824996 0.87419949274601 0.887786793805539 0.9184094659311804 0.9978488333950465 1.0622561701027902 1.1168020367378835
22 220 0.42001961003973337 1.0969510158727118 0.6618673189061042 0.6618673189061042 0.7416897446610684 0.7776626894521136 0.79832047447823 0.8544344327554578 0.8901910759985397 0.9176000523252662 0.9572346773524625 1.0678962019295557 1.0969510158727118
23 230 0.37787209013057566 1.1115619772740704 0.643247145415124 0.643247145415124 0.7352358052161768 0.7644813675538442 0.7928026453920463 0.8448454630973734 0.8939765998998936 0.9118948489792579 0.9361809425117356 1.0453971933114805 1.1115619772740704
24 240 0.3486800639404189 1.094001072485853 0.6410367875713732 0.6410367875713732 0.7173566272521013 0.7418412108084156 0.7930605362919138 0.8458687804003322 0.8816435847791491 0.8972159489442818 0.9372152786634429 1.0431085306176584 1.094001072485853
25 250 0.3258103029578139 1.116986868354233 0.6371531485742444 0.6371531485742444 0.7122586623450236 0.746539576489554 0.7656778541441905 0.8380791212621307 0.8682111038182994 0.8737368702447175 0.9478109845071454 1.0227765950580239 1.116986868354233
26 260 0.30124452179650224 1.12559287419169 0.6207789388256174 0.6207789388256174 0.7145690704498296 0.7386231385613998 0.7616268231696612 0.7921649444897221 0.859994025348231 0.881467976721757 0.9324212525841218 1.0454887062375453 1.12559287419169
27 270 0.2749576277283376 1.1245382229829506 0.6190777252292152 0.6190777252292152 0.6990091738717193 0.7316593007274681 0.7546756460951705 0.7975080117716551 0.8524773407688876 0.8907624555883917 0.9212996452356519 1.0358415181287797 1.1245382229829506
28 280 0.25693936792973704 1.1122313438111109 0.6121557705073983 0.6121557705073983 0.7045169440763426 0.7342834073101123 0.7457286925947206 0.8019044524145403 0.8092015904286534 0.8798710774098893 0.9143065115384709 1.0152827795042694 1.1122313438111109
29 290 0.2335397263673058 1.1131284167576776 0.612918239634692 0.612918239634692 0.6914416202919693 0.7186982630872464 0.7380622803389932 0.792421241276178 0.8127540218792487 0.8594122869542044 0.9100135721782809 1.0421513787561163 1.1131284167576776
30 300 0.22017218528995927 1.0844310256702023 0.6073515391342105 0.6073515391342105 0.6754569762482925 0.7215968928192203 0.730069511226706 0.7879688609792811 0.8043140303928462 0.8498164451607507 0.9091329027710652 1.0400112114796662 1.0844310256702023
31 310 0.2189014114640997 1.0630585578371399 0.6095456562991172 0.6095456562991172 0.6637660946108905 0.7075901476039095 0.7308276045317446 0.7736292095178854 0.8043774658884871 0.8357735796492936 0.9110369843563438 1.0284480851826983 1.0630585578371399
32 320 0.21091639792049838 1.0334768344987841 0.6094027643815962 0.6094027643815962 0.6560088740502407 0.7057565641459751 0.7363141150689848 0.7765061927555982 0.7850189751258878 0.8259668800418967 0.9452589406894776 1.0176566638117117 1.0334768344987841
33 330 0.19266697809293643 1.0317959068317104 0.6126929369689113 0.6126929369689113 0.6464584915264038 0.6900217131677663 0.7332366548496414 0.7679607623754532 0.7907381502171276 0.821978670088452 0.9155234292603632 1.01241881158081 1.0317959068317104
34 340 0.1877121203894386 1.0417329607370978 0.5960872332479991 0.5960872332479991 0.6395353439879113 0.660155591485583 0.7295438355465307 0.7728983287192857 0.8017288903340534 0.8137537363681535 0.9212545867726748 0.9942630640845055 1.0417329607370978
35 350 0.18811762411437513 1.0460868424701315 0.5583409847837169 0.5583409847837169 0.6524254465081719 0.6574948425465623 0.716538676745077 0.7787824571912028 0.8142875513313289 0.8499445218941115 0.886166720726374 0.9901679390012812 1.0460868424701315
36 360 0.17379746704325982 1.052248264555498 0.562283191328475 0.562283191328475 0.648299861417638 0.6637957358703724 0.7195756201342822 0.7492574686324801 0.7890306183472071 0.8616249722271829 0.888309906495597 0.9759402462389791 1.052248264555498
37 370 0.15423200120770608 1.0547774866282875 0.5521174380830272 0.5521174380830272 0.646478199790027 0.6507485802672004 0.705474876824161 0.7463903207611501 0.7714009021847048 0.8614272614931572 0.8818812735701251 0.9620317391002475 1.0547774866282875
38 380 0.14097694849407313 1.0415238205601103 0.5442927427913314 0.5442927427913314 0.6393564532293344 0.6496432743571272 0.698535799309467 0.7228204051750908 0.7691017961354821 0.8407064448056608 0.8699452302086017 0.9341894664074579 1.0415238205601103
39 390 0.13093715137927622 1.0367344329500225 0.5367145389983923 0.5367145389983923 0.6249696916934822 0.6396261343887603 0.6866621709284955 0.7157151163696837 0.7624788260295903 0.8361957778678654 0.863756991863181 0.9514203286544536 1.0367344329500225
40 400 0.13341448711605763 1.0194311092985928 0.5328574404674041 0.5328574404674041 0.6152158308745577 0.6226187815517812 0.6801219600529217 0.7084228808139037 0.7599335096470164 0.8450713809610958 0.868997894984503 0.9510706750823935 1.0194311092985928
41 410 0.13419569723095875 1.043272300772155 0.526192256074282 0.526192256074282 0.609622641512897 0.6150119615800752 0.6804972583691723 0.7252805366140911 0.7434303284345922 0.8540368908429822 0.8675569041948588 0.9430825547243117 1.043272300772155
42 420 0.13610649353760157 1.0713250570513515 0.5272038852317106 0.5272038852317106 0.6067138194687216 0.6107292077192095 0.6690115864245689 0.7106596517495047 0.7420982945642922 0.838306443524222 0.859447533448283 0.9292495199724223 1.0713250570513515
43 430 0.12536843632472858 1.0841212270393863 0.5488795828855565 0.5488795828855565 0.59820678827574 0.6102965607946812 0.6608499428957008 0.706068669133953 0.7322030107069954 0.80360413232645 0.8513593776986205 0.9297986835432275 1.0841212270393863
44 440 0.10875510049617222 1.0738736937919557 0.5315064747460064 0.5315064747460064 0.5856503659637039 0.6061161033862038 0.6766174053353269 0.7075246607542364 0.7455471597955894 0.7925297808344814 0.8295217968144495 0.9410238522598626 1.0738736937919557
