% # columns="iteration, evaluation, sigma, void, void,  stds==sigma*sqrt(diag(C))", seed=1009192, Wed Mar 11 15:56:08 2020, <python>{}</python>
1 10 0.19066627826910962 0 0 0.19076566279944926 0.18964574447707902 0.19023025112793604 0.1903905696522428 0.19358313495565652 0.19215633126141604 0.19313887901508903 0.19531587458141617 0.18457176089913171 0.1910493662852552
2 20 0.20136386538528148 0 0 0.20400426319894513 0.20217193335068143 0.20009427615534361 0.20153199812163952 0.2067709301527801 0.19408844590730828 0.20937093425028572 0.20986232038697944 0.18869406783046103 0.20760972938425262
3 30 0.21619106198281698 0 0 0.2174166608734898 0.22700521269377316 0.2150987871433956 0.21682903714855412 0.22351974493938456 0.20225797245753918 0.2256191298551289 0.21823630166975908 0.2125343386092362 0.2232548510766879
4 40 0.25032648395909535 0 0 0.2507946653950478 0.26834190441318945 0.25077002239040447 0.2531337897931859 0.25656176979681117 0.23255803358713598 0.2632636978167913 0.24397418681950925 0.25809985257104917 0.2515251893300084
5 50 0.2965508378362122 0 0 0.2937284508236655 0.3165878892278454 0.30160526481056416 0.30067722756764287 0.3048049553554372 0.280037665387964 0.3130958438439547 0.2851755084841667 0.3027179490535244 0.2996887488748432
6 60 0.34904179327139284 0 0 0.33243243660016936 0.3706211589517306 0.3553669990240115 0.3554724851674914 0.3571223907566355 0.3290014069987231 0.3735797858438079 0.33923720592910556 0.35879277803958304 0.3492530775420606
7 70 0.45033554155358885 0 0 0.4330848310894829 0.47945034355444865 0.4637197096681747 0.4571757422582139 0.45988243439936105 0.4349326130265786 0.49515588779575825 0.43658997199772503 0.47091632159752334 0.44430438240292136
8 80 0.5425146087278816 0 0 0.5200451964018232 0.5730461264302896 0.5514251207582256 0.5501585135379117 0.5503028295472496 0.5267571539877658 0.5870115486502618 0.5164895236485191 0.5717353593449985 0.5222367995481464
9 90 0.6277934792406845 0 0 0.5950988074841307 0.678221147745765 0.627187857864573 0.6286993338337573 0.6371163416186298 0.6146881922713 0.6644581306932393 0.5968621374596511 0.6497648720364102 0.5986705956017381
10 100 0.7502686755965359 0 0 0.7117115689360329 0.7963651845030092 0.7434381766753265 0.74064997628827 0.775959517393784 0.7338640957487131 0.7947433292610256 0.7145145368098228 0.7872368389025598 0.7150666316417709
11 110 0.791923419116087 0 0 0.7461464825108715 0.8360260550921433 0.7846074334893559 0.7708927890824229 0.7716618784468275 0.7595961071037828 0.8263122587372208 0.7511997393409607 0.8427239604715798 0.7493344314918525
12 120 0.8116586300089867 0 0 0.7565404060004497 0.8701909007404153 0.7967800796899529 0.790101309665013 0.7744640639061916 0.7748466048987935 0.8257060119137698 0.7624012103629311 0.8386520926299071 0.7585367796045351
13 130 0.8059546701868588 0 0 0.7363678039221376 0.8655453839080754 0.7921636651670045 0.7932648075187316 0.7622794025256489 0.7810372887829004 0.8012714814640642 0.7417842376345042 0.8404917973705546 0.7445355057468658
14 140 0.7170603616226938 0 0 0.6538446994573491 0.7647614347053302 0.6779621902724392 0.7135258202822553 0.6710000304987905 0.6838951234061732 0.7191579999544808 0.6407186862287131 0.7456451659849654 0.6341125293537785
15 150 0.6397677404280739 0 0 0.5505563593783703 0.6834101418471293 0.5851850282274984 0.6390557854067432 0.600185361063522 0.6118927854149092 0.6376867592513137 0.5915858468145254 0.6613401690743353 0.5670874487325613
16 160 0.5975815730251407 0 0 0.5117294242696097 0.6351519788827146 0.5512640035256279 0.5942655163296395 0.5477282321821969 0.5635385111459545 0.5830697299766333 0.5458137208081542 0.6125170765955233 0.5310804732160441
17 170 0.5502348738695068 0 0 0.4676270115001203 0.5776894094295462 0.4920084890676228 0.5410372888701124 0.50208420020423 0.5086862178667716 0.5241840651548042 0.5015081919563824 0.5720616478864607 0.48719976321463254
18 180 0.5170692257140164 0 0 0.4356350577804299 0.5214148532542182 0.4591766079536711 0.4989901083399862 0.46993758037606576 0.4823156682921403 0.48902884081309467 0.4704139566093776 0.5366485603398634 0.45292474023074736
19 190 0.55986531595411 0 0 0.4606249068211257 0.5684744191425616 0.4935066267819495 0.5627233718593649 0.511054586061369 0.5443123260300059 0.529926474635563 0.5043998430788819 0.5797570629449772 0.5008537085012427
20 200 0.5399315597811768 0 0 0.43864648639674053 0.5397951545299114 0.4661537065048735 0.5488958964135819 0.49129660152392257 0.5223934234923799 0.5138779956523947 0.47486882000110675 0.5577550519394046 0.48734631810664214
21 210 0.4887149044101558 0 0 0.39529490608930745 0.4892021338962102 0.4185739870041498 0.4923118881047928 0.4428193511721125 0.47996919598970683 0.4587795073276933 0.41929452919011284 0.49028466605539056 0.4372599659457028
22 220 0.44312114715366085 0 0 0.356682779500848 0.44127734156027315 0.37087194104637355 0.44154327515740666 0.398792487266112 0.4362367041826533 0.40741965805971836 0.37986763218960834 0.44000608219224974 0.38799708930188115
23 230 0.40915231574837974 0 0 0.3310349587916304 0.41047931384804087 0.33924483477243256 0.3967763692986059 0.36166992346091026 0.39338259928263064 0.3751072505949272 0.34844548754680305 0.4030820263625381 0.3572131316408369
24 240 0.3595855158614191 0 0 0.2903284617119359 0.3609823407697167 0.2995058267697967 0.3448865207255368 0.3092234014636733 0.33384339569429017 0.32373521103688274 0.3037057840784592 0.34889366418234025 0.3096099021030577
25 250 0.3235475942707004 0 0 0.25248295606284143 0.32324386845275527 0.2562805051421364 0.3079263804332104 0.27165147375114057 0.3008088985776437 0.292521091333784 0.27381950171226527 0.31320064780873913 0.27836480078937165
26 260 0.29387772772989446 0 0 0.22609920794410437 0.29269369586414096 0.2270350634938544 0.2740016543629575 0.24385240700265665 0.27122307811777185 0.2650698381584196 0.243810750489477 0.2750074833413531 0.2513466411978788
27 270 0.27125873186807997 0 0 0.20261668662799462 0.2724588382390707 0.20926145167156138 0.24660604640001493 0.2269590484509038 0.2478640910882782 0.24102496142812468 0.2200944278139964 0.2521748765316439 0.23221501148660348
28 280 0.25347990070858606 0 0 0.19584525595257296 0.25209965143837965 0.1916749138012424 0.23158208944199782 0.21109676915714876 0.22834721058815685 0.22199234854766867 0.21027615090196333 0.23243267690805597 0.2143422706550832
29 290 0.23643399112137994 0 0 0.18479692401990694 0.2337070361708274 0.1788259735445313 0.21016293094063426 0.19661815881866831 0.21147610214388693 0.2044848052988884 0.19416329494058743 0.21859130426445078 0.19484513376588575
30 300 0.22844391320756183 0 0 0.18019209002075404 0.22038001461450468 0.17038952808405966 0.1997417703169104 0.1832245919779951 0.20321929717317114 0.19794542991733666 0.1862829284517868 0.21339858700135886 0.19227506007618966
31 310 0.20990836029350418 0 0 0.16311026975129306 0.2010225464645631 0.15976754673737337 0.18129730191489152 0.16641604498683762 0.18482790947120056 0.18137810519377223 0.170092047720286 0.19523542200208785 0.17313498702307356
32 320 0.2038470248980991 0 0 0.15951713908048176 0.19233064735766575 0.15686165560879684 0.1775499850774808 0.15901985426644036 0.17728871807914684 0.1709455175310527 0.16400729426353092 0.19150855518402113 0.1664201392549959
33 330 0.20106582780402985 0 0 0.15638292152836836 0.1910051564907547 0.15731221665350145 0.178518268210903 0.1578999064500314 0.172861931442479 0.1654308958504335 0.1629856378015251 0.18690567010256579 0.16122392861361112
34 340 0.19298329610512985 0 0 0.15226587653458115 0.17900110712515682 0.14991039354414662 0.17150950282092 0.1521427967074548 0.15774064511803895 0.15597234212923244 0.15482763000155603 0.17951957912742728 0.15983073059365763
35 350 0.1834796038392843 0 0 0.14544281736498685 0.17039832009227115 0.14162581970591173 0.15914986912456525 0.14096059823656903 0.14846054440225032 0.1504305437949163 0.1452528439865954 0.16931536440544712 0.15380447788743104
36 360 0.17168615170781926 0 0 0.13631189011904665 0.15869140168478701 0.1314507263871187 0.14698509246602004 0.1295921721106532 0.1413361315946919 0.13901371752158362 0.1385598792539201 0.15861806438868128 0.14684414845205593
37 370 0.16806494862243665 0 0 0.13397458525729353 0.1576649183028932 0.12547706478773532 0.1409208810906128 0.12980784081020708 0.14060123338735947 0.1341650536696561 0.13474422960616064 0.15237902444299903 0.14017686867312062
38 380 0.16216654397489788 0 0 0.1278524689515637 0.15239758306947798 0.12150020575871347 0.13499344030683988 0.1278645480904944 0.13521584155224567 0.12778695823998953 0.12712133570593018 0.14488574724092754 0.1363629043734198
39 390 0.15027451915561924 0 0 0.11741446913828672 0.14002464429924633 0.1093332566498196 0.12227763852750892 0.11911544524281863 0.12210560138681105 0.11663908181404749 0.11763197199158411 0.13563033508021868 0.1271271750486393
40 400 0.14211852456374321 0 0 0.11136478007383724 0.13279518271838114 0.10241907394424751 0.11764373855207905 0.10925340477277394 0.11433420107254214 0.10936718887285357 0.11095531235864302 0.12771660389489128 0.11482775528142745
41 410 0.14165612346777468 0 0 0.10907724287019799 0.1300422289799758 0.10105805212952158 0.11708008440361899 0.10853430505878109 0.1177759170512223 0.10748097884317999 0.10919991018434445 0.12677593709807533 0.11459213954871535
42 420 0.13094304976103913 0 0 0.10077384886037398 0.12101653139173614 0.09333679699203577 0.10277388611191524 0.10007206232078404 0.10652960460072634 0.09891611273367507 0.10038844013721035 0.11776717452390018 0.10636745938015611
43 430 0.12819477380961297 0 0 0.09765220990726604 0.11911246770418901 0.09260407580460286 0.0990391394615497 0.0964266798310712 0.10313955112975937 0.09859750809511694 0.09556968123615094 0.11619391949118128 0.10467526215626587
44 440 0.12045671209110137 0 0 0.09105679783776681 0.11059952437875788 0.0885918796025528 0.09352785584042697 0.08984787230333167 0.0947843065928786 0.09042006037759968 0.0895294370264618 0.10738285655287527 0.09926316710366181
45 450 0.11064548665712316 0 0 0.08404210229721815 0.10266061646360122 0.08131646011089638 0.08374254435144057 0.08279610484972685 0.08842039881133254 0.08077696916982377 0.0816067158523357 0.09321259274604457 0.09224364395790777
46 460 0.10577134292022074 0 0 0.07962792957614688 0.09708740602280636 0.080431546018303 0.07758192746397968 0.07806727045248256 0.08300419251373645 0.07706225638519895 0.07857499530068109 0.0893686237986604 0.08706314173192953
