% # columns="iteration, evaluation, min max(neg(.)) min(pos(.)) max correlation, correlation matrix principle axes lengths  (sorted square roots of eigenvalues of correlation matrix)", seed=1108740, Wed Mar 11 16:01:03 2020
1 10 -0.061404143396012835 -0.017137592105298475 0.012091944537862612 0.05967013922081761 0.9107158975199121 0.9706866669907847 0.9898057740184703 0.994145601988483 0.9968472543431556 0.9999583555185568 1.010642085469151 1.0278039294507015 1.0338138036584033 1.058372579049656
2 20 -0.061404143396012835 -0.017137592105298475 0.012091944537862612 0.05967013922081761 0.9107158975199121 0.9706866669907847 0.9898057740184703 0.994145601988483 0.9968472543431556 0.9999583555185568 1.010642085469151 1.0278039294507015 1.0338138036584033 1.058372579049656
3 30 -0.061404143396012835 -0.017137592105298475 0.012091944537862612 0.05967013922081761 0.9107158975199121 0.9706866669907847 0.9898057740184703 0.994145601988483 0.9968472543431556 0.9999583555185568 1.010642085469151 1.0278039294507015 1.0338138036584033 1.058372579049656
4 40 -0.061404143396012835 -0.017137592105298475 0.012091944537862612 0.05967013922081761 0.9107158975199121 0.9706866669907847 0.9898057740184703 0.994145601988483 0.9968472543431556 0.9999583555185568 1.010642085469151 1.0278039294507015 1.0338138036584033 1.058372579049656
5 50 -0.061404143396012835 -0.017137592105298475 0.012091944537862612 0.05967013922081761 0.9107158975199121 0.9706866669907847 0.9898057740184703 0.994145601988483 0.9968472543431556 0.9999583555185568 1.010642085469151 1.0278039294507015 1.0338138036584033 1.058372579049656
6 60 -0.061404143396012835 -0.017137592105298475 0.012091944537862612 0.05967013922081761 0.9107158975199121 0.9706866669907847 0.9898057740184703 0.994145601988483 0.9968472543431556 0.9999583555185568 1.010642085469151 1.0278039294507015 1.0338138036584033 1.058372579049656
7 70 -0.061404143396012835 -0.017137592105298475 0.012091944537862612 0.05967013922081761 0.9107158975199121 0.9706866669907847 0.9898057740184703 0.994145601988483 0.9968472543431556 0.9999583555185568 1.010642085469151 1.0278039294507015 1.0338138036584033 1.058372579049656
8 80 -0.061404143396012835 -0.017137592105298475 0.012091944537862612 0.05967013922081761 0.9107158975199121 0.9706866669907847 0.9898057740184703 0.994145601988483 0.9968472543431556 0.9999583555185568 1.010642085469151 1.0278039294507015 1.0338138036584033 1.058372579049656
9 90 -0.061404143396012835 -0.017137592105298475 0.012091944537862612 0.05967013922081761 0.9107158975199121 0.9706866669907847 0.9898057740184703 0.994145601988483 0.9968472543431556 0.9999583555185568 1.010642085469151 1.0278039294507015 1.0338138036584033 1.058372579049656
10 100 -0.061404143396012835 -0.017137592105298475 0.012091944537862612 0.05967013922081761 0.9107158975199121 0.9706866669907847 0.9898057740184703 0.994145601988483 0.9968472543431556 0.9999583555185568 1.010642085469151 1.0278039294507015 1.0338138036584033 1.058372579049656
11 110 -0.2212466411919489 -0.09233313980480051 0.009051436439881443 0.11844441148028555 0.7135287065808619 0.8853428317726667 0.8878629550585564 0.9326890239586597 0.9734913987699017 1.0326665162300546 1.037521949399766 1.1235454695256089 1.14009835537188 1.1815749227257464
12 120 -0.2212466411919489 -0.09233313980480051 0.009051436439881443 0.11844441148028555 0.7135287065808619 0.8853428317726667 0.8878629550585564 0.9326890239586597 0.9734913987699017 1.0326665162300546 1.037521949399766 1.1235454695256089 1.14009835537188 1.1815749227257464
13 130 -0.2212466411919489 -0.09233313980480051 0.009051436439881443 0.11844441148028555 0.7135287065808619 0.8853428317726667 0.8878629550585564 0.9326890239586597 0.9734913987699017 1.0326665162300546 1.037521949399766 1.1235454695256089 1.14009835537188 1.1815749227257464
14 140 -0.2212466411919489 -0.09233313980480051 0.009051436439881443 0.11844441148028555 0.7135287065808619 0.8853428317726667 0.8878629550585564 0.9326890239586597 0.9734913987699017 1.0326665162300546 1.037521949399766 1.1235454695256089 1.14009835537188 1.1815749227257464
15 150 -0.2212466411919489 -0.09233313980480051 0.009051436439881443 0.11844441148028555 0.7135287065808619 0.8853428317726667 0.8878629550585564 0.9326890239586597 0.9734913987699017 1.0326665162300546 1.037521949399766 1.1235454695256089 1.14009835537188 1.1815749227257464
16 160 -0.2212466411919489 -0.09233313980480051 0.009051436439881443 0.11844441148028555 0.7135287065808619 0.8853428317726667 0.8878629550585564 0.9326890239586597 0.9734913987699017 1.0326665162300546 1.037521949399766 1.1235454695256089 1.14009835537188 1.1815749227257464
17 170 -0.2212466411919489 -0.09233313980480051 0.009051436439881443 0.11844441148028555 0.7135287065808619 0.8853428317726667 0.8878629550585564 0.9326890239586597 0.9734913987699017 1.0326665162300546 1.037521949399766 1.1235454695256089 1.14009835537188 1.1815749227257464
18 180 -0.2212466411919489 -0.09233313980480051 0.009051436439881443 0.11844441148028555 0.7135287065808619 0.8853428317726667 0.8878629550585564 0.9326890239586597 0.9734913987699017 1.0326665162300546 1.037521949399766 1.1235454695256089 1.14009835537188 1.1815749227257464
19 190 -0.2212466411919489 -0.09233313980480051 0.009051436439881443 0.11844441148028555 0.7135287065808619 0.8853428317726667 0.8878629550585564 0.9326890239586597 0.9734913987699017 1.0326665162300546 1.037521949399766 1.1235454695256089 1.14009835537188 1.1815749227257464
20 200 -0.2212466411919489 -0.09233313980480051 0.009051436439881443 0.11844441148028555 0.7135287065808619 0.8853428317726667 0.8878629550585564 0.9326890239586597 0.9734913987699017 1.0326665162300546 1.037521949399766 1.1235454695256089 1.14009835537188 1.1815749227257464
21 210 -0.26080102077556505 -0.07677255845905001 0.029277527215727177 0.2230159897489663 0.7317953994796964 0.8283378481390818 0.8938854837242171 0.9157248049313199 0.9405610207389387 0.9942874868604611 1.0455469653840441 1.125233397738854 1.183404977663019 1.2278925395294975
22 220 -0.26080102077556505 -0.07677255845905001 0.029277527215727177 0.2230159897489663 0.7317953994796964 0.8283378481390818 0.8938854837242171 0.9157248049313199 0.9405610207389387 0.9942874868604611 1.0455469653840441 1.125233397738854 1.183404977663019 1.2278925395294975
23 230 -0.26080102077556505 -0.07677255845905001 0.029277527215727177 0.2230159897489663 0.7317953994796964 0.8283378481390818 0.8938854837242171 0.9157248049313199 0.9405610207389387 0.9942874868604611 1.0455469653840441 1.125233397738854 1.183404977663019 1.2278925395294975
24 240 -0.26080102077556505 -0.07677255845905001 0.029277527215727177 0.2230159897489663 0.7317953994796964 0.8283378481390818 0.8938854837242171 0.9157248049313199 0.9405610207389387 0.9942874868604611 1.0455469653840441 1.125233397738854 1.183404977663019 1.2278925395294975
25 250 -0.26080102077556505 -0.07677255845905001 0.029277527215727177 0.2230159897489663 0.7317953994796964 0.8283378481390818 0.8938854837242171 0.9157248049313199 0.9405610207389387 0.9942874868604611 1.0455469653840441 1.125233397738854 1.183404977663019 1.2278925395294975
26 260 -0.26080102077556505 -0.07677255845905001 0.029277527215727177 0.2230159897489663 0.7317953994796964 0.8283378481390818 0.8938854837242171 0.9157248049313199 0.9405610207389387 0.9942874868604611 1.0455469653840441 1.125233397738854 1.183404977663019 1.2278925395294975
27 270 -0.26080102077556505 -0.07677255845905001 0.029277527215727177 0.2230159897489663 0.7317953994796964 0.8283378481390818 0.8938854837242171 0.9157248049313199 0.9405610207389387 0.9942874868604611 1.0455469653840441 1.125233397738854 1.183404977663019 1.2278925395294975
28 280 -0.26080102077556505 -0.07677255845905001 0.029277527215727177 0.2230159897489663 0.7317953994796964 0.8283378481390818 0.8938854837242171 0.9157248049313199 0.9405610207389387 0.9942874868604611 1.0455469653840441 1.125233397738854 1.183404977663019 1.2278925395294975
29 290 -0.26080102077556505 -0.07677255845905001 0.029277527215727177 0.2230159897489663 0.7317953994796964 0.8283378481390818 0.8938854837242171 0.9157248049313199 0.9405610207389387 0.9942874868604611 1.0455469653840441 1.125233397738854 1.183404977663019 1.2278925395294975
30 300 -0.26080102077556505 -0.07677255845905001 0.029277527215727177 0.2230159897489663 0.7317953994796964 0.8283378481390818 0.8938854837242171 0.9157248049313199 0.9405610207389387 0.9942874868604611 1.0455469653840441 1.125233397738854 1.183404977663019 1.2278925395294975
31 310 -0.2718160427566729 -0.06097826285881336 0.08072048492129517 0.2427953801401095 0.7254156320582245 0.7432789203611128 0.8845170250137381 0.9226879176943614 0.9928739273132589 1.0034328301839797 1.04233296433413 1.109653846056307 1.196690047301935 1.2430013797932615
32 320 -0.2718160427566729 -0.06097826285881336 0.08072048492129517 0.2427953801401095 0.7254156320582245 0.7432789203611128 0.8845170250137381 0.9226879176943614 0.9928739273132589 1.0034328301839797 1.04233296433413 1.109653846056307 1.196690047301935 1.2430013797932615
33 330 -0.2718160427566729 -0.06097826285881336 0.08072048492129517 0.2427953801401095 0.7254156320582245 0.7432789203611128 0.8845170250137381 0.9226879176943614 0.9928739273132589 1.0034328301839797 1.04233296433413 1.109653846056307 1.196690047301935 1.2430013797932615
34 340 -0.2718160427566729 -0.06097826285881336 0.08072048492129517 0.2427953801401095 0.7254156320582245 0.7432789203611128 0.8845170250137381 0.9226879176943614 0.9928739273132589 1.0034328301839797 1.04233296433413 1.109653846056307 1.196690047301935 1.2430013797932615
35 350 -0.2718160427566729 -0.06097826285881336 0.08072048492129517 0.2427953801401095 0.7254156320582245 0.7432789203611128 0.8845170250137381 0.9226879176943614 0.9928739273132589 1.0034328301839797 1.04233296433413 1.109653846056307 1.196690047301935 1.2430013797932615
36 360 -0.2718160427566729 -0.06097826285881336 0.08072048492129517 0.2427953801401095 0.7254156320582245 0.7432789203611128 0.8845170250137381 0.9226879176943614 0.9928739273132589 1.0034328301839797 1.04233296433413 1.109653846056307 1.196690047301935 1.2430013797932615
37 370 -0.2718160427566729 -0.06097826285881336 0.08072048492129517 0.2427953801401095 0.7254156320582245 0.7432789203611128 0.8845170250137381 0.9226879176943614 0.9928739273132589 1.0034328301839797 1.04233296433413 1.109653846056307 1.196690047301935 1.2430013797932615
38 380 -0.2718160427566729 -0.06097826285881336 0.08072048492129517 0.2427953801401095 0.7254156320582245 0.7432789203611128 0.8845170250137381 0.9226879176943614 0.9928739273132589 1.0034328301839797 1.04233296433413 1.109653846056307 1.196690047301935 1.2430013797932615
39 390 -0.2718160427566729 -0.06097826285881336 0.08072048492129517 0.2427953801401095 0.7254156320582245 0.7432789203611128 0.8845170250137381 0.9226879176943614 0.9928739273132589 1.0034328301839797 1.04233296433413 1.109653846056307 1.196690047301935 1.2430013797932615
40 400 -0.2718160427566729 -0.06097826285881336 0.08072048492129517 0.2427953801401095 0.7254156320582245 0.7432789203611128 0.8845170250137381 0.9226879176943614 0.9928739273132589 1.0034328301839797 1.04233296433413 1.109653846056307 1.196690047301935 1.2430013797932615
41 410 -0.2833719700944602 -0.002624667328088148 0.14238069890914926 0.23406805694858795 0.718175611592931 0.7697741914349295 0.835726312661713 0.9050349885340456 0.954057088392458 0.9731097951995554 1.007247457240617 1.1337995284821247 1.2292024265876678 1.3061353938660607
42 420 -0.2833719700944602 -0.002624667328088148 0.14238069890914926 0.23406805694858795 0.718175611592931 0.7697741914349295 0.835726312661713 0.9050349885340456 0.954057088392458 0.9731097951995554 1.007247457240617 1.1337995284821247 1.2292024265876678 1.3061353938660607
43 430 -0.2833719700944602 -0.002624667328088148 0.14238069890914926 0.23406805694858795 0.718175611592931 0.7697741914349295 0.835726312661713 0.9050349885340456 0.954057088392458 0.9731097951995554 1.007247457240617 1.1337995284821247 1.2292024265876678 1.3061353938660607
44 440 -0.2833719700944602 -0.002624667328088148 0.14238069890914926 0.23406805694858795 0.718175611592931 0.7697741914349295 0.835726312661713 0.9050349885340456 0.954057088392458 0.9731097951995554 1.007247457240617 1.1337995284821247 1.2292024265876678 1.3061353938660607
45 450 -0.2833719700944602 -0.002624667328088148 0.14238069890914926 0.23406805694858795 0.718175611592931 0.7697741914349295 0.835726312661713 0.9050349885340456 0.954057088392458 0.9731097951995554 1.007247457240617 1.1337995284821247 1.2292024265876678 1.3061353938660607
46 460 -0.2833719700944602 -0.002624667328088148 0.14238069890914926 0.23406805694858795 0.718175611592931 0.7697741914349295 0.835726312661713 0.9050349885340456 0.954057088392458 0.9731097951995554 1.007247457240617 1.1337995284821247 1.2292024265876678 1.3061353938660607
47 470 -0.2833719700944602 -0.002624667328088148 0.14238069890914926 0.23406805694858795 0.718175611592931 0.7697741914349295 0.835726312661713 0.9050349885340456 0.954057088392458 0.9731097951995554 1.007247457240617 1.1337995284821247 1.2292024265876678 1.3061353938660607
48 480 -0.2833719700944602 -0.002624667328088148 0.14238069890914926 0.23406805694858795 0.718175611592931 0.7697741914349295 0.835726312661713 0.9050349885340456 0.954057088392458 0.9731097951995554 1.007247457240617 1.1337995284821247 1.2292024265876678 1.3061353938660607
49 490 -0.2833719700944602 -0.002624667328088148 0.14238069890914926 0.23406805694858795 0.718175611592931 0.7697741914349295 0.835726312661713 0.9050349885340456 0.954057088392458 0.9731097951995554 1.007247457240617 1.1337995284821247 1.2292024265876678 1.3061353938660607
50 500 -0.2833719700944602 -0.002624667328088148 0.14238069890914926 0.23406805694858795 0.718175611592931 0.7697741914349295 0.835726312661713 0.9050349885340456 0.954057088392458 0.9731097951995554 1.007247457240617 1.1337995284821247 1.2292024265876678 1.3061353938660607
51 510 -0.19020304673372956 0.006492584888106473 0.1356289022670109 0.3101377720624382 0.7302440770487861 0.7686126589478962 0.8325673041477631 0.8552461810577027 0.9668509278400583 0.9836987045177222 1.0156563535173377 1.1608625358485378 1.1959072364529133 1.3189185685925604
52 520 -0.19020304673372956 0.006492584888106473 0.1356289022670109 0.3101377720624382 0.7302440770487861 0.7686126589478962 0.8325673041477631 0.8552461810577027 0.9668509278400583 0.9836987045177222 1.0156563535173377 1.1608625358485378 1.1959072364529133 1.3189185685925604
53 530 -0.19020304673372956 0.006492584888106473 0.1356289022670109 0.3101377720624382 0.7302440770487861 0.7686126589478962 0.8325673041477631 0.8552461810577027 0.9668509278400583 0.9836987045177222 1.0156563535173377 1.1608625358485378 1.1959072364529133 1.3189185685925604
54 540 -0.19020304673372956 0.006492584888106473 0.1356289022670109 0.3101377720624382 0.7302440770487861 0.7686126589478962 0.8325673041477631 0.8552461810577027 0.9668509278400583 0.9836987045177222 1.0156563535173377 1.1608625358485378 1.1959072364529133 1.3189185685925604
55 550 -0.19020304673372956 0.006492584888106473 0.1356289022670109 0.3101377720624382 0.7302440770487861 0.7686126589478962 0.8325673041477631 0.8552461810577027 0.9668509278400583 0.9836987045177222 1.0156563535173377 1.1608625358485378 1.1959072364529133 1.3189185685925604
56 560 -0.19020304673372956 0.006492584888106473 0.1356289022670109 0.3101377720624382 0.7302440770487861 0.7686126589478962 0.8325673041477631 0.8552461810577027 0.9668509278400583 0.9836987045177222 1.0156563535173377 1.1608625358485378 1.1959072364529133 1.3189185685925604
57 570 -0.19020304673372956 0.006492584888106473 0.1356289022670109 0.3101377720624382 0.7302440770487861 0.7686126589478962 0.8325673041477631 0.8552461810577027 0.9668509278400583 0.9836987045177222 1.0156563535173377 1.1608625358485378 1.1959072364529133 1.3189185685925604
58 580 -0.19020304673372956 0.006492584888106473 0.1356289022670109 0.3101377720624382 0.7302440770487861 0.7686126589478962 0.8325673041477631 0.8552461810577027 0.9668509278400583 0.9836987045177222 1.0156563535173377 1.1608625358485378 1.1959072364529133 1.3189185685925604
59 590 -0.19020304673372956 0.006492584888106473 0.1356289022670109 0.3101377720624382 0.7302440770487861 0.7686126589478962 0.8325673041477631 0.8552461810577027 0.9668509278400583 0.9836987045177222 1.0156563535173377 1.1608625358485378 1.1959072364529133 1.3189185685925604
60 600 -0.19020304673372956 0.006492584888106473 0.1356289022670109 0.3101377720624382 0.7302440770487861 0.7686126589478962 0.8325673041477631 0.8552461810577027 0.9668509278400583 0.9836987045177222 1.0156563535173377 1.1608625358485378 1.1959072364529133 1.3189185685925604
61 610 -0.14589187968873402 0.010404444372746456 0.16536813455245206 0.2573125521376136 0.7349640610433906 0.7413575651156888 0.8089121709295014 0.8657011964237491 0.9065008766342005 1.015436476224231 1.0650365088875948 1.144324597573179 1.1953903391941407 1.3344829104767573
62 620 -0.14589187968873402 0.010404444372746456 0.16536813455245206 0.2573125521376136 0.7349640610433906 0.7413575651156888 0.8089121709295014 0.8657011964237491 0.9065008766342005 1.015436476224231 1.0650365088875948 1.144324597573179 1.1953903391941407 1.3344829104767573
63 630 -0.14589187968873402 0.010404444372746456 0.16536813455245206 0.2573125521376136 0.7349640610433906 0.7413575651156888 0.8089121709295014 0.8657011964237491 0.9065008766342005 1.015436476224231 1.0650365088875948 1.144324597573179 1.1953903391941407 1.3344829104767573
64 640 -0.14589187968873402 0.010404444372746456 0.16536813455245206 0.2573125521376136 0.7349640610433906 0.7413575651156888 0.8089121709295014 0.8657011964237491 0.9065008766342005 1.015436476224231 1.0650365088875948 1.144324597573179 1.1953903391941407 1.3344829104767573
65 650 -0.14589187968873402 0.010404444372746456 0.16536813455245206 0.2573125521376136 0.7349640610433906 0.7413575651156888 0.8089121709295014 0.8657011964237491 0.9065008766342005 1.015436476224231 1.0650365088875948 1.144324597573179 1.1953903391941407 1.3344829104767573
66 660 -0.14589187968873402 0.010404444372746456 0.16536813455245206 0.2573125521376136 0.7349640610433906 0.7413575651156888 0.8089121709295014 0.8657011964237491 0.9065008766342005 1.015436476224231 1.0650365088875948 1.144324597573179 1.1953903391941407 1.3344829104767573
67 670 -0.14589187968873402 0.010404444372746456 0.16536813455245206 0.2573125521376136 0.7349640610433906 0.7413575651156888 0.8089121709295014 0.8657011964237491 0.9065008766342005 1.015436476224231 1.0650365088875948 1.144324597573179 1.1953903391941407 1.3344829104767573
68 680 -0.14589187968873402 0.010404444372746456 0.16536813455245206 0.2573125521376136 0.7349640610433906 0.7413575651156888 0.8089121709295014 0.8657011964237491 0.9065008766342005 1.015436476224231 1.0650365088875948 1.144324597573179 1.1953903391941407 1.3344829104767573
69 690 -0.14589187968873402 0.010404444372746456 0.16536813455245206 0.2573125521376136 0.7349640610433906 0.7413575651156888 0.8089121709295014 0.8657011964237491 0.9065008766342005 1.015436476224231 1.0650365088875948 1.144324597573179 1.1953903391941407 1.3344829104767573
70 700 -0.14589187968873402 0.010404444372746456 0.16536813455245206 0.2573125521376136 0.7349640610433906 0.7413575651156888 0.8089121709295014 0.8657011964237491 0.9065008766342005 1.015436476224231 1.0650365088875948 1.144324597573179 1.1953903391941407 1.3344829104767573
71 710 -0.1454428101283851 -0.009351018762442827 0.20145340897336095 0.3048122007240337 0.6824475926113265 0.771039563360117 0.8131646876982949 0.8591643002098361 0.9112239524477997 0.976944428020999 1.0483585294339914 1.1066664150950591 1.1980997327956884 1.4129418012715906
72 720 -0.1454428101283851 -0.009351018762442827 0.20145340897336095 0.3048122007240337 0.6824475926113265 0.771039563360117 0.8131646876982949 0.8591643002098361 0.9112239524477997 0.976944428020999 1.0483585294339914 1.1066664150950591 1.1980997327956884 1.4129418012715906
73 730 -0.1454428101283851 -0.009351018762442827 0.20145340897336095 0.3048122007240337 0.6824475926113265 0.771039563360117 0.8131646876982949 0.8591643002098361 0.9112239524477997 0.976944428020999 1.0483585294339914 1.1066664150950591 1.1980997327956884 1.4129418012715906
74 740 -0.1454428101283851 -0.009351018762442827 0.20145340897336095 0.3048122007240337 0.6824475926113265 0.771039563360117 0.8131646876982949 0.8591643002098361 0.9112239524477997 0.976944428020999 1.0483585294339914 1.1066664150950591 1.1980997327956884 1.4129418012715906
75 750 -0.1454428101283851 -0.009351018762442827 0.20145340897336095 0.3048122007240337 0.6824475926113265 0.771039563360117 0.8131646876982949 0.8591643002098361 0.9112239524477997 0.976944428020999 1.0483585294339914 1.1066664150950591 1.1980997327956884 1.4129418012715906
76 760 -0.1454428101283851 -0.009351018762442827 0.20145340897336095 0.3048122007240337 0.6824475926113265 0.771039563360117 0.8131646876982949 0.8591643002098361 0.9112239524477997 0.976944428020999 1.0483585294339914 1.1066664150950591 1.1980997327956884 1.4129418012715906
77 770 -0.1454428101283851 -0.009351018762442827 0.20145340897336095 0.3048122007240337 0.6824475926113265 0.771039563360117 0.8131646876982949 0.8591643002098361 0.9112239524477997 0.976944428020999 1.0483585294339914 1.1066664150950591 1.1980997327956884 1.4129418012715906
78 780 -0.1454428101283851 -0.009351018762442827 0.20145340897336095 0.3048122007240337 0.6824475926113265 0.771039563360117 0.8131646876982949 0.8591643002098361 0.9112239524477997 0.976944428020999 1.0483585294339914 1.1066664150950591 1.1980997327956884 1.4129418012715906
79 790 -0.1454428101283851 -0.009351018762442827 0.20145340897336095 0.3048122007240337 0.6824475926113265 0.771039563360117 0.8131646876982949 0.8591643002098361 0.9112239524477997 0.976944428020999 1.0483585294339914 1.1066664150950591 1.1980997327956884 1.4129418012715906
80 800 -0.1454428101283851 -0.009351018762442827 0.20145340897336095 0.3048122007240337 0.6824475926113265 0.771039563360117 0.8131646876982949 0.8591643002098361 0.9112239524477997 0.976944428020999 1.0483585294339914 1.1066664150950591 1.1980997327956884 1.4129418012715906
81 810 -0.2186623135897993 0.04377889802152678 0.200706427432546 0.37836703066936206 0.6223008435653581 0.771166785346221 0.7918438259417708 0.8498170425521545 0.9223357490122658 0.9759569255173397 1.0154060356961536 1.0820331247969046 1.2204205304165547 1.4745749465059397
82 820 -0.2186623135897993 0.04377889802152678 0.200706427432546 0.37836703066936206 0.6223008435653581 0.771166785346221 0.7918438259417708 0.8498170425521545 0.9223357490122658 0.9759569255173397 1.0154060356961536 1.0820331247969046 1.2204205304165547 1.4745749465059397
83 830 -0.2186623135897993 0.04377889802152678 0.200706427432546 0.37836703066936206 0.6223008435653581 0.771166785346221 0.7918438259417708 0.8498170425521545 0.9223357490122658 0.9759569255173397 1.0154060356961536 1.0820331247969046 1.2204205304165547 1.4745749465059397
84 840 -0.2186623135897993 0.04377889802152678 0.200706427432546 0.37836703066936206 0.6223008435653581 0.771166785346221 0.7918438259417708 0.8498170425521545 0.9223357490122658 0.9759569255173397 1.0154060356961536 1.0820331247969046 1.2204205304165547 1.4745749465059397
85 850 -0.2186623135897993 0.04377889802152678 0.200706427432546 0.37836703066936206 0.6223008435653581 0.771166785346221 0.7918438259417708 0.8498170425521545 0.9223357490122658 0.9759569255173397 1.0154060356961536 1.0820331247969046 1.2204205304165547 1.4745749465059397
86 860 -0.2186623135897993 0.04377889802152678 0.200706427432546 0.37836703066936206 0.6223008435653581 0.771166785346221 0.7918438259417708 0.8498170425521545 0.9223357490122658 0.9759569255173397 1.0154060356961536 1.0820331247969046 1.2204205304165547 1.4745749465059397
87 870 -0.2186623135897993 0.04377889802152678 0.200706427432546 0.37836703066936206 0.6223008435653581 0.771166785346221 0.7918438259417708 0.8498170425521545 0.9223357490122658 0.9759569255173397 1.0154060356961536 1.0820331247969046 1.2204205304165547 1.4745749465059397
88 880 -0.2186623135897993 0.04377889802152678 0.200706427432546 0.37836703066936206 0.6223008435653581 0.771166785346221 0.7918438259417708 0.8498170425521545 0.9223357490122658 0.9759569255173397 1.0154060356961536 1.0820331247969046 1.2204205304165547 1.4745749465059397
89 890 -0.2186623135897993 0.04377889802152678 0.200706427432546 0.37836703066936206 0.6223008435653581 0.771166785346221 0.7918438259417708 0.8498170425521545 0.9223357490122658 0.9759569255173397 1.0154060356961536 1.0820331247969046 1.2204205304165547 1.4745749465059397
90 900 -0.2186623135897993 0.04377889802152678 0.200706427432546 0.37836703066936206 0.6223008435653581 0.771166785346221 0.7918438259417708 0.8498170425521545 0.9223357490122658 0.9759569255173397 1.0154060356961536 1.0820331247969046 1.2204205304165547 1.4745749465059397
91 910 -0.23441839736245174 0.027374781697036544 0.18123406104591944 0.33610847232054575 0.6188606648398737 0.7691116050532064 0.8253442655455895 0.8581832671416812 0.8968596154550673 0.9955855222426668 1.0095905385267778 1.0960286696166572 1.253729467807999 1.421221291469939
92 920 -0.23441839736245174 0.027374781697036544 0.18123406104591944 0.33610847232054575 0.6188606648398737 0.7691116050532064 0.8253442655455895 0.8581832671416812 0.8968596154550673 0.9955855222426668 1.0095905385267778 1.0960286696166572 1.253729467807999 1.421221291469939
93 930 -0.23441839736245174 0.027374781697036544 0.18123406104591944 0.33610847232054575 0.6188606648398737 0.7691116050532064 0.8253442655455895 0.8581832671416812 0.8968596154550673 0.9955855222426668 1.0095905385267778 1.0960286696166572 1.253729467807999 1.421221291469939
94 940 -0.23441839736245174 0.027374781697036544 0.18123406104591944 0.33610847232054575 0.6188606648398737 0.7691116050532064 0.8253442655455895 0.8581832671416812 0.8968596154550673 0.9955855222426668 1.0095905385267778 1.0960286696166572 1.253729467807999 1.421221291469939
95 950 -0.23441839736245174 0.027374781697036544 0.18123406104591944 0.33610847232054575 0.6188606648398737 0.7691116050532064 0.8253442655455895 0.8581832671416812 0.8968596154550673 0.9955855222426668 1.0095905385267778 1.0960286696166572 1.253729467807999 1.421221291469939
96 960 -0.23441839736245174 0.027374781697036544 0.18123406104591944 0.33610847232054575 0.6188606648398737 0.7691116050532064 0.8253442655455895 0.8581832671416812 0.8968596154550673 0.9955855222426668 1.0095905385267778 1.0960286696166572 1.253729467807999 1.421221291469939
97 970 -0.23441839736245174 0.027374781697036544 0.18123406104591944 0.33610847232054575 0.6188606648398737 0.7691116050532064 0.8253442655455895 0.8581832671416812 0.8968596154550673 0.9955855222426668 1.0095905385267778 1.0960286696166572 1.253729467807999 1.421221291469939
98 980 -0.23441839736245174 0.027374781697036544 0.18123406104591944 0.33610847232054575 0.6188606648398737 0.7691116050532064 0.8253442655455895 0.8581832671416812 0.8968596154550673 0.9955855222426668 1.0095905385267778 1.0960286696166572 1.253729467807999 1.421221291469939
99 990 -0.23441839736245174 0.027374781697036544 0.18123406104591944 0.33610847232054575 0.6188606648398737 0.7691116050532064 0.8253442655455895 0.8581832671416812 0.8968596154550673 0.9955855222426668 1.0095905385267778 1.0960286696166572 1.253729467807999 1.421221291469939
100 1000 -0.23441839736245174 0.027374781697036544 0.18123406104591944 0.33610847232054575 0.6188606648398737 0.7691116050532064 0.8253442655455895 0.8581832671416812 0.8968596154550673 0.9955855222426668 1.0095905385267778 1.0960286696166572 1.253729467807999 1.421221291469939
101 1010 -0.2867907697737666 0.0019479583005042361 0.15403764790825225 0.3077022283955757 0.66043087723123 0.7838286340560331 0.8151816609864828 0.8602194982571664 0.8926460013659684 0.9957287512749813 1.0487091046353176 1.1460552209072754 1.1922108114036907 1.3863810439525568
102 1020 -0.2867907697737666 0.0019479583005042361 0.15403764790825225 0.3077022283955757 0.66043087723123 0.7838286340560331 0.8151816609864828 0.8602194982571664 0.8926460013659684 0.9957287512749813 1.0487091046353176 1.1460552209072754 1.1922108114036907 1.3863810439525568
103 1030 -0.2867907697737666 0.0019479583005042361 0.15403764790825225 0.3077022283955757 0.66043087723123 0.7838286340560331 0.8151816609864828 0.8602194982571664 0.8926460013659684 0.9957287512749813 1.0487091046353176 1.1460552209072754 1.1922108114036907 1.3863810439525568
104 1040 -0.2867907697737666 0.0019479583005042361 0.15403764790825225 0.3077022283955757 0.66043087723123 0.7838286340560331 0.8151816609864828 0.8602194982571664 0.8926460013659684 0.9957287512749813 1.0487091046353176 1.1460552209072754 1.1922108114036907 1.3863810439525568
105 1050 -0.2867907697737666 0.0019479583005042361 0.15403764790825225 0.3077022283955757 0.66043087723123 0.7838286340560331 0.8151816609864828 0.8602194982571664 0.8926460013659684 0.9957287512749813 1.0487091046353176 1.1460552209072754 1.1922108114036907 1.3863810439525568
106 1060 -0.2867907697737666 0.0019479583005042361 0.15403764790825225 0.3077022283955757 0.66043087723123 0.7838286340560331 0.8151816609864828 0.8602194982571664 0.8926460013659684 0.9957287512749813 1.0487091046353176 1.1460552209072754 1.1922108114036907 1.3863810439525568
107 1070 -0.2867907697737666 0.0019479583005042361 0.15403764790825225 0.3077022283955757 0.66043087723123 0.7838286340560331 0.8151816609864828 0.8602194982571664 0.8926460013659684 0.9957287512749813 1.0487091046353176 1.1460552209072754 1.1922108114036907 1.3863810439525568
108 1080 -0.2867907697737666 0.0019479583005042361 0.15403764790825225 0.3077022283955757 0.66043087723123 0.7838286340560331 0.8151816609864828 0.8602194982571664 0.8926460013659684 0.9957287512749813 1.0487091046353176 1.1460552209072754 1.1922108114036907 1.3863810439525568
109 1090 -0.2867907697737666 0.0019479583005042361 0.15403764790825225 0.3077022283955757 0.66043087723123 0.7838286340560331 0.8151816609864828 0.8602194982571664 0.8926460013659684 0.9957287512749813 1.0487091046353176 1.1460552209072754 1.1922108114036907 1.3863810439525568
110 1100 -0.2867907697737666 0.0019479583005042361 0.15403764790825225 0.3077022283955757 0.66043087723123 0.7838286340560331 0.8151816609864828 0.8602194982571664 0.8926460013659684 0.9957287512749813 1.0487091046353176 1.1460552209072754 1.1922108114036907 1.3863810439525568
111 1110 -0.1907313695648323 0.015122798869977694 0.1294278730654855 0.31880494042490015 0.6549821532894583 0.7514523254248372 0.8525707922739767 0.863381297103563 0.9404136728445655 1.035821455851136 1.0971160296903488 1.1317648928269806 1.1506413623817144 1.3297288057801864
112 1120 -0.1907313695648323 0.015122798869977694 0.1294278730654855 0.31880494042490015 0.6549821532894583 0.7514523254248372 0.8525707922739767 0.863381297103563 0.9404136728445655 1.035821455851136 1.0971160296903488 1.1317648928269806 1.1506413623817144 1.3297288057801864
113 1130 -0.1907313695648323 0.015122798869977694 0.1294278730654855 0.31880494042490015 0.6549821532894583 0.7514523254248372 0.8525707922739767 0.863381297103563 0.9404136728445655 1.035821455851136 1.0971160296903488 1.1317648928269806 1.1506413623817144 1.3297288057801864
114 1140 -0.1907313695648323 0.015122798869977694 0.1294278730654855 0.31880494042490015 0.6549821532894583 0.7514523254248372 0.8525707922739767 0.863381297103563 0.9404136728445655 1.035821455851136 1.0971160296903488 1.1317648928269806 1.1506413623817144 1.3297288057801864
115 1150 -0.1907313695648323 0.015122798869977694 0.1294278730654855 0.31880494042490015 0.6549821532894583 0.7514523254248372 0.8525707922739767 0.863381297103563 0.9404136728445655 1.035821455851136 1.0971160296903488 1.1317648928269806 1.1506413623817144 1.3297288057801864
116 1160 -0.1907313695648323 0.015122798869977694 0.1294278730654855 0.31880494042490015 0.6549821532894583 0.7514523254248372 0.8525707922739767 0.863381297103563 0.9404136728445655 1.035821455851136 1.0971160296903488 1.1317648928269806 1.1506413623817144 1.3297288057801864
117 1170 -0.1907313695648323 0.015122798869977694 0.1294278730654855 0.31880494042490015 0.6549821532894583 0.7514523254248372 0.8525707922739767 0.863381297103563 0.9404136728445655 1.035821455851136 1.0971160296903488 1.1317648928269806 1.1506413623817144 1.3297288057801864
118 1180 -0.1907313695648323 0.015122798869977694 0.1294278730654855 0.31880494042490015 0.6549821532894583 0.7514523254248372 0.8525707922739767 0.863381297103563 0.9404136728445655 1.035821455851136 1.0971160296903488 1.1317648928269806 1.1506413623817144 1.3297288057801864
119 1190 -0.1907313695648323 0.015122798869977694 0.1294278730654855 0.31880494042490015 0.6549821532894583 0.7514523254248372 0.8525707922739767 0.863381297103563 0.9404136728445655 1.035821455851136 1.0971160296903488 1.1317648928269806 1.1506413623817144 1.3297288057801864
120 1200 -0.1907313695648323 0.015122798869977694 0.1294278730654855 0.31880494042490015 0.6549821532894583 0.7514523254248372 0.8525707922739767 0.863381297103563 0.9404136728445655 1.035821455851136 1.0971160296903488 1.1317648928269806 1.1506413623817144 1.3297288057801864
121 1210 -0.2062703014253088 -0.005296885831421166 0.15707520628343805 0.30917247885546617 0.6608261638836459 0.7860642088693818 0.7891975665929729 0.8560347486875687 0.9669901521061008 1.0127764219693514 1.0383630659499536 1.088151935246296 1.2130383793092852 1.3766854814483784
122 1220 -0.2062703014253088 -0.005296885831421166 0.15707520628343805 0.30917247885546617 0.6608261638836459 0.7860642088693818 0.7891975665929729 0.8560347486875687 0.9669901521061008 1.0127764219693514 1.0383630659499536 1.088151935246296 1.2130383793092852 1.3766854814483784
123 1230 -0.2062703014253088 -0.005296885831421166 0.15707520628343805 0.30917247885546617 0.6608261638836459 0.7860642088693818 0.7891975665929729 0.8560347486875687 0.9669901521061008 1.0127764219693514 1.0383630659499536 1.088151935246296 1.2130383793092852 1.3766854814483784
124 1240 -0.2062703014253088 -0.005296885831421166 0.15707520628343805 0.30917247885546617 0.6608261638836459 0.7860642088693818 0.7891975665929729 0.8560347486875687 0.9669901521061008 1.0127764219693514 1.0383630659499536 1.088151935246296 1.2130383793092852 1.3766854814483784
125 1250 -0.2062703014253088 -0.005296885831421166 0.15707520628343805 0.30917247885546617 0.6608261638836459 0.7860642088693818 0.7891975665929729 0.8560347486875687 0.9669901521061008 1.0127764219693514 1.0383630659499536 1.088151935246296 1.2130383793092852 1.3766854814483784
126 1260 -0.2062703014253088 -0.005296885831421166 0.15707520628343805 0.30917247885546617 0.6608261638836459 0.7860642088693818 0.7891975665929729 0.8560347486875687 0.9669901521061008 1.0127764219693514 1.0383630659499536 1.088151935246296 1.2130383793092852 1.3766854814483784
127 1270 -0.2062703014253088 -0.005296885831421166 0.15707520628343805 0.30917247885546617 0.6608261638836459 0.7860642088693818 0.7891975665929729 0.8560347486875687 0.9669901521061008 1.0127764219693514 1.0383630659499536 1.088151935246296 1.2130383793092852 1.3766854814483784
128 1280 -0.2062703014253088 -0.005296885831421166 0.15707520628343805 0.30917247885546617 0.6608261638836459 0.7860642088693818 0.7891975665929729 0.8560347486875687 0.9669901521061008 1.0127764219693514 1.0383630659499536 1.088151935246296 1.2130383793092852 1.3766854814483784
129 1290 -0.2062703014253088 -0.005296885831421166 0.15707520628343805 0.30917247885546617 0.6608261638836459 0.7860642088693818 0.7891975665929729 0.8560347486875687 0.9669901521061008 1.0127764219693514 1.0383630659499536 1.088151935246296 1.2130383793092852 1.3766854814483784
130 1300 -0.2062703014253088 -0.005296885831421166 0.15707520628343805 0.30917247885546617 0.6608261638836459 0.7860642088693818 0.7891975665929729 0.8560347486875687 0.9669901521061008 1.0127764219693514 1.0383630659499536 1.088151935246296 1.2130383793092852 1.3766854814483784
131 1310 -0.17553397255741843 -0.02029831009006201 0.1515664345199081 0.3413046719636751 0.710611338568977 0.7552602016517838 0.7961692380245131 0.8392343438633992 0.9403429924766421 0.9857514877532308 1.0905497562781716 1.1357621363852302 1.1880583853182078 1.3563649016413266
132 1320 -0.17553397255741843 -0.02029831009006201 0.1515664345199081 0.3413046719636751 0.710611338568977 0.7552602016517838 0.7961692380245131 0.8392343438633992 0.9403429924766421 0.9857514877532308 1.0905497562781716 1.1357621363852302 1.1880583853182078 1.3563649016413266
133 1330 -0.17553397255741843 -0.02029831009006201 0.1515664345199081 0.3413046719636751 0.710611338568977 0.7552602016517838 0.7961692380245131 0.8392343438633992 0.9403429924766421 0.9857514877532308 1.0905497562781716 1.1357621363852302 1.1880583853182078 1.3563649016413266
134 1340 -0.17553397255741843 -0.02029831009006201 0.1515664345199081 0.3413046719636751 0.710611338568977 0.7552602016517838 0.7961692380245131 0.8392343438633992 0.9403429924766421 0.9857514877532308 1.0905497562781716 1.1357621363852302 1.1880583853182078 1.3563649016413266
135 1350 -0.17553397255741843 -0.02029831009006201 0.1515664345199081 0.3413046719636751 0.710611338568977 0.7552602016517838 0.7961692380245131 0.8392343438633992 0.9403429924766421 0.9857514877532308 1.0905497562781716 1.1357621363852302 1.1880583853182078 1.3563649016413266
136 1360 -0.17553397255741843 -0.02029831009006201 0.1515664345199081 0.3413046719636751 0.710611338568977 0.7552602016517838 0.7961692380245131 0.8392343438633992 0.9403429924766421 0.9857514877532308 1.0905497562781716 1.1357621363852302 1.1880583853182078 1.3563649016413266
137 1370 -0.17553397255741843 -0.02029831009006201 0.1515664345199081 0.3413046719636751 0.710611338568977 0.7552602016517838 0.7961692380245131 0.8392343438633992 0.9403429924766421 0.9857514877532308 1.0905497562781716 1.1357621363852302 1.1880583853182078 1.3563649016413266
138 1380 -0.17553397255741843 -0.02029831009006201 0.1515664345199081 0.3413046719636751 0.710611338568977 0.7552602016517838 0.7961692380245131 0.8392343438633992 0.9403429924766421 0.9857514877532308 1.0905497562781716 1.1357621363852302 1.1880583853182078 1.3563649016413266
139 1390 -0.17553397255741843 -0.02029831009006201 0.1515664345199081 0.3413046719636751 0.710611338568977 0.7552602016517838 0.7961692380245131 0.8392343438633992 0.9403429924766421 0.9857514877532308 1.0905497562781716 1.1357621363852302 1.1880583853182078 1.3563649016413266
140 1400 -0.17553397255741843 -0.02029831009006201 0.1515664345199081 0.3413046719636751 0.710611338568977 0.7552602016517838 0.7961692380245131 0.8392343438633992 0.9403429924766421 0.9857514877532308 1.0905497562781716 1.1357621363852302 1.1880583853182078 1.3563649016413266
141 1410 -0.179508161098819 -0.034009498939989266 0.10842310480486442 0.2600442556838517 0.7197558039211052 0.7664311196801742 0.8265326831289838 0.9303888549060673 0.9547064115404393 1.0176360087724976 1.0836636916193714 1.1107790688452022 1.1875938628066791 1.257048736530205
142 1420 -0.179508161098819 -0.034009498939989266 0.10842310480486442 0.2600442556838517 0.7197558039211052 0.7664311196801742 0.8265326831289838 0.9303888549060673 0.9547064115404393 1.0176360087724976 1.0836636916193714 1.1107790688452022 1.1875938628066791 1.257048736530205
