% # columns="iteration, evaluation, sigma, axis ratio, bestever, best, median, worst objective function value, further objective values of best", seed=1108740, Wed Mar 11 16:01:03 2020, <python>{}</python>
1 10 0.19898736246038778 1.0000450010125153 -0.09171113250166003 -9.1711132501660034e-02 0.03761878669120709 0.22600160909577963   
2 20 0.2016570044784747 1.1802239391520521 -0.09171113250166003 -5.6016161997700660e-02 0.04435052599747781 0.09583923571295419   
3 30 0.20065205912873096 1.3159566953366442 -0.09171113250166003 -1.8336936204709796e-04 0.037954675693897474 0.07699453707856868   
4 40 0.18230372351461444 1.371095766652679 -0.09171113250166003 4.9668666077297141e-03 0.025163527708670794 0.07587238888942743   
5 50 0.17837211658100663 1.3934181421125613 -0.09171113250166003 -8.9634947531035868e-05 0.01747937736918343 0.04206992660404799   
6 60 0.19868540774158286 1.464269569325592 -0.09171113250166003 -2.9014978656921797e-03 0.008087321084395228 0.06306731999197826   
7 70 0.2134761510789227 1.5871405039117406 -0.09171113250166003 -6.6131730320455953e-03 -0.002691763515193902 0.03563515443789257   
8 80 0.2069824805452798 1.6489692808394865 -0.09171113250166003 -4.1558585263502673e-03 8.487152272204646e-05 0.036285294087444964   
9 90 0.20406128886577882 1.67302980295508 -0.09171113250166003 -3.8162283792905218e-03 0.006431874586450888 0.04319503069747721   
10 100 0.20136588049888254 1.6586310441724161 -0.09171113250166003 -2.7077629798240429e-03 0.031262028252374674 0.07783102327688528   
11 110 0.20840075746217016 1.6921182768699392 -0.09171113250166003 -2.0957114819164647e-03 0.030710515163684005 0.08728327552833152   
12 120 0.20795576884127687 1.7982579789552262 -0.09171113250166003 -8.8445023974381351e-03 0.0004079184730804708 0.045158276257252106   
13 130 0.19635264259712876 1.8631973564447255 -0.09171113250166003 -1.2326953483773979e-02 -0.0014267497306930548 0.08053801138654859   
14 140 0.1749602889230291 1.84218630599457 -0.09171113250166003 -4.0099543373883295e-03 -4.656269748895769e-05 0.07034953668913965   
15 150 0.18012680169798848 1.8511377007733376 -0.09171113250166003 -5.8226917709728477e-03 -0.003155741940219911 0.02901680432697734   
16 160 0.17163376258484708 1.738148049232499 -0.09171113250166003 -5.2878393683696047e-03 -0.0004512065346972736 0.030326899745622526   
17 170 0.16248767125360647 1.7610062071582122 -0.09171113250166003 -4.9051432184416335e-03 -0.00099977478709125 0.04630532717630367   
18 180 0.15111281876429006 1.841509396623632 -0.09171113250166003 -4.9433836425299173e-03 -0.001991941214525841 0.021055734965785666   
19 190 0.13774177668040213 1.8339846262129635 -0.09171113250166003 -7.1170013756108163e-03 -0.003799481327589424 0.04671829879083439   
20 200 0.12102570607095248 1.8067416293521248 -0.09171113250166003 -9.2398391949763525e-03 -0.0034595310910292753 0.011106641523797423   
21 210 0.11203929329579361 1.7884941827637633 -0.09171113250166003 -5.0594540106682195e-03 -0.0017079857855719055 0.0030561021137766597   
22 220 0.105861942379189 1.7809541923496548 -0.09171113250166003 -5.9944930592352444e-03 -0.0027628077496965687 0.012739922349343805   
23 230 0.09932491854222453 1.7506286900452082 -0.09171113250166003 -5.1862639239564808e-03 -0.00344736827273016 0.008987647678649985   
24 240 0.09803053817385252 1.798535866967393 -0.09171113250166003 -5.5472767459526741e-03 -0.004265754171548921 0.003058170091457091   
25 250 0.09260347052719027 1.7215495893713653 -0.09171113250166003 -4.8972226297122994e-03 -0.003812388019383409 -0.001576154934088725   
26 260 0.09073532890745402 1.7071576498657766 -0.09171113250166003 -4.6650841826995802e-03 -0.003560959298335294 -0.0015739012088532701   
27 270 0.08669651768691307 1.700090745691761 -0.09171113250166003 -5.5446752160607802e-03 -0.004525603787412379 -0.0011611865051106413   
28 280 0.08512155009417866 1.678902106185824 -0.09171113250166003 -4.5842198944913105e-03 -0.003349302905454645 0.011083466515782625   
29 290 0.08605986352544627 1.7171007423133036 -0.09171113250166003 -6.1775214338312011e-03 -0.004045513273039931 0.0023604969696183753   
30 300 0.08960903097379981 1.765554932922298 -0.09171113250166003 -5.3451452038007150e-03 -0.004460250822884713 -0.003628998903664043   
31 310 0.08848072554930698 1.785633648801556 -0.09171113250166003 -6.3711438867914373e-03 -0.006011344377361062 -0.005154119432609793   
32 320 0.08348432071823851 1.8157899449751016 -0.09171113250166003 -6.9750027163114139e-03 -0.006138692704646411 -0.0029990554392955097   
33 330 0.08615196759795082 1.9414241775330146 -0.09171113250166003 -8.7153591531665946e-03 -0.00783570159640292 -0.005247322893979872   
34 340 0.0790428384144002 1.923321463984464 -0.09171113250166003 -8.7873741376443808e-03 -0.007435186479746697 -0.006440350756102488   
35 350 0.07644236313434563 1.8958079191514654 -0.09171113250166003 -7.1515401321327306e-03 -0.006636114006165318 -0.0035707521314738183   
36 360 0.07669092903479924 1.8987688891195245 -0.09171113250166003 -5.9544967504451783e-03 -0.005537766364779637 -0.004900735497684083   
37 370 0.07236613255250088 1.9185233012835394 -0.09171113250166003 -5.3458945008803800e-03 -0.004656183233586262 -0.0013631477596622737   
38 380 0.07120707185558119 1.9286523972692204 -0.09171113250166003 -5.7888779951362178e-03 -0.005217753862129465 -0.004546262400653161   
39 390 0.0667902977838082 1.8827810494594512 -0.09171113250166003 -6.7679546092881335e-03 -0.00610291730105862 -0.005634440102162829   
40 400 0.06356172031853093 1.870965770999457 -0.09171113250166003 -5.9820253412697262e-03 -0.005677286978821209 -0.005446103554884643   
41 410 0.05815443597079002 1.867597448950503 -0.09171113250166003 -6.2241218000454752e-03 -0.005912805440569984 -0.005580765602545164   
42 420 0.05666189737035655 1.879152465597533 -0.09171113250166003 -6.7196694743166235e-03 -0.006489159911287719 -0.005351867979706873   
43 430 0.06040671904810564 1.9240473477217568 -0.09171113250166003 -7.5751898769096443e-03 -0.007045565758029904 -0.0068421897250042175   
44 440 0.0609866864716574 1.9228099955538738 -0.09171113250166003 -7.6446734564488963e-03 -0.007224936408824358 -0.006821494226172293   
45 450 0.05647804034865431 1.9866427898717829 -0.09171113250166003 -6.4588512624648969e-03 -0.005994762237380515 -0.004989642483182547   
46 460 0.052972152561259186 1.96344297647066 -0.09171113250166003 -6.1849735527372525e-03 -0.005853355380805372 -0.004934259328140299   
47 470 0.05020560847783775 1.916325169815952 -0.09171113250166003 -6.8082655995925674e-03 -0.0065665268288159166 -0.005650293714054675   
48 480 0.04789513512947401 1.876724474325125 -0.09171113250166003 -7.1164824675733172e-03 -0.006898635040023432 -0.0065638206798819855   
49 490 0.046793618860598726 1.8784215316517023 -0.09171113250166003 -6.8803109162019925e-03 -0.00668981526851261 -0.005962800080304355   
50 500 0.04455817253611998 1.8929290593782062 -0.09171113250166003 -6.8510484213910794e-03 -0.006712770152539257 -0.0061446606606448155   
51 510 0.039839584401011284 1.9294300116806202 -0.09171113250166003 -7.4241101877685726e-03 -0.00729267736072142 -0.006906159240180931   
52 520 0.037144991462143014 1.9190031039299742 -0.09171113250166003 -6.9504352183517998e-03 -0.006730331033046764 -0.006495155426252824   
53 530 0.03490622459335006 1.9589151927031674 -0.09171113250166003 -6.9464948096355271e-03 -0.0067873588395091534 -0.006712961626417687   
54 540 0.03200081462954098 2.0443008516674057 -0.09171113250166003 -6.6050321995681617e-03 -0.006482947200162449 -0.005982158432048768   
55 550 0.02963296562974731 2.1567962027264165 -0.09171113250166003 -6.2734714160902760e-03 -0.006170781977418127 -0.006126773432369872   
56 560 0.03080162391236011 2.1702365040083094 -0.09171113250166003 -6.6737673646635074e-03 -0.006626214982534475 -0.006590992802298412   
57 570 0.030109674069371237 2.114151459795661 -0.09171113250166003 -7.5917417763920175e-03 -0.0074730207046648225 -0.0073838672527995804   
58 580 0.030725359193729068 2.1012282423433786 -0.09171113250166003 -7.4878467851529377e-03 -0.0074032556539321654 -0.007329679955116926   
59 590 0.031626636723771334 2.023043594242552 -0.09171113250166003 -7.2413903557926942e-03 -0.007110343741374908 -0.007008592176377638   
60 600 0.03131580080314137 1.8737030165787056 -0.09171113250166003 -7.3125409005174941e-03 -0.007263768088616644 -0.007168999893663327   
61 610 0.028760984264230613 1.821899903634055 -0.09171113250166003 -7.1947716473756695e-03 -0.0071380566155265284 -0.00698722384999762   
62 620 0.026565480594104216 1.8749046108434724 -0.09171113250166003 -7.3239697952128934e-03 -0.007249873774655895 -0.007097964102266026   
63 630 0.02492188341772956 1.9151929791504605 -0.09171113250166003 -7.1021147349267745e-03 -0.00698260892932171 -0.006927958247869098   
64 640 0.022142880238454288 1.8924518900206795 -0.09171113250166003 -7.2235161170843892e-03 -0.007144041800512352 -0.00704333591684403   
65 650 0.021974797422720068 1.8551984425549983 -0.09171113250166003 -7.2551382407005649e-03 -0.007234720070377717 -0.007184797822994955   
66 660 0.021906756062239224 1.827827495088331 -0.09171113250166003 -7.1665163135601010e-03 -0.007135427333346629 -0.00704577878020311   
67 670 0.02211951774326382 1.801196721319953 -0.09171113250166003 -7.4813927686834770e-03 -0.007440095680168538 -0.007383968353719743   
68 680 0.02098390768994736 1.8658808729596543 -0.09171113250166003 -7.0306189247156745e-03 -0.006988712116963035 -0.006960811744094575   
69 690 0.021112974051505206 1.8786828213591429 -0.09171113250166003 -7.0209642418586999e-03 -0.006987562268588706 -0.0069511933342300694   
70 700 0.02110803352908797 1.9436934565407777 -0.09171113250166003 -6.9528058639095110e-03 -0.006897803842029942 -0.006856178865380129   
71 710 0.0199692112911159 2.033116142402499 -0.09171113250166003 -6.8872632398636188e-03 -0.006859287531013886 -0.006729214636132507   
72 720 0.018056799989932728 2.0759605772246807 -0.09171113250166003 -6.7564850939706893e-03 -0.006731737193388713 -0.006714812125911338   
73 730 0.01657561249673269 2.1782788326358413 -0.09171113250166003 -6.6375306503728979e-03 -0.006608670508832353 -0.006515203349898174   
74 740 0.016980402335530664 2.162214835757754 -0.09171113250166003 -6.6272934487939614e-03 -0.006610773390505626 -0.0065788623956471205   
75 750 0.016328685964294164 2.2828133822111676 -0.09171113250166003 -6.5768602631485224e-03 -0.006555081000910971 -0.006517902260139353   
76 760 0.01621026867250058 2.309049125705259 -0.09171113250166003 -6.7663173328364086e-03 -0.006734247474406629 -0.006704203672385326   
77 770 0.015362888226025502 2.305714488935959 -0.09171113250166003 -6.7086256266287014e-03 -0.006691721809130825 -0.00667143227640047   
78 780 0.014997786675883928 2.3525882035076138 -0.09171113250166003 -6.4800115971182766e-03 -0.006465564897154831 -0.006428772352521655   
79 790 0.01375568724300364 2.383790937248117 -0.09171113250166003 -6.4705997317681899e-03 -0.0064628193823149886 -0.0064549887880908634   
80 800 0.01286000223696412 2.4180941196687833 -0.09171113250166003 -6.4767835976473230e-03 -0.006467231684772086 -0.006436796038354841   
81 810 0.012669572097374007 2.462325861360701 -0.09171113250166003 -6.3245357942318262e-03 -0.006315361136132028 -0.006312902212175018   
82 820 0.01336244839345458 2.4102880995700544 -0.09171113250166003 -6.3610607095019121e-03 -0.006349880307422041 -0.006324090456195125   
83 830 0.014245736792168012 2.3021338765101578 -0.09171113250166003 -6.3963569829517605e-03 -0.006387993947272432 -0.006373217615199621   
84 840 0.01442545507338209 2.2853512882425076 -0.09171113250166003 -6.4415083040911883e-03 -0.006430089124675962 -0.006400617341507976   
85 850 0.01361693971917611 2.295853388552333 -0.09171113250166003 -6.4690879478378760e-03 -0.006456648657566149 -0.006443359806538444   
86 860 0.013026348223498343 2.262268669981155 -0.09171113250166003 -6.4076649998356956e-03 -0.0063913164723024 -0.006380276140527139   
87 870 0.01171735343519483 2.3216598990601973 -0.09171113250166003 -6.4029401708367347e-03 -0.00639451870645424 -0.006369456323817623   
88 880 0.01099320358178104 2.3211888615148135 -0.09171113250166003 -6.4277355923116255e-03 -0.006420835995675043 -0.006405882950966453   
89 890 0.01049704403096286 2.330922041306477 -0.09171113250166003 -6.4360140501213666e-03 -0.006430066564648596 -0.00640897905671061   
90 900 0.009893917366710608 2.2760543985504706 -0.09171113250166003 -6.5197584391403322e-03 -0.006516871158024421 -0.0065034951852356625   
91 910 0.009403418920192674 2.299692257687216 -0.09171113250166003 -6.4426617611788280e-03 -0.006437162246247327 -0.0064327491352920456   
92 920 0.008642156725151104 2.342262935830215 -0.09171113250166003 -6.3641003345867950e-03 -0.006359907752398864 -0.006356038915130149   
93 930 0.007835021514410484 2.364281163810032 -0.09171113250166003 -6.3955890668912834e-03 -0.006392718550733295 -0.006386349301613023   
94 940 0.006947517707101537 2.3873266898847265 -0.09171113250166003 -6.3141393503252114e-03 -0.006312621120192902 -0.006308475130848103   
95 950 0.006806586839725762 2.384997270523699 -0.09171113250166003 -6.4151733596380257e-03 -0.006412162906201067 -0.00640934567918443   
96 960 0.006507105079924963 2.3626096983467693 -0.09171113250166003 -6.3436957354017741e-03 -0.006341533372629677 -0.00633888581938257   
97 970 0.006387857018906688 2.343717198613573 -0.09171113250166003 -6.4491071309117128e-03 -0.006445864766307371 -0.006443953920496274   
98 980 0.00641112818628496 2.2812091809908037 -0.09171113250166003 -6.3961450986278227e-03 -0.006393899717156102 -0.006392040216514798   
99 990 0.006184080949408443 2.2893948304465592 -0.09171113250166003 -6.4084326749514701e-03 -0.006404898330328116 -0.006402023295137604   
100 1000 0.006562743479219559 2.263827031619903 -0.09171113250166003 -6.4472467646930565e-03 -0.006445320407470072 -0.006442393029363783   
101 1010 0.006501807083564851 2.291847889709925 -0.09171113250166003 -6.4486691163962726e-03 -0.006447141631768279 -0.006443629681341286   
102 1020 0.006092557524005 2.2237635849283293 -0.09171113250166003 -6.4352388032211582e-03 -0.006432597809836508 -0.006427942533494434   
103 1030 0.005709493162336953 2.328529868797081 -0.09171113250166003 -6.4136566477638974e-03 -0.006411219301038414 -0.006404320814479574   
104 1040 0.005380688329353614 2.2629447476825733 -0.09171113250166003 -6.4132943278855069e-03 -0.0064120714988566245 -0.006409879915061865   
105 1050 0.005517414471399414 2.2363177817266044 -0.09171113250166003 -6.4687549695394324e-03 -0.006467460511585423 -0.006462953433610093   
106 1060 0.005613023185838125 2.1575210683350616 -0.09171113250166003 -6.4683106965366865e-03 -0.006467280507227318 -0.006464195833491285   
107 1070 0.005452770938639493 2.0527373736820644 -0.09171113250166003 -6.4126486570517411e-03 -0.006411689460240733 -0.006411029443275354   
108 1080 0.005403642896659249 2.037904248696195 -0.09171113250166003 -6.3999671477427914e-03 -0.006398551054302054 -0.0063977292127419755   
109 1090 0.005580395204350873 2.0745774522075524 -0.09171113250166003 -6.3609260192455750e-03 -0.006359231112003071 -0.006358349723798935   
110 1100 0.005346894959886566 2.0558829963076994 -0.09171113250166003 -6.3811372412820267e-03 -0.006379782954503937 -0.006376546517153936   
111 1110 0.005664367552372543 2.0195380884617866 -0.09171113250166003 -6.3795530093987271e-03 -0.006378758439494021 -0.0063746752390742584   
112 1120 0.005826525168080194 2.1104398745001283 -0.09171113250166003 -6.3795122254018894e-03 -0.006377921926471196 -0.006376139388912516   
113 1130 0.005941726254343014 2.189826577031154 -0.09171113250166003 -6.3665469067893977e-03 -0.006364882563843176 -0.006361924843455991   
114 1140 0.005977542635519432 2.2656975962165364 -0.09171113250166003 -6.3131895482729031e-03 -0.006312429234610909 -0.006309385090240308   
115 1150 0.006016504824565094 2.1636046371136564 -0.09171113250166003 -6.3727953627506261e-03 -0.006371414212363832 -0.006369555778729244   
116 1160 0.005711598565093008 2.061577432432583 -0.09171113250166003 -6.3972363355557739e-03 -0.006395970672138233 -0.006393902184887106   
117 1170 0.005819780781117093 2.123656290477432 -0.09171113250166003 -6.3902198863530152e-03 -0.006389207648629206 -0.006386681431876882   
118 1180 0.005651554716501992 2.0970179191058196 -0.09171113250166003 -6.3789982391476959e-03 -0.006377962480157178 -0.006375924688695205   
119 1190 0.004933433292051582 2.183548156268274 -0.09171113250166003 -6.3962667529768270e-03 -0.006395718179113462 -0.006394230555728386   
120 1200 0.0045529228087642214 2.1485090467927495 -0.09171113250166003 -6.4007797120750904e-03 -0.0064001934309710785 -0.006399399038067966   
121 1210 0.004210146860685261 2.0795249643648526 -0.09171113250166003 -6.3869433544103344e-03 -0.006386051949076124 -0.006383102308874084   
122 1220 0.003955434544117493 2.142884153710482 -0.09171113250166003 -6.3661081478705315e-03 -0.006365718239820649 -0.006364681553745542   
123 1230 0.004086474917754986 2.1650280562151822 -0.09171113250166003 -6.3516621580461752e-03 -0.006351138006957878 -0.006350564610112918   
124 1240 0.003790821749347135 2.0886690401867534 -0.09171113250166003 -6.3606967775320013e-03 -0.006360208944630699 -0.006359426100456728   
125 1250 0.0035472524329102514 2.1056928073439165 -0.09171113250166003 -6.3707441542479714e-03 -0.006370299161777679 -0.006367964292953349   
126 1260 0.003771524069774379 2.1743846027043654 -0.09171113250166003 -6.3496698721665634e-03 -0.006349170239335443 -0.006348677182524451   
127 1270 0.004393755850051507 2.104083761876468 -0.09171113250166003 -6.3564321317328490e-03 -0.006355746913115702 -0.0063544429340825735   
128 1280 0.004789017879263341 2.059813044102324 -0.09171113250166003 -6.3286165610025097e-03 -0.006327838372185037 -0.006326240068783497   
129 1290 0.004862573965098043 1.962328160967063 -0.09171113250166003 -6.3356891701290274e-03 -0.0063353779600340485 -0.006334594240535597   
130 1300 0.004866982643867978 1.982273722731062 -0.09171113250166003 -6.3214810639034046e-03 -0.006320975747336278 -0.006319685228668155   
131 1310 0.004867347783487697 2.043023461625736 -0.09171113250166003 -6.3399826246148287e-03 -0.0063393195817470285 -0.0063377494010394535   
132 1320 0.004518588511128376 1.9342029902369875 -0.09171113250166003 -6.3558845003851300e-03 -0.0063549051028172114 -0.006354612407840531   
133 1330 0.0042955828936686365 1.9524535264480942 -0.09171113250166003 -6.3305013668727055e-03 -0.006329821261841069 -0.006328428671919484   
134 1340 0.004091739751368765 1.964467680180199 -0.09171113250166003 -6.3378839188532581e-03 -0.00633736694607092 -0.006336736873164413   
135 1350 0.00359104297764967 1.9270799251464035 -0.09171113250166003 -6.3296436282912483e-03 -0.006329236949310422 -0.006328702598824445   
136 1360 0.003416641034951176 1.8966657041185773 -0.09171113250166003 -6.3226951918483017e-03 -0.006322500190926995 -0.006322046485744437   
137 1370 0.003093037116168371 1.9372369001324112 -0.09171113250166003 -6.3300973606292207e-03 -0.006329901217594008 -0.006329009696913919   
138 1380 0.0030706207422258104 1.9406533405457118 -0.09171113250166003 -6.3234330513874202e-03 -0.006323166557507706 -0.006322574474069253   
139 1390 0.0029196097813163242 1.860994018831462 -0.09171113250166003 -6.3422610220168572e-03 -0.006341973899928354 -0.006341775993945652   
140 1400 0.002657135020377276 1.855231672965923 -0.09171113250166003 -6.3322894441972090e-03 -0.006332145214932477 -0.006331769963714629   
141 1410 0.0024878045769990854 1.8908336251282654 -0.09171113250166003 -6.3322839016697894e-03 -0.00633197078209513 -0.006331842679581681   
142 1420 0.0022060578292899245 1.8764938272756457 -0.09171113250166003 -6.3198564572173131e-03 -0.006319777427875654 -0.006319473710585465   
