% # columns="iteration, evaluation, sigma, void, void,  stds==sigma*sqrt(diag(C))", seed=1031247, Wed Mar 11 15:56:12 2020, <python>{}</python>
1 10 0.19579381890583233 0 0 0.1946981943919641 0.19500953281148115 0.19173895634786994 0.19377420527702638 0.20148669000622946 0.19802750597486476 0.19259213528425317 0.20016030100192006 0.19135343969040006 0.18984910438863875
2 20 0.19313790930574803 0 0 0.19370981351104027 0.20249384981718055 0.18906829193525088 0.18893364130782989 0.195486931021864 0.1913566290499082 0.19072883219566672 0.19997033282607338 0.18372512043127945 0.18772315298157347
3 30 0.2165677022115473 0 0 0.21745672410317 0.22933843257065264 0.2064438831291186 0.21606337301325362 0.22000913457532043 0.21662153154264 0.21566597076835878 0.24677806954740206 0.20606907696138102 0.20642875343156067
4 40 0.24079726327379197 0 0 0.23942438357631038 0.24908709587153138 0.22089825726364562 0.24102685474407476 0.24977788518071303 0.24377790108187647 0.24068727447678315 0.29175897063238126 0.2337638352912068 0.23205789126788756
5 50 0.26765246420685423 0 0 0.26975109414664367 0.27688356138136555 0.23534980361592242 0.271446162231136 0.2819213382940118 0.2703091651733627 0.2772004384271838 0.33042832526301386 0.25843327523518356 0.25547347356405503
6 60 0.2978374862477387 0 0 0.3177975463149819 0.32028950677740003 0.2536554907018077 0.3025287105528033 0.3134573176895398 0.3097647691987061 0.30806136609181173 0.3687172801550325 0.2861651491165757 0.28134926132521804
7 70 0.3054853256271635 0 0 0.32451018216426136 0.3365798098158286 0.25566283526259365 0.31234646038007197 0.32979018883434347 0.3128138483307143 0.3122222546230249 0.3752180732885168 0.3023496546985047 0.28728172650397815
8 80 0.34286182973519524 0 0 0.37866056291872086 0.3978249605348781 0.2857730527302322 0.3680713567172637 0.37043501284205455 0.3474356004850004 0.35934118040581725 0.42443001736793895 0.3473175922510757 0.3119782919849167
9 90 0.39429414520919603 0 0 0.4511764634374465 0.4580308848619773 0.3284842605792679 0.4307539264928433 0.4169735766824643 0.39929758258102444 0.4194390200557406 0.47549982503164867 0.4005431295226838 0.3688508770752816
10 100 0.42537195661507193 0 0 0.4709794350107005 0.4974708405830455 0.3555414708249053 0.4523547514752751 0.43992259386178845 0.4224781564215732 0.45243186299917176 0.5110865467621327 0.4182195065230079 0.40677094128127433
11 110 0.44917000485191316 0 0 0.5016687696214661 0.5189717166409169 0.3750743817119964 0.4813263410078509 0.4605176982735211 0.4528056865183419 0.48153506030918036 0.5203217520314712 0.431751905838243 0.4298664969080877
12 120 0.4771968177627157 0 0 0.5084699777165158 0.5511748911406316 0.3933166782270078 0.49958292883536254 0.4873882772279952 0.469852457521624 0.5172582736057708 0.5473566612971925 0.46839205516485427 0.46154841225425447
13 130 0.4635408470820164 0 0 0.4842012602687365 0.5383192950945952 0.3818171517827216 0.48509877714769384 0.46613168227653107 0.43972063364106556 0.5035288858013878 0.525589617677363 0.44689793184571147 0.45075135290708296
14 140 0.4394125554981212 0 0 0.4545535623038725 0.5068028131231324 0.3640457695376358 0.4579749713209305 0.4321140104489376 0.41617989232730973 0.46708423189541526 0.48894372618272286 0.41184519167138856 0.4308403005288888
15 150 0.41726366656430297 0 0 0.42202395470148524 0.4830311631765734 0.34840261155474966 0.43652594708472864 0.3963047619404064 0.39120552363308686 0.44417005306242524 0.45954673945843183 0.38930208849819137 0.40857546846630605
16 160 0.3830377949657348 0 0 0.37369863290342553 0.4273357059773833 0.3167564087180906 0.3975599936567766 0.36524783039619757 0.353656680758435 0.4096989308873274 0.4154889704391354 0.35795542933498503 0.36695447413430615
17 170 0.3595436231791297 0 0 0.3485552832849982 0.38788834019043533 0.2914077655542173 0.36933706720478604 0.3413491766302 0.32995811239015327 0.3798941471659227 0.3869034115825198 0.3403244503347781 0.34032123132370157
18 180 0.35086494474086466 0 0 0.33796618607859463 0.36627449947899593 0.2844616830018016 0.3627859839231771 0.33556533059277577 0.3266873423838109 0.37030937433287925 0.36717543212309384 0.3303702584598269 0.3271449544881757
19 190 0.30915764772952137 0 0 0.28897640901039773 0.3167355928963757 0.2506628576715498 0.30470308576770777 0.29484874766706837 0.2893660010453259 0.3226341483072325 0.31423277817782813 0.28435238009457753 0.284785558506455
20 200 0.27219139989864144 0 0 0.24913261854047822 0.2759829906761 0.2189658978993395 0.2603123207330177 0.26125978480425116 0.24457543696377296 0.2790240307086829 0.27414088368375494 0.24608387223525097 0.2475760365504774
21 210 0.23875834932179565 0 0 0.20868812193418476 0.24034810294585968 0.18970897633878153 0.22163780293756608 0.22763888015056796 0.21468683255862117 0.24476824209900605 0.24224166571173855 0.213790994043351 0.2163131834769384
22 220 0.21560210750440342 0 0 0.19034735528129232 0.2148260934451472 0.16936043438807222 0.19639325727875048 0.20270488886198532 0.19427608220254178 0.21525806204753736 0.21537024281536082 0.19266989126809897 0.1923094220453769
23 230 0.20164519161043898 0 0 0.1768018728926583 0.19943784485045288 0.15414550654664574 0.18067791205600572 0.18689447977301715 0.18246503712939946 0.20153419863657823 0.19831494854635018 0.1811509607534121 0.1796982575812046
24 240 0.1798636679473787 0 0 0.1538163017253597 0.1752016333492772 0.13701435843659446 0.16066526839757705 0.16534485621772238 0.16146980184253115 0.17554386030996985 0.17586219726203 0.16169216622087812 0.15611109395124434
25 250 0.16423508087589272 0 0 0.14055331000275545 0.15905233530774845 0.12527411861175552 0.1449984575226305 0.14936335613954269 0.14561378956576423 0.15195305652424998 0.16150153710388745 0.146850096314494 0.1438152076830542
26 260 0.15724755437213195 0 0 0.13666110204273554 0.1466535542112177 0.12077409277418821 0.13578616398517035 0.14242596566739696 0.13865239530293255 0.14169587189511354 0.15647781943116654 0.14166777306809492 0.13594062000889787
27 270 0.14703792137818744 0 0 0.12644901162594027 0.13689098015933715 0.11378859638397092 0.12427224427141424 0.13227139224814763 0.12983881354706686 0.13178633752924607 0.14766674026560486 0.12773614653084814 0.12637142298609794
28 280 0.13770189676577563 0 0 0.11972409422824472 0.12730444965676718 0.10665949373504158 0.11618104964335699 0.12426747399830433 0.11984191142459492 0.11889814091113315 0.1396202761399148 0.11916584916120167 0.11702903218498434
29 290 0.13511577298384633 0 0 0.1187745202752029 0.12746617951614816 0.10626106451329896 0.11353708551257614 0.11666561091326043 0.1170209595543437 0.11102625269866749 0.1371833623748507 0.11577981839359151 0.11587903996991403
30 300 0.11950682794774739 0 0 0.10491480451572748 0.11282181083089822 0.09175484397422466 0.10064235853707881 0.10281435439150442 0.102275126304536 0.09659927565614729 0.12096844071052698 0.10110298247479069 0.10180080423974538
31 310 0.11093886075345455 0 0 0.09706481493536046 0.10492605376289764 0.0845561708703 0.09152531657075572 0.09534239045150444 0.09500316179646666 0.08826962677790591 0.11241788791608434 0.09320707842586737 0.09287598127890224
32 320 0.1071517880403585 0 0 0.09291438932021749 0.10221943789102642 0.08076885160720401 0.0890689501977354 0.09089384979375104 0.09224739303061989 0.08383271473221099 0.10876773503566797 0.08898779804548303 0.08771296866006781
33 330 0.09971956281285212 0 0 0.08544790915857323 0.09504029169601505 0.0745885174115667 0.08295967543001304 0.08313729099579044 0.08338065362164042 0.07834134593471305 0.09966521619355401 0.08254787749547311 0.08286387607890362
