% # columns="iteration, evaluation, sigma, max axis length,  min axis length, all principle axes lengths  (sorted square roots of eigenvalues of C)", seed=1025641, Wed Mar 11 15:56:15 2020
1 10 0.18620882029998154 1.0000450010125153 1.0 1.0 1.0000050000125 1.00001000005 1.0000150001125006 1.0000200002000015 1.0000250003125026 1.0000300004500045 1.0000350006125072 1.0000400008000108 1.0000450010125153
2 20 0.20415280497040106 1.070212065050521 0.921493815128378 0.921493815128378 0.9473947410538738 0.9615777067052392 0.9943073439236755 0.9975668117851485 1.0000873290770027 1.0019253226964484 1.0112516837434264 1.0413907221910272 1.070212065050521
3 30 0.23183156604857907 1.2284147911210168 0.9008392896451819 0.9008392896451819 0.932805110038958 0.948187588473645 0.959662349170774 0.9768058733696171 0.9960506656279238 1.0053047287946033 1.0091558084155867 1.0515312482804064 1.2284147911210168
4 40 0.27032827484584565 1.2814011711932898 0.8965924319219389 0.8965924319219389 0.9087616602554848 0.9267661420246407 0.9478963082520906 0.957218093085957 0.9823143838348878 1.0082157807864724 1.0120693611638425 1.0611299002347054 1.2814011711932898
5 50 0.2921216382967233 1.3114318150240356 0.8861389072176016 0.8861389072176016 0.9015651541296993 0.9170440998784537 0.9422073207518176 0.9521591974243626 0.9681206100735195 0.9988034075078586 1.017176580257161 1.052395228317039 1.3114318150240356
6 60 0.32733233694780345 1.3405854920113116 0.851340826723525 0.851340826723525 0.8979409967141085 0.9057921555000578 0.9381346551909259 0.9496182251508825 0.9694196906378745 0.9754765352184551 0.994375919566788 1.043881858809361 1.3405854920113116
7 70 0.37302009372651995 1.3528338291501556 0.8359305143052521 0.8359305143052521 0.8712855205616673 0.8995997676753695 0.922541992503758 0.9398050828469563 0.9579841860202645 0.9821598357929527 1.0164919145953424 1.0581437649366807 1.3528338291501556
8 80 0.452268189613292 1.3137748086121133 0.841796432918288 0.841796432918288 0.843132521857271 0.8988341846609035 0.9213756120554458 0.9315581165515259 0.9541004378169184 0.9822310259269015 1.0163115112324799 1.1755995413596705 1.3137748086121133
9 90 0.5475198466545053 1.3439633806644518 0.8234796519761423 0.8234796519761423 0.8287342042937692 0.891227375344765 0.9008087755773958 0.9437708351630235 0.9633983083870494 0.9801288154788921 1.0083722131603632 1.2085226185249374 1.3439633806644518
10 100 0.623631210914428 1.3867916213573281 0.7925547992026588 0.7925547992026588 0.8200721715526827 0.8700828399647785 0.8846557565769646 0.9181179160295074 0.9679421033642416 1.0178153195371622 1.021180682173781 1.2114884133679729 1.3867916213573281
11 110 0.6293136752927478 1.3529124329317481 0.796654517999325 0.796654517999325 0.813634157050223 0.8482159549471755 0.8685918210716087 0.938781250833718 0.9693028549786423 1.0015568209818326 1.0411468806459494 1.196094641528702 1.3529124329317481
12 120 0.6452251766789169 1.3214168435814229 0.7876325612201678 0.7876325612201678 0.7941796465395343 0.8327006922753082 0.8634801168234028 0.9233414841292972 0.985401652219874 0.9948394608152374 1.0437199139655797 1.1847602533522612 1.3214168435814229
13 130 0.6748171711800157 1.281823039607335 0.7696628087188295 0.7696628087188295 0.7863571809955803 0.8341186463573079 0.8484092496118611 0.9117377488877949 0.9723904646203338 1.0224929103784888 1.0716396362040015 1.165792964157061 1.281823039607335
14 140 0.685050493616063 1.2569173844979138 0.7622185151678973 0.7622185151678973 0.7738361662869755 0.8393105604247758 0.8611099044498925 0.916588455485138 0.9458255910571355 1.0539029901891996 1.0655072659407596 1.158212927743292 1.2569173844979138
15 150 0.6450764607153666 1.2510147357720787 0.7345469264143301 0.7345469264143301 0.7555149727355973 0.8373639769373281 0.8689813569557383 0.9082665927376955 0.9334035984217819 1.0546422955545371 1.076009523663959 1.1802838186649776 1.2510147357720787
16 160 0.558620556714639 1.2450747358440335 0.7170399052955521 0.7170399052955521 0.7464774957038699 0.8402121259040317 0.849595614515021 0.8992835708422698 0.9267104201904761 1.0472536375272 1.075635406377045 1.174666288429344 1.2450747358440335
17 170 0.5631133745415188 1.2422901631816636 0.701506360183187 0.701506360183187 0.7403967726831236 0.8269762550731112 0.8409030761302301 0.9058898707702883 0.9224451376761849 1.0021661645826057 1.0724876630852638 1.1547551577157424 1.2422901631816636
18 180 0.5260034354836212 1.2857203094944651 0.7215629474972581 0.7215629474972581 0.7430196849170936 0.8034491930410355 0.8204992402132714 0.8927487857697117 0.9146529564577822 1.0044676431565043 1.0676781631007508 1.1302662338951113 1.2857203094944651
19 190 0.5127340778677939 1.3100695079051725 0.6842028738680495 0.6842028738680495 0.7335374082235591 0.7907634844513788 0.8187617198406992 0.8855371989687174 0.9098453262696237 0.9790978920284295 1.0519014764712433 1.1322310326080989 1.3100695079051725
20 200 0.45046243087459586 1.3042133157480358 0.6713205375518192 0.6713205375518192 0.7514860131576401 0.7801340456785539 0.814944344924859 0.8534509733462033 0.9063607311066316 0.9860324150988854 1.0663981998502126 1.1088727097398805 1.3042133157480358
21 210 0.39850955141367556 1.2930492416706865 0.6592999549932009 0.6592999549932009 0.6987603009948287 0.7808341812648463 0.8053921909130777 0.8420531735644066 0.8924116634178835 0.987722373512539 1.0618514777397932 1.107922128385435 1.2930492416706865
22 220 0.3741196946897762 1.2782847807942428 0.6532040575904194 0.6532040575904194 0.6736608535312301 0.7788705510464812 0.797837529182122 0.8327410964782549 0.8970649197149505 0.9437168953627055 1.0724957938062547 1.1075291298462966 1.2782847807942428
23 230 0.35116419880167576 1.2564364364960214 0.6538468040597766 0.6538468040597766 0.6640285458519846 0.7723404761123487 0.7899596278728248 0.8404319634315113 0.8770973961689907 0.9262891884205937 1.0424097672126225 1.1177391727985282 1.2564364364960214
24 240 0.30247428360938505 1.2495133073158857 0.6464371919857504 0.6464371919857504 0.6633851971438653 0.7391377033497216 0.7765127754228115 0.8406597651971655 0.8776105109683432 0.9269974193475945 1.030073558415058 1.1052911837809356 1.2495133073158857
25 250 0.2754320824603949 1.247258212325706 0.63454497706792 0.63454497706792 0.6528173725933211 0.7247952171196891 0.762064858088677 0.8156408443738975 0.8750038906465245 0.908248113203164 1.0279219629549892 1.0906679835680853 1.247258212325706
26 260 0.2747072167983046 1.2431774457917715 0.6351915497404679 0.6351915497404679 0.6416987544238989 0.7026461672782155 0.7641903108542127 0.8004039355164592 0.8504475537406067 0.9116940775119347 1.0120915407833573 1.0865062493720083 1.2431774457917715
27 270 0.25721227232666966 1.2176744798969708 0.6284240057122134 0.6284240057122134 0.6416935798527957 0.6995653056904748 0.7763251079157745 0.7975635742608921 0.8464746804282803 0.9225711354715326 1.0033196721257025 1.080162890182168 1.2176744798969708
28 280 0.22815878871219125 1.225218935892439 0.5958392285049956 0.5958392285049956 0.6394531211514287 0.7002884014319787 0.7568948487180939 0.7981430087702539 0.8349586130535834 0.9129301804350681 0.9983309592685984 1.0915106931521465 1.225218935892439
29 290 0.21555643575567546 1.2208783298057633 0.583081042482145 0.583081042482145 0.6313986679424383 0.700988505916725 0.749444230286544 0.7870408049462139 0.81941393189254 0.9134572307445213 0.9751143484005861 1.0769824093455338 1.2208783298057633
30 300 0.21270955140131959 1.2418054504426441 0.5733236985079372 0.5733236985079372 0.6107129614702679 0.6682909595448071 0.7505981303321568 0.7843873741205152 0.8113588204448465 0.9322595446659796 0.977893235679648 1.06959741143932 1.2418054504426441
31 310 0.19811121479634436 1.2451275605682264 0.556672815948897 0.556672815948897 0.6069417256721735 0.6728318542614058 0.7582009256928304 0.7781590426760175 0.8312955723632047 0.9397802030686258 0.9537739188662328 1.0206757612977972 1.2451275605682264
32 320 0.18899265187012557 1.2488498162929884 0.5518817464397272 0.5518817464397272 0.6064767721757658 0.6785852994836278 0.7431584642076323 0.7632066052755224 0.8132286296370319 0.9311789692513971 0.9398635981368261 1.0117835053838113 1.2488498162929884
33 330 0.17827055083049065 1.3028225709579233 0.552132751969159 0.552132751969159 0.5779046702873917 0.6751007753019039 0.7511298704055269 0.7624164375123529 0.8045152607443571 0.8864029271536437 0.9347165014233598 1.0110453156257537 1.3028225709579233
34 340 0.1698895648542155 1.3041046851999019 0.5442766259908882 0.5442766259908882 0.5771916165143685 0.6658160547488347 0.7282694888859585 0.7514051975030639 0.7924925980596581 0.8821913838584844 0.9337642582371694 1.0051659682315452 1.3041046851999019
35 350 0.15052230649659334 1.3031249775114715 0.5543419867068469 0.5543419867068469 0.5607741162136413 0.6625413960222909 0.7127059526178763 0.7435464882413968 0.7710107806606463 0.8935340329085808 0.9336965633329302 1.0005608906402375 1.3031249775114715
36 360 0.141977282853773 1.280404143036468 0.5458567644011023 0.5458567644011023 0.5559145728225942 0.6720213832335813 0.6942900566281034 0.7079110284111245 0.7697653666389064 0.8839652085563332 0.9336474662604539 1.0093014105749385 1.280404143036468
37 370 0.13457735473510354 1.283465291705597 0.529617869996172 0.529617869996172 0.5432212867331712 0.6633844241624184 0.6785127685656397 0.7026911371012612 0.7598243790220549 0.8750672364052967 0.9353024329059905 1.0095870209641415 1.283465291705597
38 380 0.12343447050300728 1.225109747984016 0.5249378511740754 0.5249378511740754 0.5487417153671009 0.6692709742139896 0.6838041143556516 0.6983380639872431 0.7638657510376016 0.8594119268318663 0.9014864997175995 1.0133118490343653 1.225109747984016
39 390 0.10793563826293243 1.2075046293834986 0.49937850698065395 0.49937850698065395 0.5505236943255358 0.6690653888848129 0.6858454148738627 0.69767813230746 0.7640945050121637 0.8461584817189949 0.8778311305059169 1.016515141219992 1.2075046293834986
