% # columns="iteration, evaluation, min max(neg(.)) min(pos(.)) max correlation, correlation matrix principle axes lengths  (sorted square roots of eigenvalues of correlation matrix)", seed=1025641, Wed Mar 11 15:56:15 2020
1 10 -0.051946653621451414 -0.01570220431185846 0.020495168313104 0.05705146345770469 0.9285902247253357 0.9557329418911851 0.9693342818959935 0.9931805772047055 1.0011032084573315 1.0030725366604647 1.015658997053548 1.020909600839475 1.035675996386485 1.0693323153603285
2 20 -0.09930709220464617 -0.02289843787758568 0.04702264962493202 0.12084068162882557 0.9285902247253357 0.9557329418911851 0.9693342818959935 0.9931805772047055 1.0011032084573315 1.0030725366604647 1.015658997053548 1.020909600839475 1.035675996386485 1.0693323153603285
3 30 -0.10550774460443667 -0.011012743361652975 0.06236561586584955 0.16672948915273889 0.9285902247253357 0.9557329418911851 0.9693342818959935 0.9931805772047055 1.0011032084573315 1.0030725366604647 1.015658997053548 1.020909600839475 1.035675996386485 1.0693323153603285
4 40 -0.12478393586638495 -0.0013420080573836681 0.07685731280286483 0.18366629453869798 0.9285902247253357 0.9557329418911851 0.9693342818959935 0.9931805772047055 1.0011032084573315 1.0030725366604647 1.015658997053548 1.020909600839475 1.035675996386485 1.0693323153603285
5 50 -0.12298730298010518 -0.012522091107098822 0.0868519823681016 0.1999818619387053 0.9285902247253357 0.9557329418911851 0.9693342818959935 0.9931805772047055 1.0011032084573315 1.0030725366604647 1.015658997053548 1.020909600839475 1.035675996386485 1.0693323153603285
6 60 -0.12427090681517793 -0.012566876203442243 0.07934823851544973 0.2039682933044922 0.9285902247253357 0.9557329418911851 0.9693342818959935 0.9931805772047055 1.0011032084573315 1.0030725366604647 1.015658997053548 1.020909600839475 1.035675996386485 1.0693323153603285
7 70 -0.155253876479841 -0.0019755860232275714 0.09875719645931988 0.1991092741210836 0.9285902247253357 0.9557329418911851 0.9693342818959935 0.9931805772047055 1.0011032084573315 1.0030725366604647 1.015658997053548 1.020909600839475 1.035675996386485 1.0693323153603285
8 80 -0.16133341910057414 -0.010308818141715219 0.11031512655329645 0.24005025136741492 0.9285902247253357 0.9557329418911851 0.9693342818959935 0.9931805772047055 1.0011032084573315 1.0030725366604647 1.015658997053548 1.020909600839475 1.035675996386485 1.0693323153603285
9 90 -0.19015627763577142 -0.021148844704116605 0.12061770964488878 0.2628016986496638 0.9285902247253357 0.9557329418911851 0.9693342818959935 0.9931805772047055 1.0011032084573315 1.0030725366604647 1.015658997053548 1.020909600839475 1.035675996386485 1.0693323153603285
10 100 -0.17817082607905552 -0.012943087602697734 0.1159585019359558 0.27151883946380456 0.9285902247253357 0.9557329418911851 0.9693342818959935 0.9931805772047055 1.0011032084573315 1.0030725366604647 1.015658997053548 1.020909600839475 1.035675996386485 1.0693323153603285
11 110 -0.18950598170678773 -0.0124860245047732 0.12888868447953383 0.2590111437685673 0.7941865866062882 0.8263657638931503 0.849993006782238 0.9062864474865716 0.9328095444271811 0.9787534837147094 1.029534046982046 1.0727868397412077 1.1845623620232106 1.304013833686634
12 120 -0.1851573972814903 -0.013474525531914257 0.11717172192097278 0.24772493770966159 0.7941865866062882 0.8263657638931503 0.849993006782238 0.9062864474865716 0.9328095444271811 0.9787534837147094 1.029534046982046 1.0727868397412077 1.1845623620232106 1.304013833686634
13 130 -0.14640332350121996 0.0058698563752995845 0.12803747798260745 0.25743258659968876 0.7941865866062882 0.8263657638931503 0.849993006782238 0.9062864474865716 0.9328095444271811 0.9787534837147094 1.029534046982046 1.0727868397412077 1.1845623620232106 1.304013833686634
14 140 -0.11218926286767683 8.585724745876913e-05 0.13564611780143862 0.32175209603880284 0.7941865866062882 0.8263657638931503 0.849993006782238 0.9062864474865716 0.9328095444271811 0.9787534837147094 1.029534046982046 1.0727868397412077 1.1845623620232106 1.304013833686634
15 150 -0.12231537118312787 0.0020350125586838883 0.13726653410811232 0.35112195538377233 0.7941865866062882 0.8263657638931503 0.849993006782238 0.9062864474865716 0.9328095444271811 0.9787534837147094 1.029534046982046 1.0727868397412077 1.1845623620232106 1.304013833686634
16 160 -0.11755432572634517 0.0016434441052631638 0.1286318602262128 0.35287143310575786 0.7941865866062882 0.8263657638931503 0.849993006782238 0.9062864474865716 0.9328095444271811 0.9787534837147094 1.029534046982046 1.0727868397412077 1.1845623620232106 1.304013833686634
17 170 -0.08399504240021215 0.02292588507912652 0.14851155928058976 0.32526336056010746 0.7941865866062882 0.8263657638931503 0.849993006782238 0.9062864474865716 0.9328095444271811 0.9787534837147094 1.029534046982046 1.0727868397412077 1.1845623620232106 1.304013833686634
18 180 -0.13246959068488845 0.02119254539581575 0.15476438747811214 0.3643519227133087 0.7941865866062882 0.8263657638931503 0.849993006782238 0.9062864474865716 0.9328095444271811 0.9787534837147094 1.029534046982046 1.0727868397412077 1.1845623620232106 1.304013833686634
19 190 -0.11944110464751352 0.011301750500102762 0.1578357964955927 0.38848730223316186 0.7941865866062882 0.8263657638931503 0.849993006782238 0.9062864474865716 0.9328095444271811 0.9787534837147094 1.029534046982046 1.0727868397412077 1.1845623620232106 1.304013833686634
20 200 -0.1307193894164383 0.009658407406919487 0.15197483622508118 0.4042899250775137 0.7941865866062882 0.8263657638931503 0.849993006782238 0.9062864474865716 0.9328095444271811 0.9787534837147094 1.029534046982046 1.0727868397412077 1.1845623620232106 1.304013833686634
21 210 -0.13527946587607362 0.016449004409545036 0.1553966139843816 0.39935839769393805 0.7260708038716166 0.7402047544516258 0.8380602497866823 0.8850884341342591 0.8893625094806493 0.9800940545927749 1.0218302697471457 1.1542161634760433 1.1759401988965292 1.3886879268007508
22 220 -0.115135413181196 0.0005522416022675271 0.1634943543011163 0.3686358034246212 0.7260708038716166 0.7402047544516258 0.8380602497866823 0.8850884341342591 0.8893625094806493 0.9800940545927749 1.0218302697471457 1.1542161634760433 1.1759401988965292 1.3886879268007508
23 230 -0.11023066752716369 0.006286800320231161 0.16296133672189092 0.38092978365678093 0.7260708038716166 0.7402047544516258 0.8380602497866823 0.8850884341342591 0.8893625094806493 0.9800940545927749 1.0218302697471457 1.1542161634760433 1.1759401988965292 1.3886879268007508
24 240 -0.10628527750908257 0.016023744077647648 0.1698610816150955 0.3809550771037518 0.7260708038716166 0.7402047544516258 0.8380602497866823 0.8850884341342591 0.8893625094806493 0.9800940545927749 1.0218302697471457 1.1542161634760433 1.1759401988965292 1.3886879268007508
25 250 -0.10385226837498554 0.010003422562184281 0.16452064154679566 0.3807709604769696 0.7260708038716166 0.7402047544516258 0.8380602497866823 0.8850884341342591 0.8893625094806493 0.9800940545927749 1.0218302697471457 1.1542161634760433 1.1759401988965292 1.3886879268007508
26 260 -0.11017727471743834 -0.010059017414327992 0.15219139513251634 0.34963489782220675 0.7260708038716166 0.7402047544516258 0.8380602497866823 0.8850884341342591 0.8893625094806493 0.9800940545927749 1.0218302697471457 1.1542161634760433 1.1759401988965292 1.3886879268007508
27 270 -0.11413630579836676 -0.008686697335400551 0.16365944020275774 0.3555466270848685 0.7260708038716166 0.7402047544516258 0.8380602497866823 0.8850884341342591 0.8893625094806493 0.9800940545927749 1.0218302697471457 1.1542161634760433 1.1759401988965292 1.3886879268007508
28 280 -0.08981322080813535 0.00689243607756213 0.17848339753380563 0.35248280810400057 0.7260708038716166 0.7402047544516258 0.8380602497866823 0.8850884341342591 0.8893625094806493 0.9800940545927749 1.0218302697471457 1.1542161634760433 1.1759401988965292 1.3886879268007508
29 290 -0.11529985330838001 0.02086674765114015 0.18731683549990066 0.3780436401297047 0.7260708038716166 0.7402047544516258 0.8380602497866823 0.8850884341342591 0.8893625094806493 0.9800940545927749 1.0218302697471457 1.1542161634760433 1.1759401988965292 1.3886879268007508
30 300 -0.07766443494016614 0.034341398682791596 0.17711475215568756 0.4027421872150484 0.7260708038716166 0.7402047544516258 0.8380602497866823 0.8850884341342591 0.8893625094806493 0.9800940545927749 1.0218302697471457 1.1542161634760433 1.1759401988965292 1.3886879268007508
31 310 -0.09467416385376178 0.037239569570363944 0.16792654206880112 0.4243371156148227 0.6596751864685872 0.7386302438133354 0.8004530535707784 0.8990728651332766 0.9163626084446292 0.9832819283970049 1.0550407613057091 1.0827045545899243 1.1470062192926413 1.4705950139254085
32 320 -0.06405599896676206 0.0648797253384662 0.19772394754588343 0.4681355726343063 0.6596751864685872 0.7386302438133354 0.8004530535707784 0.8990728651332766 0.9163626084446292 0.9832819283970049 1.0550407613057091 1.0827045545899243 1.1470062192926413 1.4705950139254085
33 330 -0.0865582031039821 0.0683739439023741 0.20396180266448816 0.4656152826325932 0.6596751864685872 0.7386302438133354 0.8004530535707784 0.8990728651332766 0.9163626084446292 0.9832819283970049 1.0550407613057091 1.0827045545899243 1.1470062192926413 1.4705950139254085
34 340 -0.07069896461631252 0.05711248227296875 0.21099514798606273 0.4801669456045818 0.6596751864685872 0.7386302438133354 0.8004530535707784 0.8990728651332766 0.9163626084446292 0.9832819283970049 1.0550407613057091 1.0827045545899243 1.1470062192926413 1.4705950139254085
35 350 -0.09148244359869429 0.06721831052354688 0.22413904423957443 0.46872723079890954 0.6596751864685872 0.7386302438133354 0.8004530535707784 0.8990728651332766 0.9163626084446292 0.9832819283970049 1.0550407613057091 1.0827045545899243 1.1470062192926413 1.4705950139254085
36 360 -0.10377692225724779 0.05224362026185368 0.2182474893420678 0.49054219044832237 0.6596751864685872 0.7386302438133354 0.8004530535707784 0.8990728651332766 0.9163626084446292 0.9832819283970049 1.0550407613057091 1.0827045545899243 1.1470062192926413 1.4705950139254085
37 370 -0.07574053422143888 0.03901596313095069 0.2023982151048635 0.45407310751292024 0.6596751864685872 0.7386302438133354 0.8004530535707784 0.8990728651332766 0.9163626084446292 0.9832819283970049 1.0550407613057091 1.0827045545899243 1.1470062192926413 1.4705950139254085
38 380 -0.0783904166680416 0.03071350371674155 0.18820833681878912 0.44462231888137094 0.6596751864685872 0.7386302438133354 0.8004530535707784 0.8990728651332766 0.9163626084446292 0.9832819283970049 1.0550407613057091 1.0827045545899243 1.1470062192926413 1.4705950139254085
39 390 -0.05810455852601444 0.024430220399090354 0.21173986311630108 0.4464080735561685 0.6596751864685872 0.7386302438133354 0.8004530535707784 0.8990728651332766 0.9163626084446292 0.9832819283970049 1.0550407613057091 1.0827045545899243 1.1470062192926413 1.4705950139254085
