% # columns="iteration, evaluation, sigma, void, void,  stds==sigma*sqrt(diag(C))", seed=989062, Wed Mar 11 15:56:17 2020, <python>{}</python>
1 10 0.20123910356994143 0 0 0.19913741913136596 0.21073316450302407 0.200176230057765 0.2027811664873249 0.20052500870355539 0.19959058836851776 0.19834615545647646 0.19940397040270208 0.20630597766272218 0.20143869515792015
2 20 0.2082028778282683 0 0 0.195994424032506 0.21618116389111142 0.20837451180801791 0.2107760154316223 0.20911262316465531 0.20973077302068743 0.20519023605870987 0.20688442240791013 0.21507654333149828 0.218589552478423
3 30 0.23418348023506017 0 0 0.226258126919796 0.23855102389687485 0.23346628488439558 0.2342928575717724 0.23648086866060425 0.23585381957992974 0.2351328238386991 0.23497241315232165 0.24863356512156723 0.2574822606587387
4 40 0.2571589159463288 0 0 0.25552048872982946 0.2700951346304602 0.2525866748682922 0.2532158338616102 0.264650329364901 0.25924082883343413 0.2560492673892499 0.25428142147238636 0.2786787924381327 0.2847772555186563
5 50 0.3014880652563396 0 0 0.3005420315056953 0.31969782031820904 0.30288256679882847 0.29855576495977715 0.31128448668732345 0.30258382214284985 0.3039316254553131 0.301033445578043 0.32338797144027814 0.3410393278425458
6 60 0.3650551579774393 0 0 0.34469842314017807 0.3992311754919228 0.36844844528616566 0.35965434455531503 0.37767808671018044 0.36467308047370983 0.3705462983835156 0.368982662570918 0.3958147206743493 0.41631421121698986
7 70 0.3912294335602602 0 0 0.3697545283764469 0.42370471003298527 0.3879057480888609 0.3865508490254865 0.4040025626196785 0.3783726035602962 0.38655468893485656 0.39748321273717424 0.42710200639395113 0.44367767359804156
8 80 0.42768831180969047 0 0 0.401719947858035 0.45930349761110373 0.4326480127240381 0.41949515593494885 0.44084972116721594 0.4160447522128306 0.40949119984882315 0.41963341202388815 0.4850424762263817 0.48103267140407785
9 90 0.468490798506553 0 0 0.43848542417518727 0.48966309405164166 0.47024540632374767 0.4505009846851946 0.48812604994441644 0.4622325931446777 0.4664427527545438 0.46692347199178397 0.5520936503093418 0.531683181407623
10 100 0.48871660108198056 0 0 0.45758639807580803 0.5006159588812236 0.48987523363084523 0.4552880477169585 0.5079109135827689 0.5025974903260866 0.49688745519886357 0.4903291352374519 0.5565460004211431 0.5471934068057995
11 110 0.4955182016682868 0 0 0.4462089536897071 0.5067444345667997 0.49627884502756714 0.45942009334237066 0.5325481814742077 0.5159530497883413 0.5035270091097285 0.49123345111129935 0.5426425020378083 0.5341155084422873
12 120 0.4762590629674623 0 0 0.43325618314610936 0.4832720893612489 0.4762893789268853 0.43019663994467316 0.5185260048959888 0.4884294219125151 0.48756324535313145 0.4605202702143987 0.5091507866185566 0.513950963580497
13 130 0.4652046348313687 0 0 0.4248428293726163 0.4711320337971933 0.4590780387351939 0.3948590989603468 0.5253290566381977 0.4720358617891741 0.46802486324134585 0.442505098504483 0.499509267182667 0.5024973013636457
14 140 0.45482609742140245 0 0 0.4186656564841278 0.45200900295407914 0.4438113614584334 0.3805096665836397 0.5074424689433971 0.4610813919962309 0.45305675451362426 0.4243191398899774 0.47971001773629085 0.4858543255738119
15 150 0.4195344809775691 0 0 0.38996781738970926 0.4158872358555724 0.40991570657408 0.35142832966880083 0.4608586376425436 0.422607048108534 0.41297070519222673 0.3864044128883569 0.445436473803222 0.43662306808332674
16 160 0.40572106155084864 0 0 0.3801830849327202 0.39231707529059184 0.38837072008352136 0.3396201678960956 0.4447465006533703 0.40037048198340563 0.39777424585901366 0.37062894819393855 0.40924624980979224 0.4149057154444481
17 170 0.39410909276700257 0 0 0.36636222753578646 0.3776486480890849 0.37181135285812844 0.3347743472348484 0.42752607909229556 0.38170822565307977 0.39048137274771316 0.34280601321362886 0.3995294326730398 0.3938924523182591
18 180 0.40055849332914023 0 0 0.3792193205204527 0.38162474328557033 0.3860622826785014 0.3404417739625014 0.43258771691879855 0.38384935549300603 0.396578004022061 0.34894362725693523 0.39661728049637707 0.39682070846189416
19 190 0.4029174563480039 0 0 0.37837544079939966 0.3787633889962275 0.39162419940036447 0.33586373634783595 0.4353910744242265 0.3826584040637057 0.38777099062245396 0.35540837056332425 0.3966427878040455 0.4079395899440911
20 200 0.3772202765297467 0 0 0.34996472276282786 0.35090094642773056 0.35833260706230624 0.31339786983761464 0.4124426907076584 0.3545138140805583 0.36181602952210834 0.3336741544577474 0.3580426816142772 0.3763897052318912
21 210 0.3346428849377841 0 0 0.3128077679376443 0.3029707674483997 0.3075306301152872 0.2747434879453702 0.3693723512006862 0.30375296123907214 0.3231622773131684 0.29351489938762776 0.3157998263931719 0.3333351307433568
22 220 0.3226651604401279 0 0 0.30124900766896257 0.28713461005884733 0.28809785002913774 0.26634002497037085 0.3532028440088197 0.29469036289802464 0.31017215379264956 0.27384083032152706 0.30477707790580966 0.3274975274431945
23 230 0.2934506719237712 0 0 0.2627423002055385 0.26161961125286487 0.25712063119184103 0.23823534042354183 0.31502050580977903 0.2676788210731857 0.28114406346365556 0.24804187625842072 0.27605141386707654 0.29846791665363304
24 240 0.2716014289634461 0 0 0.23697679033494815 0.23838450985073464 0.23421593021795248 0.21394610088402083 0.2898361532227912 0.25035150111862214 0.25782664661739624 0.2327031740973674 0.25659883443680914 0.27581472946214974
25 250 0.25372650498079347 0 0 0.2209874598369062 0.22305146354114727 0.21710848051727985 0.19900813591714073 0.2587659286561516 0.23593096604902622 0.24185277993732532 0.2157912751152042 0.2393154851961036 0.2586693768577358
26 260 0.22976277497052053 0 0 0.1995082883106167 0.19971716819026264 0.18897680363043057 0.17809750722993248 0.23115128160672305 0.21087044138079136 0.21272859901956415 0.19494885143659343 0.21332361705853448 0.22994727714589253
27 270 0.21652813245395122 0 0 0.18812871761431788 0.18839679170608134 0.17522483834098637 0.1636787309435386 0.2173348337787967 0.1977999719645454 0.19764073453060213 0.18191761342585197 0.1985931091518324 0.21521479317404607
28 280 0.19338671648563685 0 0 0.1709041380061475 0.16718079928609397 0.15303161146288083 0.14685887460062572 0.19107867793443645 0.1778572460831598 0.171058805698909 0.16021210586792217 0.17506741444023807 0.19047990947041785
29 290 0.1696278663180077 0 0 0.14773886846622292 0.14726010434990192 0.13087592618339228 0.12767385686289304 0.1624475166694963 0.15440785680320482 0.15071011191898298 0.1392253910761342 0.1505356237712893 0.16526522580918956
30 300 0.15865726555511414 0 0 0.13580911239295707 0.13457060678333055 0.12115618435017093 0.11575853716545167 0.15296877287202224 0.1467357612180802 0.13942264631230564 0.12905761112746852 0.14214828291085962 0.15690697586870603
31 310 0.15142734673444805 0 0 0.1267828482780097 0.12428851702530606 0.11793760625451076 0.11065031758157684 0.146890303505283 0.1367106903344807 0.133230151234073 0.12149632353892248 0.1337673047434678 0.14815719494550147
32 320 0.14714415107992201 0 0 0.12108891235491895 0.11896750003522996 0.11480098149890655 0.1078347443655038 0.14270397810697155 0.13000703197244895 0.1314865050694864 0.1170478497941346 0.12526985928207518 0.1421153179322174
33 330 0.13751268729111754 0 0 0.10992773621838646 0.11361349307961768 0.10589784020837754 0.10063869060360474 0.12967307690652616 0.12106971801540377 0.12217764441993681 0.1082211596402527 0.11679994333019224 0.13234732712021466
34 340 0.12863404216798213 0 0 0.10326660327807387 0.10492155113603271 0.09943395898306963 0.09536151358803135 0.1207339842644468 0.11260272282226913 0.11297409447350372 0.10027888385337519 0.10694956348022498 0.12081149653909033
35 350 0.12542711102837256 0 0 0.10159596325787848 0.10153078320181236 0.094915305212308 0.09214136183639489 0.11673191981677136 0.10948478573601567 0.11034227769565949 0.0985072161910453 0.10409107018137095 0.11644537697997162
36 360 0.11748742195383707 0 0 0.09654040483997622 0.096085534001435 0.08890927374987857 0.08572170290864886 0.10690122350879953 0.10101337605179388 0.10168087251744293 0.09095008499929452 0.09640612973244203 0.10700960594528892
37 370 0.10779373284557825 0 0 0.09064708909306061 0.08841378031244485 0.08090767591891097 0.0794001162457198 0.09270637157742989 0.09125978679017423 0.09417034867250011 0.08092745039037985 0.08611260558825794 0.09867594295306659
