% # columns="iteration, evaluation, min max(neg(.)) min(pos(.)) max correlation, correlation matrix principle axes lengths  (sorted square roots of eigenvalues of correlation matrix)", seed=981111, Wed Mar 11 16:01:03 2020
1 10 -0.06444394516745594 -0.015909344641618084 0.020003945092092367 0.060960257276026136 0.9357490113698689 0.9669219906480442 0.9810904794085218 0.9856736160972719 0.9884042318971443 0.9961911547592546 0.9996734379338421 1.0193635713907965 1.0424687003661124 1.0774111743342862
2 20 -0.06444394516745594 -0.015909344641618084 0.020003945092092367 0.060960257276026136 0.9357490113698689 0.9669219906480442 0.9810904794085218 0.9856736160972719 0.9884042318971443 0.9961911547592546 0.9996734379338421 1.0193635713907965 1.0424687003661124 1.0774111743342862
3 30 -0.06444394516745594 -0.015909344641618084 0.020003945092092367 0.060960257276026136 0.9357490113698689 0.9669219906480442 0.9810904794085218 0.9856736160972719 0.9884042318971443 0.9961911547592546 0.9996734379338421 1.0193635713907965 1.0424687003661124 1.0774111743342862
4 40 -0.06444394516745594 -0.015909344641618084 0.020003945092092367 0.060960257276026136 0.9357490113698689 0.9669219906480442 0.9810904794085218 0.9856736160972719 0.9884042318971443 0.9961911547592546 0.9996734379338421 1.0193635713907965 1.0424687003661124 1.0774111743342862
5 50 -0.06444394516745594 -0.015909344641618084 0.020003945092092367 0.060960257276026136 0.9357490113698689 0.9669219906480442 0.9810904794085218 0.9856736160972719 0.9884042318971443 0.9961911547592546 0.9996734379338421 1.0193635713907965 1.0424687003661124 1.0774111743342862
6 60 -0.06444394516745594 -0.015909344641618084 0.020003945092092367 0.060960257276026136 0.9357490113698689 0.9669219906480442 0.9810904794085218 0.9856736160972719 0.9884042318971443 0.9961911547592546 0.9996734379338421 1.0193635713907965 1.0424687003661124 1.0774111743342862
7 70 -0.06444394516745594 -0.015909344641618084 0.020003945092092367 0.060960257276026136 0.9357490113698689 0.9669219906480442 0.9810904794085218 0.9856736160972719 0.9884042318971443 0.9961911547592546 0.9996734379338421 1.0193635713907965 1.0424687003661124 1.0774111743342862
8 80 -0.06444394516745594 -0.015909344641618084 0.020003945092092367 0.060960257276026136 0.9357490113698689 0.9669219906480442 0.9810904794085218 0.9856736160972719 0.9884042318971443 0.9961911547592546 0.9996734379338421 1.0193635713907965 1.0424687003661124 1.0774111743342862
9 90 -0.06444394516745594 -0.015909344641618084 0.020003945092092367 0.060960257276026136 0.9357490113698689 0.9669219906480442 0.9810904794085218 0.9856736160972719 0.9884042318971443 0.9961911547592546 0.9996734379338421 1.0193635713907965 1.0424687003661124 1.0774111743342862
10 100 -0.06444394516745594 -0.015909344641618084 0.020003945092092367 0.060960257276026136 0.9357490113698689 0.9669219906480442 0.9810904794085218 0.9856736160972719 0.9884042318971443 0.9961911547592546 0.9996734379338421 1.0193635713907965 1.0424687003661124 1.0774111743342862
11 110 -0.254711291686053 -0.13876574206934403 -0.014749794445803523 0.11684631422288587 0.5473122686891151 0.8856599812067186 0.8975940567590082 0.9442341424106535 0.9747797790675601 1.017258667799856 1.0659216050616243 1.1152668563158157 1.1762351324618612 1.2125401193956387
12 120 -0.254711291686053 -0.13876574206934403 -0.014749794445803523 0.11684631422288587 0.5473122686891151 0.8856599812067186 0.8975940567590082 0.9442341424106535 0.9747797790675601 1.017258667799856 1.0659216050616243 1.1152668563158157 1.1762351324618612 1.2125401193956387
13 130 -0.254711291686053 -0.13876574206934403 -0.014749794445803523 0.11684631422288587 0.5473122686891151 0.8856599812067186 0.8975940567590082 0.9442341424106535 0.9747797790675601 1.017258667799856 1.0659216050616243 1.1152668563158157 1.1762351324618612 1.2125401193956387
14 140 -0.254711291686053 -0.13876574206934403 -0.014749794445803523 0.11684631422288587 0.5473122686891151 0.8856599812067186 0.8975940567590082 0.9442341424106535 0.9747797790675601 1.017258667799856 1.0659216050616243 1.1152668563158157 1.1762351324618612 1.2125401193956387
15 150 -0.254711291686053 -0.13876574206934403 -0.014749794445803523 0.11684631422288587 0.5473122686891151 0.8856599812067186 0.8975940567590082 0.9442341424106535 0.9747797790675601 1.017258667799856 1.0659216050616243 1.1152668563158157 1.1762351324618612 1.2125401193956387
16 160 -0.254711291686053 -0.13876574206934403 -0.014749794445803523 0.11684631422288587 0.5473122686891151 0.8856599812067186 0.8975940567590082 0.9442341424106535 0.9747797790675601 1.017258667799856 1.0659216050616243 1.1152668563158157 1.1762351324618612 1.2125401193956387
17 170 -0.254711291686053 -0.13876574206934403 -0.014749794445803523 0.11684631422288587 0.5473122686891151 0.8856599812067186 0.8975940567590082 0.9442341424106535 0.9747797790675601 1.017258667799856 1.0659216050616243 1.1152668563158157 1.1762351324618612 1.2125401193956387
18 180 -0.254711291686053 -0.13876574206934403 -0.014749794445803523 0.11684631422288587 0.5473122686891151 0.8856599812067186 0.8975940567590082 0.9442341424106535 0.9747797790675601 1.017258667799856 1.0659216050616243 1.1152668563158157 1.1762351324618612 1.2125401193956387
19 190 -0.254711291686053 -0.13876574206934403 -0.014749794445803523 0.11684631422288587 0.5473122686891151 0.8856599812067186 0.8975940567590082 0.9442341424106535 0.9747797790675601 1.017258667799856 1.0659216050616243 1.1152668563158157 1.1762351324618612 1.2125401193956387
20 200 -0.254711291686053 -0.13876574206934403 -0.014749794445803523 0.11684631422288587 0.5473122686891151 0.8856599812067186 0.8975940567590082 0.9442341424106535 0.9747797790675601 1.017258667799856 1.0659216050616243 1.1152668563158157 1.1762351324618612 1.2125401193956387
21 210 -0.27674885319675335 -0.1399590741424034 -0.012515588740596842 0.07203087238805705 0.5191956626591964 0.8557283925765361 0.8923737735491748 0.952702713402998 0.9688964025962721 1.0406774796133307 1.0594651751312614 1.123761840174347 1.1400989771791523 1.259876464626265
22 220 -0.27674885319675335 -0.1399590741424034 -0.012515588740596842 0.07203087238805705 0.5191956626591964 0.8557283925765361 0.8923737735491748 0.952702713402998 0.9688964025962721 1.0406774796133307 1.0594651751312614 1.123761840174347 1.1400989771791523 1.259876464626265
23 230 -0.27674885319675335 -0.1399590741424034 -0.012515588740596842 0.07203087238805705 0.5191956626591964 0.8557283925765361 0.8923737735491748 0.952702713402998 0.9688964025962721 1.0406774796133307 1.0594651751312614 1.123761840174347 1.1400989771791523 1.259876464626265
24 240 -0.27674885319675335 -0.1399590741424034 -0.012515588740596842 0.07203087238805705 0.5191956626591964 0.8557283925765361 0.8923737735491748 0.952702713402998 0.9688964025962721 1.0406774796133307 1.0594651751312614 1.123761840174347 1.1400989771791523 1.259876464626265
25 250 -0.27674885319675335 -0.1399590741424034 -0.012515588740596842 0.07203087238805705 0.5191956626591964 0.8557283925765361 0.8923737735491748 0.952702713402998 0.9688964025962721 1.0406774796133307 1.0594651751312614 1.123761840174347 1.1400989771791523 1.259876464626265
26 260 -0.27674885319675335 -0.1399590741424034 -0.012515588740596842 0.07203087238805705 0.5191956626591964 0.8557283925765361 0.8923737735491748 0.952702713402998 0.9688964025962721 1.0406774796133307 1.0594651751312614 1.123761840174347 1.1400989771791523 1.259876464626265
27 270 -0.27674885319675335 -0.1399590741424034 -0.012515588740596842 0.07203087238805705 0.5191956626591964 0.8557283925765361 0.8923737735491748 0.952702713402998 0.9688964025962721 1.0406774796133307 1.0594651751312614 1.123761840174347 1.1400989771791523 1.259876464626265
28 280 -0.27674885319675335 -0.1399590741424034 -0.012515588740596842 0.07203087238805705 0.5191956626591964 0.8557283925765361 0.8923737735491748 0.952702713402998 0.9688964025962721 1.0406774796133307 1.0594651751312614 1.123761840174347 1.1400989771791523 1.259876464626265
29 290 -0.27674885319675335 -0.1399590741424034 -0.012515588740596842 0.07203087238805705 0.5191956626591964 0.8557283925765361 0.8923737735491748 0.952702713402998 0.9688964025962721 1.0406774796133307 1.0594651751312614 1.123761840174347 1.1400989771791523 1.259876464626265
30 300 -0.27674885319675335 -0.1399590741424034 -0.012515588740596842 0.07203087238805705 0.5191956626591964 0.8557283925765361 0.8923737735491748 0.952702713402998 0.9688964025962721 1.0406774796133307 1.0594651751312614 1.123761840174347 1.1400989771791523 1.259876464626265
31 310 -0.2449903581624104 -0.14131689626260086 0.029273136680754073 0.15961688373382515 0.6489577705760033 0.782618165672286 0.8731486315824762 0.9044023126733919 0.9538849912223745 0.9898276586601554 1.0592057288371917 1.0940298211093835 1.2003277027214359 1.3178659085957154
32 320 -0.2449903581624104 -0.14131689626260086 0.029273136680754073 0.15961688373382515 0.6489577705760033 0.782618165672286 0.8731486315824762 0.9044023126733919 0.9538849912223745 0.9898276586601554 1.0592057288371917 1.0940298211093835 1.2003277027214359 1.3178659085957154
33 330 -0.2449903581624104 -0.14131689626260086 0.029273136680754073 0.15961688373382515 0.6489577705760033 0.782618165672286 0.8731486315824762 0.9044023126733919 0.9538849912223745 0.9898276586601554 1.0592057288371917 1.0940298211093835 1.2003277027214359 1.3178659085957154
34 340 -0.2449903581624104 -0.14131689626260086 0.029273136680754073 0.15961688373382515 0.6489577705760033 0.782618165672286 0.8731486315824762 0.9044023126733919 0.9538849912223745 0.9898276586601554 1.0592057288371917 1.0940298211093835 1.2003277027214359 1.3178659085957154
35 350 -0.2449903581624104 -0.14131689626260086 0.029273136680754073 0.15961688373382515 0.6489577705760033 0.782618165672286 0.8731486315824762 0.9044023126733919 0.9538849912223745 0.9898276586601554 1.0592057288371917 1.0940298211093835 1.2003277027214359 1.3178659085957154
36 360 -0.2449903581624104 -0.14131689626260086 0.029273136680754073 0.15961688373382515 0.6489577705760033 0.782618165672286 0.8731486315824762 0.9044023126733919 0.9538849912223745 0.9898276586601554 1.0592057288371917 1.0940298211093835 1.2003277027214359 1.3178659085957154
37 370 -0.2449903581624104 -0.14131689626260086 0.029273136680754073 0.15961688373382515 0.6489577705760033 0.782618165672286 0.8731486315824762 0.9044023126733919 0.9538849912223745 0.9898276586601554 1.0592057288371917 1.0940298211093835 1.2003277027214359 1.3178659085957154
38 380 -0.2449903581624104 -0.14131689626260086 0.029273136680754073 0.15961688373382515 0.6489577705760033 0.782618165672286 0.8731486315824762 0.9044023126733919 0.9538849912223745 0.9898276586601554 1.0592057288371917 1.0940298211093835 1.2003277027214359 1.3178659085957154
39 390 -0.2449903581624104 -0.14131689626260086 0.029273136680754073 0.15961688373382515 0.6489577705760033 0.782618165672286 0.8731486315824762 0.9044023126733919 0.9538849912223745 0.9898276586601554 1.0592057288371917 1.0940298211093835 1.2003277027214359 1.3178659085957154
40 400 -0.2449903581624104 -0.14131689626260086 0.029273136680754073 0.15961688373382515 0.6489577705760033 0.782618165672286 0.8731486315824762 0.9044023126733919 0.9538849912223745 0.9898276586601554 1.0592057288371917 1.0940298211093835 1.2003277027214359 1.3178659085957154
41 410 -0.253884498359923 -0.12866005253241775 0.07752788508035904 0.17992147906908207 0.7474434866880052 0.7643486630979497 0.8504132041698114 0.8832299415186043 0.9324665100278469 0.9705408111243167 1.0365078555369216 1.1312106880935433 1.1864906987900232 1.334395749342495
42 420 -0.253884498359923 -0.12866005253241775 0.07752788508035904 0.17992147906908207 0.7474434866880052 0.7643486630979497 0.8504132041698114 0.8832299415186043 0.9324665100278469 0.9705408111243167 1.0365078555369216 1.1312106880935433 1.1864906987900232 1.334395749342495
43 430 -0.253884498359923 -0.12866005253241775 0.07752788508035904 0.17992147906908207 0.7474434866880052 0.7643486630979497 0.8504132041698114 0.8832299415186043 0.9324665100278469 0.9705408111243167 1.0365078555369216 1.1312106880935433 1.1864906987900232 1.334395749342495
44 440 -0.253884498359923 -0.12866005253241775 0.07752788508035904 0.17992147906908207 0.7474434866880052 0.7643486630979497 0.8504132041698114 0.8832299415186043 0.9324665100278469 0.9705408111243167 1.0365078555369216 1.1312106880935433 1.1864906987900232 1.334395749342495
45 450 -0.253884498359923 -0.12866005253241775 0.07752788508035904 0.17992147906908207 0.7474434866880052 0.7643486630979497 0.8504132041698114 0.8832299415186043 0.9324665100278469 0.9705408111243167 1.0365078555369216 1.1312106880935433 1.1864906987900232 1.334395749342495
46 460 -0.253884498359923 -0.12866005253241775 0.07752788508035904 0.17992147906908207 0.7474434866880052 0.7643486630979497 0.8504132041698114 0.8832299415186043 0.9324665100278469 0.9705408111243167 1.0365078555369216 1.1312106880935433 1.1864906987900232 1.334395749342495
47 470 -0.253884498359923 -0.12866005253241775 0.07752788508035904 0.17992147906908207 0.7474434866880052 0.7643486630979497 0.8504132041698114 0.8832299415186043 0.9324665100278469 0.9705408111243167 1.0365078555369216 1.1312106880935433 1.1864906987900232 1.334395749342495
48 480 -0.253884498359923 -0.12866005253241775 0.07752788508035904 0.17992147906908207 0.7474434866880052 0.7643486630979497 0.8504132041698114 0.8832299415186043 0.9324665100278469 0.9705408111243167 1.0365078555369216 1.1312106880935433 1.1864906987900232 1.334395749342495
49 490 -0.253884498359923 -0.12866005253241775 0.07752788508035904 0.17992147906908207 0.7474434866880052 0.7643486630979497 0.8504132041698114 0.8832299415186043 0.9324665100278469 0.9705408111243167 1.0365078555369216 1.1312106880935433 1.1864906987900232 1.334395749342495
50 500 -0.253884498359923 -0.12866005253241775 0.07752788508035904 0.17992147906908207 0.7474434866880052 0.7643486630979497 0.8504132041698114 0.8832299415186043 0.9324665100278469 0.9705408111243167 1.0365078555369216 1.1312106880935433 1.1864906987900232 1.334395749342495
51 510 -0.2582333676322261 -0.12323276172796446 0.10157577437287113 0.22031019696762774 0.7187887626360648 0.7646605981812079 0.8110148138150436 0.8731875411059492 0.9130952884823277 0.9357557506233408 1.0523425067356857 1.1259358540575994 1.2320470355749515 1.3696559227228213
52 520 -0.2582333676322261 -0.12323276172796446 0.10157577437287113 0.22031019696762774 0.7187887626360648 0.7646605981812079 0.8110148138150436 0.8731875411059492 0.9130952884823277 0.9357557506233408 1.0523425067356857 1.1259358540575994 1.2320470355749515 1.3696559227228213
53 530 -0.2582333676322261 -0.12323276172796446 0.10157577437287113 0.22031019696762774 0.7187887626360648 0.7646605981812079 0.8110148138150436 0.8731875411059492 0.9130952884823277 0.9357557506233408 1.0523425067356857 1.1259358540575994 1.2320470355749515 1.3696559227228213
54 540 -0.2582333676322261 -0.12323276172796446 0.10157577437287113 0.22031019696762774 0.7187887626360648 0.7646605981812079 0.8110148138150436 0.8731875411059492 0.9130952884823277 0.9357557506233408 1.0523425067356857 1.1259358540575994 1.2320470355749515 1.3696559227228213
55 550 -0.2582333676322261 -0.12323276172796446 0.10157577437287113 0.22031019696762774 0.7187887626360648 0.7646605981812079 0.8110148138150436 0.8731875411059492 0.9130952884823277 0.9357557506233408 1.0523425067356857 1.1259358540575994 1.2320470355749515 1.3696559227228213
56 560 -0.2582333676322261 -0.12323276172796446 0.10157577437287113 0.22031019696762774 0.7187887626360648 0.7646605981812079 0.8110148138150436 0.8731875411059492 0.9130952884823277 0.9357557506233408 1.0523425067356857 1.1259358540575994 1.2320470355749515 1.3696559227228213
57 570 -0.2582333676322261 -0.12323276172796446 0.10157577437287113 0.22031019696762774 0.7187887626360648 0.7646605981812079 0.8110148138150436 0.8731875411059492 0.9130952884823277 0.9357557506233408 1.0523425067356857 1.1259358540575994 1.2320470355749515 1.3696559227228213
58 580 -0.2582333676322261 -0.12323276172796446 0.10157577437287113 0.22031019696762774 0.7187887626360648 0.7646605981812079 0.8110148138150436 0.8731875411059492 0.9130952884823277 0.9357557506233408 1.0523425067356857 1.1259358540575994 1.2320470355749515 1.3696559227228213
59 590 -0.2582333676322261 -0.12323276172796446 0.10157577437287113 0.22031019696762774 0.7187887626360648 0.7646605981812079 0.8110148138150436 0.8731875411059492 0.9130952884823277 0.9357557506233408 1.0523425067356857 1.1259358540575994 1.2320470355749515 1.3696559227228213
60 600 -0.2582333676322261 -0.12323276172796446 0.10157577437287113 0.22031019696762774 0.7187887626360648 0.7646605981812079 0.8110148138150436 0.8731875411059492 0.9130952884823277 0.9357557506233408 1.0523425067356857 1.1259358540575994 1.2320470355749515 1.3696559227228213
61 610 -0.18946828858260023 -0.09851572253393855 0.11403498537777675 0.37888635815459365 0.6172266708502103 0.7346743700627044 0.8658836195939846 0.895255828580882 0.9087526312690344 0.9677867492061252 1.1015573250020256 1.1743301406177817 1.2367966466427243 1.2819746737443274
62 620 -0.18946828858260023 -0.09851572253393855 0.11403498537777675 0.37888635815459365 0.6172266708502103 0.7346743700627044 0.8658836195939846 0.895255828580882 0.9087526312690344 0.9677867492061252 1.1015573250020256 1.1743301406177817 1.2367966466427243 1.2819746737443274
63 630 -0.18946828858260023 -0.09851572253393855 0.11403498537777675 0.37888635815459365 0.6172266708502103 0.7346743700627044 0.8658836195939846 0.895255828580882 0.9087526312690344 0.9677867492061252 1.1015573250020256 1.1743301406177817 1.2367966466427243 1.2819746737443274
64 640 -0.18946828858260023 -0.09851572253393855 0.11403498537777675 0.37888635815459365 0.6172266708502103 0.7346743700627044 0.8658836195939846 0.895255828580882 0.9087526312690344 0.9677867492061252 1.1015573250020256 1.1743301406177817 1.2367966466427243 1.2819746737443274
65 650 -0.18946828858260023 -0.09851572253393855 0.11403498537777675 0.37888635815459365 0.6172266708502103 0.7346743700627044 0.8658836195939846 0.895255828580882 0.9087526312690344 0.9677867492061252 1.1015573250020256 1.1743301406177817 1.2367966466427243 1.2819746737443274
66 660 -0.18946828858260023 -0.09851572253393855 0.11403498537777675 0.37888635815459365 0.6172266708502103 0.7346743700627044 0.8658836195939846 0.895255828580882 0.9087526312690344 0.9677867492061252 1.1015573250020256 1.1743301406177817 1.2367966466427243 1.2819746737443274
67 670 -0.18946828858260023 -0.09851572253393855 0.11403498537777675 0.37888635815459365 0.6172266708502103 0.7346743700627044 0.8658836195939846 0.895255828580882 0.9087526312690344 0.9677867492061252 1.1015573250020256 1.1743301406177817 1.2367966466427243 1.2819746737443274
68 680 -0.18946828858260023 -0.09851572253393855 0.11403498537777675 0.37888635815459365 0.6172266708502103 0.7346743700627044 0.8658836195939846 0.895255828580882 0.9087526312690344 0.9677867492061252 1.1015573250020256 1.1743301406177817 1.2367966466427243 1.2819746737443274
69 690 -0.18946828858260023 -0.09851572253393855 0.11403498537777675 0.37888635815459365 0.6172266708502103 0.7346743700627044 0.8658836195939846 0.895255828580882 0.9087526312690344 0.9677867492061252 1.1015573250020256 1.1743301406177817 1.2367966466427243 1.2819746737443274
70 700 -0.18946828858260023 -0.09851572253393855 0.11403498537777675 0.37888635815459365 0.6172266708502103 0.7346743700627044 0.8658836195939846 0.895255828580882 0.9087526312690344 0.9677867492061252 1.1015573250020256 1.1743301406177817 1.2367966466427243 1.2819746737443274
71 710 -0.19869999960981116 -0.04723621909360612 0.15632973098075884 0.36188994263968277 0.6468587099845765 0.7180355541152005 0.8188469716676428 0.8736101001737074 0.9293778170501316 0.9805392213390571 1.0768447481488932 1.1480427334184624 1.2034073478860832 1.3716076394081156
72 720 -0.19869999960981116 -0.04723621909360612 0.15632973098075884 0.36188994263968277 0.6468587099845765 0.7180355541152005 0.8188469716676428 0.8736101001737074 0.9293778170501316 0.9805392213390571 1.0768447481488932 1.1480427334184624 1.2034073478860832 1.3716076394081156
73 730 -0.19869999960981116 -0.04723621909360612 0.15632973098075884 0.36188994263968277 0.6468587099845765 0.7180355541152005 0.8188469716676428 0.8736101001737074 0.9293778170501316 0.9805392213390571 1.0768447481488932 1.1480427334184624 1.2034073478860832 1.3716076394081156
74 740 -0.19869999960981116 -0.04723621909360612 0.15632973098075884 0.36188994263968277 0.6468587099845765 0.7180355541152005 0.8188469716676428 0.8736101001737074 0.9293778170501316 0.9805392213390571 1.0768447481488932 1.1480427334184624 1.2034073478860832 1.3716076394081156
75 750 -0.19869999960981116 -0.04723621909360612 0.15632973098075884 0.36188994263968277 0.6468587099845765 0.7180355541152005 0.8188469716676428 0.8736101001737074 0.9293778170501316 0.9805392213390571 1.0768447481488932 1.1480427334184624 1.2034073478860832 1.3716076394081156
76 760 -0.19869999960981116 -0.04723621909360612 0.15632973098075884 0.36188994263968277 0.6468587099845765 0.7180355541152005 0.8188469716676428 0.8736101001737074 0.9293778170501316 0.9805392213390571 1.0768447481488932 1.1480427334184624 1.2034073478860832 1.3716076394081156
77 770 -0.19869999960981116 -0.04723621909360612 0.15632973098075884 0.36188994263968277 0.6468587099845765 0.7180355541152005 0.8188469716676428 0.8736101001737074 0.9293778170501316 0.9805392213390571 1.0768447481488932 1.1480427334184624 1.2034073478860832 1.3716076394081156
78 780 -0.19869999960981116 -0.04723621909360612 0.15632973098075884 0.36188994263968277 0.6468587099845765 0.7180355541152005 0.8188469716676428 0.8736101001737074 0.9293778170501316 0.9805392213390571 1.0768447481488932 1.1480427334184624 1.2034073478860832 1.3716076394081156
79 790 -0.19869999960981116 -0.04723621909360612 0.15632973098075884 0.36188994263968277 0.6468587099845765 0.7180355541152005 0.8188469716676428 0.8736101001737074 0.9293778170501316 0.9805392213390571 1.0768447481488932 1.1480427334184624 1.2034073478860832 1.3716076394081156
80 800 -0.19869999960981116 -0.04723621909360612 0.15632973098075884 0.36188994263968277 0.6468587099845765 0.7180355541152005 0.8188469716676428 0.8736101001737074 0.9293778170501316 0.9805392213390571 1.0768447481488932 1.1480427334184624 1.2034073478860832 1.3716076394081156
81 810 -0.313849598099828 -0.011105028438959667 0.13577251085136868 0.33557061241908237 0.6659426013502249 0.7286314066980385 0.8472527495188554 0.8850754699610459 0.9315474551723292 0.9484337848262218 1.0269277797619318 1.1003274242324657 1.2438764672418947 1.3944833592500385
82 820 -0.313849598099828 -0.011105028438959667 0.13577251085136868 0.33557061241908237 0.6659426013502249 0.7286314066980385 0.8472527495188554 0.8850754699610459 0.9315474551723292 0.9484337848262218 1.0269277797619318 1.1003274242324657 1.2438764672418947 1.3944833592500385
83 830 -0.313849598099828 -0.011105028438959667 0.13577251085136868 0.33557061241908237 0.6659426013502249 0.7286314066980385 0.8472527495188554 0.8850754699610459 0.9315474551723292 0.9484337848262218 1.0269277797619318 1.1003274242324657 1.2438764672418947 1.3944833592500385
84 840 -0.313849598099828 -0.011105028438959667 0.13577251085136868 0.33557061241908237 0.6659426013502249 0.7286314066980385 0.8472527495188554 0.8850754699610459 0.9315474551723292 0.9484337848262218 1.0269277797619318 1.1003274242324657 1.2438764672418947 1.3944833592500385
85 850 -0.313849598099828 -0.011105028438959667 0.13577251085136868 0.33557061241908237 0.6659426013502249 0.7286314066980385 0.8472527495188554 0.8850754699610459 0.9315474551723292 0.9484337848262218 1.0269277797619318 1.1003274242324657 1.2438764672418947 1.3944833592500385
86 860 -0.313849598099828 -0.011105028438959667 0.13577251085136868 0.33557061241908237 0.6659426013502249 0.7286314066980385 0.8472527495188554 0.8850754699610459 0.9315474551723292 0.9484337848262218 1.0269277797619318 1.1003274242324657 1.2438764672418947 1.3944833592500385
87 870 -0.313849598099828 -0.011105028438959667 0.13577251085136868 0.33557061241908237 0.6659426013502249 0.7286314066980385 0.8472527495188554 0.8850754699610459 0.9315474551723292 0.9484337848262218 1.0269277797619318 1.1003274242324657 1.2438764672418947 1.3944833592500385
88 880 -0.313849598099828 -0.011105028438959667 0.13577251085136868 0.33557061241908237 0.6659426013502249 0.7286314066980385 0.8472527495188554 0.8850754699610459 0.9315474551723292 0.9484337848262218 1.0269277797619318 1.1003274242324657 1.2438764672418947 1.3944833592500385
89 890 -0.313849598099828 -0.011105028438959667 0.13577251085136868 0.33557061241908237 0.6659426013502249 0.7286314066980385 0.8472527495188554 0.8850754699610459 0.9315474551723292 0.9484337848262218 1.0269277797619318 1.1003274242324657 1.2438764672418947 1.3944833592500385
90 900 -0.313849598099828 -0.011105028438959667 0.13577251085136868 0.33557061241908237 0.6659426013502249 0.7286314066980385 0.8472527495188554 0.8850754699610459 0.9315474551723292 0.9484337848262218 1.0269277797619318 1.1003274242324657 1.2438764672418947 1.3944833592500385
91 910 -0.2453868172842608 -0.002456904708551167 0.1627182910170984 0.32410224703170315 0.6600579521122276 0.7578497186132017 0.8119899593484743 0.842343904277434 0.9235248482033677 0.9673760745410395 1.0582435996050925 1.1206887592649484 1.2124710229895042 1.4094300085547224
92 920 -0.2453868172842608 -0.002456904708551167 0.1627182910170984 0.32410224703170315 0.6600579521122276 0.7578497186132017 0.8119899593484743 0.842343904277434 0.9235248482033677 0.9673760745410395 1.0582435996050925 1.1206887592649484 1.2124710229895042 1.4094300085547224
93 930 -0.2453868172842608 -0.002456904708551167 0.1627182910170984 0.32410224703170315 0.6600579521122276 0.7578497186132017 0.8119899593484743 0.842343904277434 0.9235248482033677 0.9673760745410395 1.0582435996050925 1.1206887592649484 1.2124710229895042 1.4094300085547224
94 940 -0.2453868172842608 -0.002456904708551167 0.1627182910170984 0.32410224703170315 0.6600579521122276 0.7578497186132017 0.8119899593484743 0.842343904277434 0.9235248482033677 0.9673760745410395 1.0582435996050925 1.1206887592649484 1.2124710229895042 1.4094300085547224
95 950 -0.2453868172842608 -0.002456904708551167 0.1627182910170984 0.32410224703170315 0.6600579521122276 0.7578497186132017 0.8119899593484743 0.842343904277434 0.9235248482033677 0.9673760745410395 1.0582435996050925 1.1206887592649484 1.2124710229895042 1.4094300085547224
96 960 -0.2453868172842608 -0.002456904708551167 0.1627182910170984 0.32410224703170315 0.6600579521122276 0.7578497186132017 0.8119899593484743 0.842343904277434 0.9235248482033677 0.9673760745410395 1.0582435996050925 1.1206887592649484 1.2124710229895042 1.4094300085547224
97 970 -0.2453868172842608 -0.002456904708551167 0.1627182910170984 0.32410224703170315 0.6600579521122276 0.7578497186132017 0.8119899593484743 0.842343904277434 0.9235248482033677 0.9673760745410395 1.0582435996050925 1.1206887592649484 1.2124710229895042 1.4094300085547224
98 980 -0.2453868172842608 -0.002456904708551167 0.1627182910170984 0.32410224703170315 0.6600579521122276 0.7578497186132017 0.8119899593484743 0.842343904277434 0.9235248482033677 0.9673760745410395 1.0582435996050925 1.1206887592649484 1.2124710229895042 1.4094300085547224
99 990 -0.2453868172842608 -0.002456904708551167 0.1627182910170984 0.32410224703170315 0.6600579521122276 0.7578497186132017 0.8119899593484743 0.842343904277434 0.9235248482033677 0.9673760745410395 1.0582435996050925 1.1206887592649484 1.2124710229895042 1.4094300085547224
100 1000 -0.2453868172842608 -0.002456904708551167 0.1627182910170984 0.32410224703170315 0.6600579521122276 0.7578497186132017 0.8119899593484743 0.842343904277434 0.9235248482033677 0.9673760745410395 1.0582435996050925 1.1206887592649484 1.2124710229895042 1.4094300085547224
101 1010 -0.2680451277870523 -0.05404289589088558 0.11895737699973147 0.23357918628765373 0.730202040937376 0.7583207335670077 0.837418388686514 0.9011745021001192 0.9257861289713667 0.9982383561689959 1.0844217149711946 1.1466220278895194 1.1875177359256295 1.2743229289722173
102 1020 -0.2680451277870523 -0.05404289589088558 0.11895737699973147 0.23357918628765373 0.730202040937376 0.7583207335670077 0.837418388686514 0.9011745021001192 0.9257861289713667 0.9982383561689959 1.0844217149711946 1.1466220278895194 1.1875177359256295 1.2743229289722173
103 1030 -0.2680451277870523 -0.05404289589088558 0.11895737699973147 0.23357918628765373 0.730202040937376 0.7583207335670077 0.837418388686514 0.9011745021001192 0.9257861289713667 0.9982383561689959 1.0844217149711946 1.1466220278895194 1.1875177359256295 1.2743229289722173
104 1040 -0.2680451277870523 -0.05404289589088558 0.11895737699973147 0.23357918628765373 0.730202040937376 0.7583207335670077 0.837418388686514 0.9011745021001192 0.9257861289713667 0.9982383561689959 1.0844217149711946 1.1466220278895194 1.1875177359256295 1.2743229289722173
105 1050 -0.2680451277870523 -0.05404289589088558 0.11895737699973147 0.23357918628765373 0.730202040937376 0.7583207335670077 0.837418388686514 0.9011745021001192 0.9257861289713667 0.9982383561689959 1.0844217149711946 1.1466220278895194 1.1875177359256295 1.2743229289722173
106 1060 -0.2680451277870523 -0.05404289589088558 0.11895737699973147 0.23357918628765373 0.730202040937376 0.7583207335670077 0.837418388686514 0.9011745021001192 0.9257861289713667 0.9982383561689959 1.0844217149711946 1.1466220278895194 1.1875177359256295 1.2743229289722173
107 1070 -0.2680451277870523 -0.05404289589088558 0.11895737699973147 0.23357918628765373 0.730202040937376 0.7583207335670077 0.837418388686514 0.9011745021001192 0.9257861289713667 0.9982383561689959 1.0844217149711946 1.1466220278895194 1.1875177359256295 1.2743229289722173
108 1080 -0.2680451277870523 -0.05404289589088558 0.11895737699973147 0.23357918628765373 0.730202040937376 0.7583207335670077 0.837418388686514 0.9011745021001192 0.9257861289713667 0.9982383561689959 1.0844217149711946 1.1466220278895194 1.1875177359256295 1.2743229289722173
109 1090 -0.2680451277870523 -0.05404289589088558 0.11895737699973147 0.23357918628765373 0.730202040937376 0.7583207335670077 0.837418388686514 0.9011745021001192 0.9257861289713667 0.9982383561689959 1.0844217149711946 1.1466220278895194 1.1875177359256295 1.2743229289722173
110 1100 -0.2680451277870523 -0.05404289589088558 0.11895737699973147 0.23357918628765373 0.730202040937376 0.7583207335670077 0.837418388686514 0.9011745021001192 0.9257861289713667 0.9982383561689959 1.0844217149711946 1.1466220278895194 1.1875177359256295 1.2743229289722173
111 1110 -0.19280861110887587 -0.08126300167811959 0.08736748068511427 0.3140869596846544 0.6801124179786404 0.7790698750934308 0.8203246084638102 0.9289325890022002 0.9991500147273095 1.0173841709212823 1.0469113392388603 1.0628729969147228 1.2229539258570623 1.2806010474516099
112 1120 -0.19280861110887587 -0.08126300167811959 0.08736748068511427 0.3140869596846544 0.6801124179786404 0.7790698750934308 0.8203246084638102 0.9289325890022002 0.9991500147273095 1.0173841709212823 1.0469113392388603 1.0628729969147228 1.2229539258570623 1.2806010474516099
113 1130 -0.19280861110887587 -0.08126300167811959 0.08736748068511427 0.3140869596846544 0.6801124179786404 0.7790698750934308 0.8203246084638102 0.9289325890022002 0.9991500147273095 1.0173841709212823 1.0469113392388603 1.0628729969147228 1.2229539258570623 1.2806010474516099
114 1140 -0.19280861110887587 -0.08126300167811959 0.08736748068511427 0.3140869596846544 0.6801124179786404 0.7790698750934308 0.8203246084638102 0.9289325890022002 0.9991500147273095 1.0173841709212823 1.0469113392388603 1.0628729969147228 1.2229539258570623 1.2806010474516099
115 1150 -0.19280861110887587 -0.08126300167811959 0.08736748068511427 0.3140869596846544 0.6801124179786404 0.7790698750934308 0.8203246084638102 0.9289325890022002 0.9991500147273095 1.0173841709212823 1.0469113392388603 1.0628729969147228 1.2229539258570623 1.2806010474516099
116 1160 -0.19280861110887587 -0.08126300167811959 0.08736748068511427 0.3140869596846544 0.6801124179786404 0.7790698750934308 0.8203246084638102 0.9289325890022002 0.9991500147273095 1.0173841709212823 1.0469113392388603 1.0628729969147228 1.2229539258570623 1.2806010474516099
117 1170 -0.19280861110887587 -0.08126300167811959 0.08736748068511427 0.3140869596846544 0.6801124179786404 0.7790698750934308 0.8203246084638102 0.9289325890022002 0.9991500147273095 1.0173841709212823 1.0469113392388603 1.0628729969147228 1.2229539258570623 1.2806010474516099
118 1180 -0.19280861110887587 -0.08126300167811959 0.08736748068511427 0.3140869596846544 0.6801124179786404 0.7790698750934308 0.8203246084638102 0.9289325890022002 0.9991500147273095 1.0173841709212823 1.0469113392388603 1.0628729969147228 1.2229539258570623 1.2806010474516099
119 1190 -0.19280861110887587 -0.08126300167811959 0.08736748068511427 0.3140869596846544 0.6801124179786404 0.7790698750934308 0.8203246084638102 0.9289325890022002 0.9991500147273095 1.0173841709212823 1.0469113392388603 1.0628729969147228 1.2229539258570623 1.2806010474516099
120 1200 -0.19280861110887587 -0.08126300167811959 0.08736748068511427 0.3140869596846544 0.6801124179786404 0.7790698750934308 0.8203246084638102 0.9289325890022002 0.9991500147273095 1.0173841709212823 1.0469113392388603 1.0628729969147228 1.2229539258570623 1.2806010474516099
