% # columns="iteration, evaluation, sigma, void, void,  stds==sigma*sqrt(diag(C))", seed=1106060, Wed Mar 11 15:56:25 2020, <python>{}</python>
1 10 0.1793587883709203 0 0 0.17855285427180315 0.18098810345556288 0.17945256886317157 0.17620050011541558 0.1778548194337327 0.1778830880309647 0.1732903377670089 0.177109500199877 0.18155743883360687 0.17316864927771006
2 20 0.1841587601160837 0 0 0.1772021074442895 0.19234372126761876 0.18169350712771 0.17964778539225879 0.18363264584903674 0.1809435154343926 0.1830237108951498 0.18609279256414082 0.18663950501643575 0.1731187923774418
3 30 0.19980218247219061 0 0 0.19852637265169046 0.21338401061129483 0.1971024880010598 0.204062590008995 0.20520409304644507 0.1945248499648175 0.19358369507870968 0.20157108507833138 0.19876653316218285 0.18504586858591662
4 40 0.21725193553382366 0 0 0.2193435710461643 0.22996807009847509 0.21764633300722422 0.22604592438944063 0.2177748890703354 0.21118029537050995 0.21009675865918337 0.2239992919964206 0.21418938429640508 0.1995079738575351
5 50 0.24422227493978138 0 0 0.26007390307317085 0.2575161523507797 0.2359635529592681 0.25317427930425235 0.2515613422027105 0.24079615954376346 0.23853353691431192 0.25692311682290336 0.24240302331036612 0.2268485359589288
6 60 0.28873191407431986 0 0 0.31067700630290684 0.30613126446253885 0.2794618476910248 0.3038483021349781 0.2995445908241022 0.2867449939866918 0.2894802505690423 0.3063926794885993 0.28482502818034466 0.271767382874631
7 70 0.3208573402942038 0 0 0.34514163828508077 0.3299498453722722 0.30646556157734006 0.33836538943888583 0.33858874152136653 0.31173056017923945 0.319075024512765 0.3413904227738659 0.31401171847608755 0.2996795744747671
8 80 0.3790019481910264 0 0 0.41076384776936015 0.3832506033352937 0.36433505273397654 0.39873877967103033 0.40025995086935817 0.37401421447023875 0.3797237455658461 0.40794032372100314 0.3686351102617156 0.351811685822248
9 90 0.4254460602811266 0 0 0.46056666953135966 0.4312698738365048 0.41294330592615436 0.43794495915415266 0.4516768939724886 0.41438634594022966 0.42446168123132183 0.45080689809021574 0.40382796942580607 0.3899895838189107
10 100 0.45720063568851144 0 0 0.4960852059047762 0.46917136865820597 0.43819548634750904 0.46559394674095966 0.49344827395034546 0.44540976141879735 0.4584167961133456 0.4801645610749166 0.4347107855109475 0.4130001809683538
11 110 0.47215357844179373 0 0 0.510638459637493 0.4903437401363522 0.4469782583857243 0.477547352581165 0.5160363481273144 0.4584627537498963 0.4725734542478956 0.49224754989096464 0.45490719280560643 0.41381380833064924
12 120 0.5158126166538912 0 0 0.5548568332622977 0.5423920393395761 0.4889731973177647 0.5147489157875902 0.5762915646047189 0.49143621612362776 0.5117248763404421 0.5297743047816733 0.5240594932921406 0.4479997972831742
13 130 0.5340800766012042 0 0 0.5779527541597164 0.5495893943224003 0.4896615145173797 0.5440552649977065 0.6003294680729856 0.515650764679755 0.5284977262449702 0.5479608279125534 0.555915847919484 0.46220079150800836
14 140 0.5241333215581839 0 0 0.5643110096820747 0.5342483612350136 0.47404511656099096 0.5372569007405914 0.5710897639242642 0.5070573957717616 0.5141517792613501 0.5350780859383607 0.5601691807956601 0.45357107574622013
15 150 0.5104874425277285 0 0 0.5532891548382146 0.5181325552776013 0.4487363988494063 0.5243314403662843 0.5629743487969893 0.4946998247311872 0.5002976810659956 0.4933908800525254 0.5400960307684763 0.45480949962551664
16 160 0.4634847754311015 0 0 0.5020413299169073 0.47057619389467464 0.40834841315004383 0.47278959675089394 0.50218652436463 0.4515571494476244 0.43471792336153803 0.4395754014371899 0.4887597394634199 0.41964982980819104
17 170 0.429697592250179 0 0 0.46392658247109153 0.43826258252673966 0.3804952199654015 0.4383990396380596 0.4625357619179407 0.4128690844965169 0.4032173135130578 0.40898836620770873 0.4470314196538028 0.37170038737010735
18 180 0.3847761410095051 0 0 0.41567158788162517 0.3901280355650501 0.3258031228508801 0.38952473776806223 0.41546961590817416 0.37023520366336404 0.3574876874981988 0.36745952502043056 0.3989033746164123 0.32746944145675994
19 190 0.34374547958910545 0 0 0.3706051359664988 0.3479476443823229 0.29285136608676215 0.3399465982176586 0.37055835807468757 0.3241400825914381 0.3234887536014369 0.3282364532512624 0.35643680060289795 0.2880736520942301
20 200 0.31150092926450235 0 0 0.3314003946654683 0.3131657468899086 0.26172034970206104 0.31138475453383146 0.3341300877572663 0.2923310779804664 0.2937266627409783 0.2990905357593213 0.312965406458619 0.25373088950529527
21 210 0.2927111113684205 0 0 0.31325440457134407 0.29490860241690464 0.2435332194222792 0.28644953937879103 0.3081617134040968 0.2679931561330717 0.27287441810267066 0.2810657598006729 0.30085851085144 0.23568857233281243
22 220 0.28405517099777106 0 0 0.3009113926133701 0.2883018384463208 0.23103323514920807 0.2745929827316376 0.30440034656575377 0.2543126330637332 0.2654642210225118 0.27275912361114646 0.2895535961396472 0.22675639973170555
23 230 0.2735120316632654 0 0 0.2854337675393667 0.27366958505031264 0.2213243821693115 0.26339576919460084 0.3005483658907668 0.23807695767293877 0.25547331351730546 0.2590850306434514 0.2743372162005077 0.21836766756517578
24 240 0.2754044201221509 0 0 0.28374956841736004 0.2667890829228996 0.22358591104881909 0.25630987694837887 0.305826983179008 0.23748683982016702 0.24441311617295666 0.25951474358034426 0.2749940252029816 0.22295127006271534
25 250 0.25654729429924217 0 0 0.25597629785715276 0.247020629695765 0.20706388084357022 0.23455218136321546 0.279738466861206 0.22429332609514444 0.22359466630836844 0.2398948504262865 0.2524050727450155 0.2083113690296586
26 260 0.26768366357129425 0 0 0.26357893349559147 0.25343183915392525 0.21838925025501815 0.24367381997694362 0.29160863240094914 0.2302865463360371 0.22970740489310584 0.2460742156545438 0.2650409028646698 0.22138929479200264
27 270 0.2523810413616873 0 0 0.2481161189805775 0.23953610774474624 0.2022008600672234 0.2305353301587962 0.2714895529583256 0.21024331758759032 0.2166834587984636 0.22140383066734942 0.24311563341859335 0.20708307103554843
28 280 0.2603151337063123 0 0 0.2567575442979614 0.24253563841359752 0.20775535225296415 0.234208296118457 0.2838368340963901 0.2208074431983248 0.2337507586692608 0.23073123603538856 0.24264587972156504 0.2152222793078482
29 290 0.2625284570662448 0 0 0.25778826089877815 0.24337309797559678 0.2079815764229652 0.23886201823821573 0.2738419059414165 0.22182528139158708 0.23995358082901505 0.22777447359225325 0.23442487894307668 0.21514062816432408
30 300 0.2615611851286657 0 0 0.25537184424998655 0.24239928435351477 0.20961827605258157 0.23776864024923267 0.27494561821619123 0.21914891143962464 0.24017978217168431 0.22142431727674605 0.23210317058414812 0.20996967538224692
31 310 0.23618700056318195 0 0 0.2298623462117549 0.22249576980039573 0.18621846491806454 0.20747420423016666 0.24629863988594713 0.19674961063260935 0.2124249180914533 0.19716052762812655 0.20836469516661477 0.18727428547784578
32 320 0.20901955577962672 0 0 0.20515872926914527 0.20011241941538907 0.16302545024901627 0.1750618479022444 0.21958334219363265 0.17511141828644397 0.18033704567183453 0.1747671220257322 0.18079200308829538 0.16548929822374683
33 330 0.21203293944453708 0 0 0.2059401647932525 0.19645228325630584 0.17354476569255037 0.173845592664029 0.22211648540849088 0.17456935153766207 0.18139406944990488 0.18403625563364143 0.18591558206315398 0.16866104577873559
34 340 0.20402770006517545 0 0 0.1965224872185996 0.18314282600732223 0.16920813819952343 0.16525987872524014 0.213659461171119 0.16824725633659188 0.17695324875581978 0.1780227954921689 0.17950141615349077 0.16286188097782323
35 350 0.19569028819553716 0 0 0.18506885113751173 0.1743079263988294 0.16218108195774228 0.1554224935953448 0.20624203411269093 0.16008116197148003 0.16824662812478333 0.16653663156270496 0.1732333332530516 0.1571951937332652
36 360 0.1843343059578781 0 0 0.1742640128838259 0.1621406106116032 0.14777833148724387 0.14620375830980284 0.19002379984758713 0.15101682849643935 0.15545303568386776 0.15843507873762075 0.16316316829203656 0.14811653862242818
37 370 0.16484909153757096 0 0 0.15419528693393672 0.14013419763771162 0.13097270508557127 0.12916398128093898 0.171219574346409 0.13004735923589605 0.13870576691886605 0.1416806961830013 0.14544762533777197 0.13173523678959428
38 380 0.1520901939995043 0 0 0.14199210658015035 0.12998359157527722 0.12165035752478971 0.11993899624851131 0.1578535251312259 0.11781890367828128 0.1286049645926185 0.13095812296012574 0.13321967975386526 0.12363381828901437
39 390 0.13477985997864245 0 0 0.12672778560605824 0.11493470200576966 0.1080742767276764 0.10690891853258999 0.14025049284753394 0.10357184268871189 0.11337051053405744 0.11258253340415257 0.11882179971959554 0.1092057254156319
40 400 0.1244409010303104 0 0 0.11826021180335888 0.10675058596625044 0.0984334908340939 0.09718989457820038 0.13054563411701517 0.09293293737853375 0.10387316832567486 0.10249368137431909 0.1067707245298803 0.10063193071720582
41 410 0.1096311365627926 0 0 0.10185651770210385 0.09321613364134632 0.08624611606751789 0.08454561519980916 0.11324231450540097 0.07813101246658204 0.09156222403454799 0.08836890843618149 0.09257416332390142 0.0887098433771295
42 420 0.10839924049671291 0 0 0.09986709407900113 0.0938572661791549 0.08729443737624935 0.08591940576863842 0.11020471211746644 0.07607566161243538 0.09178438210789709 0.08704270578406866 0.09277625835836484 0.0882176456474745
43 430 0.10213090386660635 0 0 0.09458513035744971 0.08873282533045333 0.0813268921917776 0.08072429147604143 0.10404517474882981 0.07317704211106382 0.08689558663267721 0.08037165684412816 0.08371646928563371 0.08217139397714326
44 440 0.09727680669043627 0 0 0.08925998448064189 0.0865513224842249 0.0776025288101379 0.0756604140197748 0.09872604680496037 0.06897147427100517 0.08261953802347118 0.0766956737546447 0.0797790678194638 0.07722623399465003
