% # columns="iteration, evaluation, min max(neg(.)) min(pos(.)) max correlation, correlation matrix principle axes lengths  (sorted square roots of eigenvalues of correlation matrix)", seed=1121639, Wed Mar 11 15:56:31 2020
1 10 -0.042095553545473695 -0.014778545568487029 0.013243282279271601 0.07341253498446008 0.9239257708659778 0.9546553002355244 0.9794620376971099 0.9972453907184797 1.0082791957313235 1.0115723170059832 1.0128021240652167 1.0196714963971256 1.0240066970059087 1.0616764419524065
2 20 -0.05331681285493141 -0.020416269254245487 0.03362195473496833 0.08979778937204072 0.9239257708659778 0.9546553002355244 0.9794620376971099 0.9972453907184797 1.0082791957313235 1.0115723170059832 1.0128021240652167 1.0196714963971256 1.0240066970059087 1.0616764419524065
3 30 -0.05209879876759758 -0.0018461539592477428 0.07151156266891483 0.1594872185313341 0.9239257708659778 0.9546553002355244 0.9794620376971099 0.9972453907184797 1.0082791957313235 1.0115723170059832 1.0128021240652167 1.0196714963971256 1.0240066970059087 1.0616764419524065
4 40 -0.06565975181156272 0.002771377462462159 0.09375656382520545 0.19758549712021578 0.9239257708659778 0.9546553002355244 0.9794620376971099 0.9972453907184797 1.0082791957313235 1.0115723170059832 1.0128021240652167 1.0196714963971256 1.0240066970059087 1.0616764419524065
5 50 -0.07140563118778913 -0.008061158660981567 0.09447743890125043 0.18268708766395897 0.9239257708659778 0.9546553002355244 0.9794620376971099 0.9972453907184797 1.0082791957313235 1.0115723170059832 1.0128021240652167 1.0196714963971256 1.0240066970059087 1.0616764419524065
6 60 -0.08735374323115254 -0.0006738182362363049 0.14010500003927245 0.21769772945787857 0.9239257708659778 0.9546553002355244 0.9794620376971099 0.9972453907184797 1.0082791957313235 1.0115723170059832 1.0128021240652167 1.0196714963971256 1.0240066970059087 1.0616764419524065
7 70 -0.09839893461543259 0.006709771449593118 0.1548235961011349 0.25445826094843615 0.9239257708659778 0.9546553002355244 0.9794620376971099 0.9972453907184797 1.0082791957313235 1.0115723170059832 1.0128021240652167 1.0196714963971256 1.0240066970059087 1.0616764419524065
8 80 -0.12682466537574286 0.019509084521010682 0.15296072130844907 0.26270606921785167 0.9239257708659778 0.9546553002355244 0.9794620376971099 0.9972453907184797 1.0082791957313235 1.0115723170059832 1.0128021240652167 1.0196714963971256 1.0240066970059087 1.0616764419524065
9 90 -0.14297997583613833 0.017653579024660467 0.13464934327291242 0.2824190848670114 0.9239257708659778 0.9546553002355244 0.9794620376971099 0.9972453907184797 1.0082791957313235 1.0115723170059832 1.0128021240652167 1.0196714963971256 1.0240066970059087 1.0616764419524065
10 100 -0.13860703873896565 0.023027171592516625 0.14439886116636927 0.270478361005356 0.9239257708659778 0.9546553002355244 0.9794620376971099 0.9972453907184797 1.0082791957313235 1.0115723170059832 1.0128021240652167 1.0196714963971256 1.0240066970059087 1.0616764419524065
11 110 -0.09966584562484189 0.03158935434317826 0.16079142320798123 0.3141628666142445 0.7795637999892848 0.7845503268144297 0.8326486010667781 0.8833394166879602 0.9275734090451726 0.9863983052158466 1.0176659277215403 1.067529058697417 1.0994834768469455 1.4441844256672987
12 120 -0.05551659134090002 0.0472030944625072 0.18051769578691745 0.33707500938738905 0.7795637999892848 0.7845503268144297 0.8326486010667781 0.8833394166879602 0.9275734090451726 0.9863983052158466 1.0176659277215403 1.067529058697417 1.0994834768469455 1.4441844256672987
13 130 -0.04546606737291757 0.05481127500457949 0.17008711229791026 0.33662232269725884 0.7795637999892848 0.7845503268144297 0.8326486010667781 0.8833394166879602 0.9275734090451726 0.9863983052158466 1.0176659277215403 1.067529058697417 1.0994834768469455 1.4441844256672987
14 140 -0.07811690131506407 0.04153491929678775 0.170760463560098 0.34749872785855723 0.7795637999892848 0.7845503268144297 0.8326486010667781 0.8833394166879602 0.9275734090451726 0.9863983052158466 1.0176659277215403 1.067529058697417 1.0994834768469455 1.4441844256672987
15 150 -0.09006347105065333 0.0378145277748398 0.17229830133679427 0.33857856661172314 0.7795637999892848 0.7845503268144297 0.8326486010667781 0.8833394166879602 0.9275734090451726 0.9863983052158466 1.0176659277215403 1.067529058697417 1.0994834768469455 1.4441844256672987
16 160 -0.0912949747390541 0.04581563406504274 0.16725894902537064 0.34194508497953374 0.7795637999892848 0.7845503268144297 0.8326486010667781 0.8833394166879602 0.9275734090451726 0.9863983052158466 1.0176659277215403 1.067529058697417 1.0994834768469455 1.4441844256672987
17 170 -0.05844244073999613 0.033398944679033246 0.16669085133083805 0.346168557474024 0.7795637999892848 0.7845503268144297 0.8326486010667781 0.8833394166879602 0.9275734090451726 0.9863983052158466 1.0176659277215403 1.067529058697417 1.0994834768469455 1.4441844256672987
18 180 -0.06848927135363564 0.03947264160452864 0.17755460540606122 0.34406041618491323 0.7795637999892848 0.7845503268144297 0.8326486010667781 0.8833394166879602 0.9275734090451726 0.9863983052158466 1.0176659277215403 1.067529058697417 1.0994834768469455 1.4441844256672987
19 190 -0.043238128498417266 0.050414390121820266 0.2064521645694697 0.33472779450404194 0.7795637999892848 0.7845503268144297 0.8326486010667781 0.8833394166879602 0.9275734090451726 0.9863983052158466 1.0176659277215403 1.067529058697417 1.0994834768469455 1.4441844256672987
20 200 -0.06423769402236199 0.022322220776573976 0.1921705823467823 0.3494932560849087 0.7795637999892848 0.7845503268144297 0.8326486010667781 0.8833394166879602 0.9275734090451726 0.9863983052158466 1.0176659277215403 1.067529058697417 1.0994834768469455 1.4441844256672987
21 210 -0.09435880784902727 0.006357334100973161 0.19577536221484376 0.3408219475455713 0.6955379628524713 0.7749547950437512 0.8362173899850552 0.8745506947999994 0.8983386828428518 0.9567717840628066 1.047212203230539 1.0719521190326338 1.1904224414755586 1.4374660335633853
22 220 -0.12314287214226155 0.005163783358243172 0.18101654853754412 0.3395911533896761 0.6955379628524713 0.7749547950437512 0.8362173899850552 0.8745506947999994 0.8983386828428518 0.9567717840628066 1.047212203230539 1.0719521190326338 1.1904224414755586 1.4374660335633853
23 230 -0.11731068650558837 0.019061635773551786 0.1969595471909602 0.33844417113647524 0.6955379628524713 0.7749547950437512 0.8362173899850552 0.8745506947999994 0.8983386828428518 0.9567717840628066 1.047212203230539 1.0719521190326338 1.1904224414755586 1.4374660335633853
24 240 -0.1242535003919481 0.03325230142372193 0.1887767303132381 0.3220749934857198 0.6955379628524713 0.7749547950437512 0.8362173899850552 0.8745506947999994 0.8983386828428518 0.9567717840628066 1.047212203230539 1.0719521190326338 1.1904224414755586 1.4374660335633853
25 250 -0.14055361016724374 0.020007605890332347 0.19059960291698552 0.32702262380693004 0.6955379628524713 0.7749547950437512 0.8362173899850552 0.8745506947999994 0.8983386828428518 0.9567717840628066 1.047212203230539 1.0719521190326338 1.1904224414755586 1.4374660335633853
26 260 -0.15926544172365772 0.013650658197541922 0.19244940187020224 0.3615559503662812 0.6955379628524713 0.7749547950437512 0.8362173899850552 0.8745506947999994 0.8983386828428518 0.9567717840628066 1.047212203230539 1.0719521190326338 1.1904224414755586 1.4374660335633853
27 270 -0.18525965755508697 0.01906394692642904 0.19102076562644638 0.35635896818300083 0.6955379628524713 0.7749547950437512 0.8362173899850552 0.8745506947999994 0.8983386828428518 0.9567717840628066 1.047212203230539 1.0719521190326338 1.1904224414755586 1.4374660335633853
28 280 -0.1806427325481816 0.022394358196118305 0.19220258321282468 0.3565026264832429 0.6955379628524713 0.7749547950437512 0.8362173899850552 0.8745506947999994 0.8983386828428518 0.9567717840628066 1.047212203230539 1.0719521190326338 1.1904224414755586 1.4374660335633853
