% # columns="iteration, evaluation, sigma, axis ratio, bestever, best, median, worst objective function value, further objective values of best", seed=1010892, Wed Mar 11 16:01:03 2020, <python>{}</python>
1 10 0.18482910684566872 1.0000450010125153 0.022780792699027157 2.2780792699027157e-02 0.042062734697585896 0.2107124738296448   
2 20 0.17268503949330682 1.1358036304960064 0.022780792699027157 2.6849401696550920e-02 0.07198650409764952 0.19880569452314   
3 30 0.15385418972965798 1.2304796202490131 0.012115902204449698 1.2115902204449698e-02 0.033325957859543114 0.055096952339209304   
4 40 0.1340916510278446 1.2635927362646646 0.012080405120089285 1.2080405120089285e-02 0.044120572507238706 0.07674182535316242   
5 50 0.11851481836707592 1.2805451716335805 0.008952131535114994 8.9521315351149943e-03 0.01910890019563668 0.09783073409063002   
6 60 0.11294223760450449 1.2849818794304575 0.0010532425010619478 1.0532425010619478e-03 0.017877180583208904 0.059104804810798064   
7 70 0.10459451400343096 1.3621545295205064 -2.627170767176267e-05 -2.6271707671762671e-05 0.009748137592635464 0.026092239396805827   
8 80 0.10628874238311056 1.387102677973758 -2.958083363294435e-05 -2.9580833632944350e-05 0.004413287452492937 0.028429951819331875   
9 90 0.09916920412456252 1.415922839152408 -0.0005178172194693804 -5.1781721946938045e-04 0.004778308373678821 0.012002823736161341   
10 100 0.09031492080272524 1.4642321683824833 -0.0005887879261054968 -5.8878792610549677e-04 0.00099795179239698 0.012936726952137432   
11 110 0.08457065027606604 1.4880735545010206 -0.0009902968709020355 -9.9029687090203549e-04 -0.00034917077354602703 0.014206875832326993   
12 120 0.08110901224127756 1.492445654179128 -0.001629766946905977 -1.6297669469059770e-03 -0.0007895103635384913 0.0065485156176759065   
13 130 0.0774385577615631 1.4721201365763823 -0.001629766946905977 -1.4508321132755421e-03 -0.0008008846347759858 -3.185953104902992e-05   
14 140 0.07535833711460357 1.5228612077367443 -0.001629766946905977 -9.6429816204169976e-04 -0.0004132132545603956 -4.919004611748438e-05   
15 150 0.0734500764511944 1.5735356570779953 -0.0017342215129404032 -1.7342215129404032e-03 -0.0009662446461883859 -0.00035516999217215044   
16 160 0.0760240525980703 1.5385900564764319 -0.0017342215129404032 -1.3417768760914152e-03 -0.0007959340856791839 -0.0005386974601336721   
17 170 0.07402127019759536 1.5629914880987394 -0.0017342215129404032 -8.8791192778798491e-04 -0.0006983071961678445 0.001446983267195029   
18 180 0.06391379138547386 1.5806012169870072 -0.0017342215129404032 -1.3852580238379404e-03 -0.0008423733545199366 -0.0001521286883849069   
19 190 0.05837817208872918 1.5874326898474986 -0.0017342215129404032 -1.3827108483059505e-03 -0.000856718525454266 -5.798974864233196e-05   
20 200 0.05686351675878035 1.5671422479800137 -0.0017342215129404032 -1.3143918949199919e-03 -0.0009990897833308914 -0.0007914762188428113   
21 210 0.05738066139238169 1.57986685497203 -0.0017342215129404032 -1.3256054359446657e-03 -0.0010739951897299814 -0.0006637111329796834   
22 220 0.053183044379247535 1.5710796398470808 -0.0017342215129404032 -1.7219816888658626e-03 -0.0014583030200309832 -0.00030152015916625163   
23 230 0.050855867555491464 1.5960711915951216 -0.0017342215129404032 -1.6008683436487395e-03 -0.001397120872462742 -0.0012249168322296731   
24 240 0.049241903961940045 1.5632338879184138 -0.0017342215129404032 -1.6964063007608267e-03 -0.0013583934565825516 -0.0011864593878560586   
25 250 0.0473290840601049 1.56752479297503 -0.0017342215129404032 -1.5795076949476235e-03 -0.0013446125927065802 -0.001213112066355343   
26 260 0.04712074176424509 1.6010430034097025 -0.00201405349304295 -2.0140534930429498e-03 -0.0018480800187819465 -0.0013688828919990327   
27 270 0.043906411965531536 1.6428297814613795 -0.0022349391258798938 -2.2349391258798938e-03 -0.0018981111938451457 -0.0011192675225747465   
28 280 0.040711896648677845 1.657846682531025 -0.0022349391258798938 -2.1978247164938960e-03 -0.0020749512507934327 -0.0019020564622137116   
29 290 0.03637734042946009 1.6580112006164756 -0.0024834629761159212 -2.4834629761159212e-03 -0.0022997441113411106 -0.0022463071128680867   
30 300 0.03363316868133631 1.7352660153981123 -0.0028442445825811015 -2.8442445825811015e-03 -0.00262210014463926 -0.002342503653698681   
31 310 0.0314568499996235 1.7175809415829413 -0.0028442445825811015 -2.7850420711209739e-03 -0.00253126017764072 -0.0024346121873760292   
32 320 0.028911886936845817 1.7613549388127747 -0.003134370739572739 -3.1343707395727390e-03 -0.003021570688856954 -0.002661927290086362   
33 330 0.029514092779064735 1.7309860708116975 -0.003313220089023268 -3.3132200890232679e-03 -0.003068573556990005 -0.0027752575564374002   
34 340 0.029254210997884385 1.7068641010711387 -0.003313220089023268 -3.1047774080818465e-03 -0.0029742029866642655 -0.0026437048832727737   
35 350 0.029748054152603624 1.738742819343884 -0.003313220089023268 -3.1942666568764923e-03 -0.0031284303802064485 -0.0029379124874113673   
36 360 0.029082774554163436 1.7638646070534492 -0.003313220089023268 -3.1098564170873541e-03 -0.00291687619796622 -0.0027994809955886905   
37 370 0.028023673667662452 1.7946992243066096 -0.003313220089023268 -3.0443591026453952e-03 -0.002940087220939616 -0.0026903585354167633   
38 380 0.027155214473591965 1.7416955177487057 -0.00345033509473886 -3.4503350947388601e-03 -0.003397782742209436 -0.0031604812951653697   
39 390 0.031298119885360166 1.7551296094580604 -0.0034914300920031783 -3.4914300920031783e-03 -0.003450190750447382 -0.0033585242599296953   
40 400 0.0301556790700393 1.7935623423522118 -0.003796116500654748 -3.7961165006547481e-03 -0.003758829970465748 -0.003652037208400795   
41 410 0.028251018903004504 1.7357736815470999 -0.003796116500654748 -3.6817899559931874e-03 -0.0036394079383750273 -0.0035192048708533293   
42 420 0.027280096452412556 1.7484007757482063 -0.003796116500654748 -3.7524698533089283e-03 -0.0036255258536562326 -0.003570167648052004   
43 430 0.025776034984808082 1.7492055920252554 -0.003796116500654748 -3.7418154111776153e-03 -0.0036420823698161053 -0.0035397951029841122   
44 440 0.025603439695846688 1.797022527529248 -0.0038801108035677904 -3.8801108035677904e-03 -0.003826400259940801 -0.003755764492704844   
45 450 0.024168059002912558 1.6884593237056453 -0.004235661150781179 -4.2356611507811791e-03 -0.004170447196082633 -0.004091037013770138   
46 460 0.0230204132901538 1.656975179490175 -0.004307190278716131 -4.3071902787161307e-03 -0.004236058224060274 -0.004003265059374595   
47 470 0.02250289680357097 1.69077061735771 -0.004307190278716131 -4.2999382747968802e-03 -0.004259670227925189 -0.004170352523751677   
48 480 0.02200116649791118 1.7279781899854607 -0.004424983531243922 -4.4249835312439216e-03 -0.004400447652929052 -0.0042948356109766325   
49 490 0.020193454297087975 1.7159503380878993 -0.004428356447487834 -4.4283564474878337e-03 -0.004397688356577155 -0.004351616940562424   
50 500 0.018143194265792317 1.7481653148492344 -0.004428356447487834 -4.2318070438665490e-03 -0.004169260477209488 -0.004082553809172623   
51 510 0.016442300554360616 1.7942403421035704 -0.004621258003179516 -4.6212580031795162e-03 -0.004582603044621464 -0.004501414091944458   
52 520 0.014959730608061838 1.8123489722018737 -0.004765420182021535 -4.7654201820215352e-03 -0.004752430860885091 -0.004727001244379568   
53 530 0.013882835360950651 1.8298081269685968 -0.004765420182021535 -4.7642183797831543e-03 -0.00473710576128128 -0.004718354726832545   
54 540 0.013522809066121171 1.750691808634961 -0.004765420182021535 -4.7333709058466822e-03 -0.004712337794155646 -0.0046961897258463595   
55 550 0.013288677804178275 1.7332594672398842 -0.004765420182021535 -4.7325776899704618e-03 -0.004723859816230303 -0.004678795360581215   
56 560 0.012050563023623064 1.688834083129398 -0.004765420182021535 -4.6616619580930928e-03 -0.004641870667277418 -0.004629440550789804   
57 570 0.011275866453697077 1.6638283682058492 -0.004765420182021535 -4.6612568854773242e-03 -0.00465650649119186 -0.00463803945783136   
58 580 0.01021156370645503 1.6678110588304682 -0.004802468518396189 -4.8024685183961887e-03 -0.0047878328451776185 -0.004769691869444067   
59 590 0.009434472291915475 1.665365008769595 -0.004804025955201584 -4.8040259552015836e-03 -0.0048004711442729275 -0.004789616972604337   
60 600 0.010528991884471208 1.6715215359915143 -0.005285496695872802 -5.2854966958728019e-03 -0.0052733509319912095 -0.005265006355939697   
61 610 0.011372353301279694 1.6574855848454353 -0.005285496695872802 -5.2070973609840750e-03 -0.005202233374722556 -0.005193521169410759   
62 620 0.011964169419981819 1.6837258141283944 -0.005285496695872802 -5.2150674676067418e-03 -0.005207037130285842 -0.0051937530796389506   
63 630 0.011456054379246395 1.7159984742293684 -0.005285496695872802 -5.1872212177726390e-03 -0.00516286039012835 -0.005148504250851249   
64 640 0.010935541284908907 1.7318244563555467 -0.005285496695872802 -5.1332052439317065e-03 -0.005124041535212727 -0.005115725046134976   
65 650 0.010065582406170144 1.8000313838528534 -0.005285496695872802 -5.1398578651001420e-03 -0.005133115872595944 -0.005103633818683542   
66 660 0.009281505833499284 1.8161644249698596 -0.005330169944499831 -5.3301699444998308e-03 -0.005323774938100895 -0.005299370385024827   
67 670 0.009026047968729025 1.789436594811401 -0.005330169944499831 -5.3173672822196599e-03 -0.0053085020239651975 -0.005297545606387158   
68 680 0.009003057878349978 1.8118894791713853 -0.005424201878826462 -5.4242018788264621e-03 -0.00542252673405136 -0.0054097962534465785   
69 690 0.008651484345394912 1.811963931543858 -0.005424201878826462 -5.3484280932394627e-03 -0.005339542080374047 -0.005331158712103369   
70 700 0.008015906453746328 1.8064681818759607 -0.005478018803582894 -5.4780188035828941e-03 -0.005470896673367376 -0.005460965945724944   
71 710 0.007610002988777854 1.8123933235694183 -0.0054850634223806635 -5.4850634223806635e-03 -0.005483054760358839 -0.005478423209100724   
72 720 0.0072213587574936405 1.8896224380340032 -0.0055101236110845185 -5.5101236110845185e-03 -0.005507681983105355 -0.005502991168746463   
73 730 0.00672884847529954 1.8528238737388147 -0.005582763562581578 -5.5827635625815778e-03 -0.005577459249708378 -0.005573780256752181   
74 740 0.006408102860368437 1.8633513089566842 -0.005582763562581578 -5.4937665335560481e-03 -0.005490745910553449 -0.0054889015293345155   
75 750 0.005828868642490282 1.831109016961417 -0.005582763562581578 -5.4864703082584728e-03 -0.0054832764544235635 -0.005480528456295512   
76 760 0.005311059065774085 1.8150759206519607 -0.005582763562581578 -5.4570117460864360e-03 -0.005455597393674166 -0.0054486798016748945   
77 770 0.004942368706080501 1.8387566406855202 -0.005582763562581578 -5.5258803468421361e-03 -0.00552478725097749 -0.005523457479965088   
78 780 0.004540218482481629 1.8251087394654286 -0.005582763562581578 -5.5506614376068337e-03 -0.005549472080486475 -0.005548028441882676   
79 790 0.004252058368120641 1.798625153109994 -0.005650150999475398 -5.6501509994753979e-03 -0.005649060019601374 -0.0056456488035894785   
80 800 0.004112330764105092 1.7809675570921948 -0.005657644515333991 -5.6576445153339906e-03 -0.005657004102380512 -0.005655806583213173   
81 810 0.003999803574258431 1.800056574122164 -0.005657644515333991 -5.6239555907066788e-03 -0.005623521953470068 -0.005622551643626815   
82 820 0.003755058044187053 1.826039930987184 -0.005657644515333991 -5.6122715321250544e-03 -0.005610209078264346 -0.005609180023118405   
83 830 0.0037064075618582467 1.8117335080751629 -0.005799610157885014 -5.7996101578850143e-03 -0.0057974874216493565 -0.005794955906041775   
84 840 0.0038575656251113315 1.8907185168161886 -0.005800399149784924 -5.8003991497849244e-03 -0.005799260397831338 -0.005798743776057643   
85 850 0.003968967694365022 1.857737740874219 -0.005800399149784924 -5.7181577207041411e-03 -0.0057167666520028144 -0.005715348937264982   
86 860 0.004070309791269235 1.8463947902046807 -0.005800399149784924 -5.7638976994722774e-03 -0.005762870887772134 -0.005760261578405472   
87 870 0.004448258499361566 1.8136369788551858 -0.005810694032433176 -5.8106940324331759e-03 -0.0058095441181632386 -0.005807547033637525   
88 880 0.004763246332350327 1.8359474756006953 -0.005820059873957744 -5.8200598739577437e-03 -0.005818383908586926 -0.0058146574405289865   
89 890 0.004794415367787526 1.8252625453282176 -0.005820059873957744 -5.8108762499368555e-03 -0.005809751533693954 -0.005807945999163294   
90 900 0.004788006663525744 1.9051887868010893 -0.005901017877629286 -5.9010178776292858e-03 -0.005900202765871572 -0.005898517162468107   
91 910 0.0048446131872304935 1.9225420072701633 -0.005909724225765211 -5.9097242257652111e-03 -0.005908125892431044 -0.005907002061854104   
92 920 0.0048198883879373025 1.98125222516008 -0.005910002471388873 -5.9100024713888734e-03 -0.005908742495012488 -0.005907002347128398   
93 930 0.004929245937579255 2.054737777888206 -0.005910969330876872 -5.9109693308768722e-03 -0.005908981607171171 -0.005908053008321869   
94 940 0.004978356991037765 2.0590896192559023 -0.005924144300858876 -5.9241443008588761e-03 -0.005922493917399376 -0.005920924843041387   
95 950 0.004934850050825802 2.0646399730863663 -0.0059424449494629075 -5.9424449494629075e-03 -0.005941175126292493 -0.005937346311935882   
96 960 0.004893271389888237 2.016578817040551 -0.005967315265464529 -5.9673152654645288e-03 -0.005966348784892347 -0.0059647868617063666   
97 970 0.004399620265269107 1.9743383553057758 -0.005967497770039328 -5.9674977700393279e-03 -0.005966458631724962 -0.005963909527182084   
98 980 0.004116883165038903 1.9535114274774086 -0.005998186226244256 -5.9981862262442559e-03 -0.005996896207488242 -0.005994464098800639   
99 990 0.00403558104753786 1.9074671996280657 -0.006030212522857669 -6.0302125228576687e-03 -0.006029248651381294 -0.006025442086975277   
100 1000 0.0037713470557154557 1.8875969525158487 -0.0060582320021443 -6.0582320021442997e-03 -0.006057805772130452 -0.006056927727594901   
101 1010 0.0036033431987344587 1.9024920202932072 -0.0060584082672368676 -6.0584082672368676e-03 -0.00605729247212243 -0.006056477696950592   
102 1020 0.00359144213877659 1.880658294101456 -0.006120443026253386 -6.1204430262533863e-03 -0.006119255008543122 -0.00611892499656601   
103 1030 0.0036459691989101563 1.8751310240703218 -0.00614841211544407 -6.1484121154440699e-03 -0.00614768982953387 -0.006146905757294478   
104 1040 0.0035715072360133562 1.8900784038790277 -0.00614841211544407 -6.1483451464400488e-03 -0.006147376056365526 -0.006146542531312158   
105 1050 0.003290449978299545 1.8414279575647619 -0.006176986691010159 -6.1769866910101586e-03 -0.006176651882238199 -0.006175576217663541   
106 1060 0.003206073139408248 1.9154847307065848 -0.006204041516781399 -6.2040415167813993e-03 -0.006203703659747797 -0.006203147828860583   
107 1070 0.003305402793324293 1.9029721506156219 -0.006204041516781399 -6.0937597547394929e-03 -0.0060934556376574045 -0.0060931711367629956   
108 1080 0.0032575821580931932 1.8642250187762537 -0.006204041516781399 -6.0938345738121881e-03 -0.006093357696979918 -0.006092409622214328   
109 1090 0.0030839104500119735 1.8650295713899152 -0.006204041516781399 -6.1374633501738267e-03 -0.006137204449968828 -0.0061364658104474355   
110 1100 0.0029668740184518086 1.8420137135337988 -0.006204041516781399 -6.1317976905562992e-03 -0.006131401215623211 -0.006130812842214537   
111 1110 0.002657983596290058 1.7901259949945059 -0.006204041516781399 -6.1537107620656976e-03 -0.00615350645507944 -0.006152895167168557   
112 1120 0.002550446740726057 1.7892677267579697 -0.006204041516781399 -6.1538947556506792e-03 -0.006153478862139074 -0.0061532539739762564   
113 1130 0.0026147747171681264 1.8004242814155385 -0.006204041516781399 -6.1830543433577922e-03 -0.006182901711325676 -0.006182802918934191   
114 1140 0.0024867593826695274 1.8565530941694355 -0.006210971667490483 -6.2109716674904831e-03 -0.006210723381332499 -0.0062104937081431544   
115 1150 0.00255649546149081 1.8715668813498558 -0.0062333431234526315 -6.2333431234526315e-03 -0.006233185819846905 -0.006233026752163765   
116 1160 0.002335637019229281 2.0004963354970795 -0.006258317053808552 -6.2583170538085516e-03 -0.006258137097345944 -0.006257338995470914   
117 1170 0.0021817151379272546 1.9535394279961422 -0.006258332243697201 -6.2583322436972006e-03 -0.0062581859550341415 -0.006257934935158008   
118 1180 0.002031221299808585 1.903579105442463 -0.006258332243697201 -6.0433707243574214e-03 -0.006043163042940807 -0.006042846749462093   
119 1190 0.0019414272313581444 1.8755183742588448 -0.006258332243697201 -4.6247616905275239e-03 -0.004624556214293676 -0.004624351908503634   
120 1200 0.001890835499491774 1.9535578470660007 -0.006258332243697201 -4.6406438879376347e-03 -0.004640432597000976 -0.004640115760123903   
121 1210 0.0017873968205034594 1.9559601980582424 -0.006258332243697201 -4.4866357115656485e-03 -0.00448217961684213 -0.004477827896445501   
122 1220 0.0016739595320681817 2.0274019173082105 -0.006258332243697201 -2.1139379479852985e-03 -0.0021137488065281107 -0.0021135882272126944   
