% # columns="iteration, evaluation, void, void, void, xmean", seed=855186, Mon Mar  9 17:26:09 2020, <python>{}</python> # scaling_of_variables: 1, typical_x: 0
1 10 0 0 0 0.12674267568524103 -0.04406844709722952 0.22643619198220602 0.1417814585110238 0.06735492541246135 0.01191138657262703 0.08030916733895277 0.024880718145319725 0.2534723631102737 0.07250062826019645
2 20 0 0 0 0.2186900706095729 0.1705687778003534 0.04558929237353282 0.019490741650675297 0.1122110158591248 -0.03894238595141356 0.12155915524258534 0.06560421150964166 0.05033828206502844 0.28427129644005256
3 30 0 0 0 0.2631710907050318 0.11033532079205378 0.04313949174800256 -0.021065387156049782 0.2716618398483223 0.07578403595221847 0.12004843690222175 0.21536483213950935 0.10546342868171156 0.3304815162454513
4 40 0 0 0 0.2784911494940684 0.07597111016448495 0.16877500870409837 0.04666901761628505 0.36435161226535007 0.20985540266389066 0.21827324964188624 0.3945191293286156 0.3573558475569762 0.13970631789316681
5 50 0 0 0 0.3553359892555619 0.17605016273746643 0.20439527301950433 0.07528669478404568 0.456547507216237 0.09809751593604402 0.27753664060742217 0.5811429473505544 0.5075850039179877 0.31475486628805405
6 60 0 0 0 0.48727250136359745 0.2855370436440456 0.25730721934491174 -0.0029196204940005327 0.32602516449956037 0.09061765461118183 0.39361978874588094 0.45858067448033135 0.4526406547627303 0.3570241845034176
7 70 0 0 0 0.7047057881782608 0.2787188402753087 0.36655873933390165 0.2752044859550299 0.4579511176291911 0.19375628889342167 0.6063648320947642 0.48180091708582756 0.48624543600643577 0.4463464470437134
8 80 0 0 0 0.7225353114845843 0.3697433854748912 0.6031919695224958 0.3744945344832862 0.36836924370151947 0.4206811458140487 0.7353957644682715 0.41702531332252296 0.45212593917715127 0.5839536237740692
9 90 0 0 0 0.8644247791482735 0.44108894579567154 0.7908540812751956 0.6648381559133515 0.4344535014266567 0.6030046302240043 0.937779489279893 0.57232572264073 0.6073602407675994 0.8347921276347243
10 100 0 0 0 0.863532663873622 0.5094512715275429 0.8115156062341764 0.8781477756732754 0.5845998582718359 0.7830664865183761 0.9396781408278408 0.648954751698096 0.7993967114278295 0.8271877276700329
11 110 0 0 0 0.8981674931466632 0.4266439395786518 0.8108709468632119 1.0665632413043886 0.7397897752042237 0.7891301922265642 0.8469886720045536 0.775351097655244 0.957158143033433 0.8469719177203332
12 120 0 0 0 1.008340355168685 0.6810426545241746 0.8163641246919525 0.7446068256092988 0.7428804082726386 0.5610271919113207 0.6005549473258975 1.0055780485507686 0.9096209938618348 1.0902374748068824
13 130 0 0 0 0.8397291373763439 0.9029023461375766 0.7606815739033173 0.6175961068692716 0.7674656439757628 0.819750176562468 0.7210262634210078 0.9552694939990953 0.9435747578946818 1.1022927426619331
14 140 0 0 0 0.7750567106559586 0.944148344746335 0.8209391121890818 0.5420370684240119 0.7397360126857975 0.959443339463894 0.8736466031689505 1.0332917472315613 0.9684240586359704 0.996245001869666
15 150 0 0 0 0.802530818368769 1.1442989288060619 0.9359035221845134 0.5720742658755944 0.8239833761443665 1.0081522412736168 0.737846519901546 0.9027330059153394 0.9219727828813734 0.7389103582832319
16 160 0 0 0 0.779244163318009 1.0388335399697561 0.9963315902903108 0.7876985567007363 0.8689942355645406 0.9089302140801188 0.6198552174062403 0.9218885364936515 0.7086494656814597 0.8256926799106533
17 170 0 0 0 0.9400457051909232 0.9642017259837188 0.7724932448488807 0.9620726802642294 0.7668232088593747 0.9413458277818687 0.7025423442807593 0.9238454123957617 0.6817511626208297 0.9354654294217957
18 180 0 0 0 1.1757257182927352 0.8066010484494256 0.933555614026227 0.8605822702399006 0.8737922960423958 1.0483150992439814 0.8782264509285516 0.9124445621794015 0.8405443673881748 0.7927009484636661
19 190 0 0 0 1.091178082355349 0.9278927849043693 1.0366784181795978 0.7503963498042411 0.8136384832718633 0.986653993055242 0.7818800533817483 0.9163676780494912 0.9320338134791823 0.8869284729568236
20 200 0 0 0 1.0503130795025692 1.0322536004670329 0.9394477229469876 0.7936932248607269 0.667318983883651 0.8109080973120086 0.7728538534734848 0.6766223391513909 1.0111720663598605 0.9013785202818768
21 210 0 0 0 1.0419368956013677 1.0867071817704481 0.9900714297476185 0.8535845714706064 0.6683521223377646 0.8933984244301696 0.7384654350927212 0.6514412594817901 1.0794289976536204 0.8484284860451169
22 220 0 0 0 1.0589971711636936 1.0963406410452838 0.8808586891127348 0.8826335604452336 0.7003608235037007 0.950802895991473 0.8129204516923758 0.7076581120454317 1.1485732916729154 0.8228817745148193
23 230 0 0 0 1.1319692341109595 1.0587503986832558 0.8838902652837864 0.9167974740515249 0.6696071961423051 0.9639447053500475 0.9437885824340874 0.8605336316852253 1.1060276488475564 0.9024036930504746
24 240 0 0 0 1.0961136938224862 1.0367180901443123 0.978768909209019 0.93248282265471 0.7333464157202706 0.9709894515652662 0.941124842918981 0.855641573704223 1.120360936033344 0.8450573924668267
25 250 0 0 0 1.0612925955642765 1.013221465700433 0.8650831194775535 0.8938234243161736 0.7342610363191153 0.9592773292519725 1.0054364661737876 0.9566890119164378 1.030743484362472 0.8268745444124846
26 260 0 0 0 0.9676691655108266 0.9514934039864471 0.8604863724747484 0.7685752376041672 0.7764465987205481 0.9575994463699617 0.8688429234080871 0.873488874823306 1.071537453511949 0.8782091981544016
27 270 0 0 0 0.9239855888554899 0.9530028001483004 0.8270275061541366 0.8596081510208216 0.8433070419734305 0.840990550370979 0.8672183196642788 0.9063718314131202 0.9619829656352468 0.9068678878426012
28 280 0 0 0 0.9764872002461426 0.9844695719812565 0.8201918164741733 0.8735156180172052 0.8390384756208329 0.8921551143408475 0.9044888771758736 0.8653104942171681 1.044212387641605 0.8970876415372778
29 290 0 0 0 0.9850198242317505 0.9580401482790004 0.8041464007606903 0.9075324566675886 0.8863995719043491 0.9170686978018585 0.9717797085849291 0.8420064614595005 0.9123851328423151 0.9247565253886164
30 300 0 0 0 0.9646781656599326 0.9690678927322949 0.7584002604150686 0.8830997364671321 0.8682851689895689 0.8985770906282984 0.9898806953620783 0.8581420716576317 0.9466807369533098 0.9072614561605227
31 310 0 0 0 0.9973883417469142 0.9170657873430293 0.9240891056052567 0.9032278360266874 0.8724635519892179 0.9591157838687483 0.9921141588382901 0.8487684524696022 0.912547879338492 0.9933279088344119
32 320 0 0 0 0.9508389128578523 0.9529772383666326 0.9063584150751923 0.8536458323593145 0.8799873554708473 0.9014573028740243 0.9940665817765831 0.9472150900167828 0.8633140209499486 0.9731091628396991
33 330 0 0 0 0.9146776761356069 0.9621400335493945 0.9203246728141837 0.9597173439100264 0.9139882870309314 0.8995118765633344 0.9808020505495093 1.019022302615407 0.9057344575252686 0.9911349865548792
34 340 0 0 0 0.8995190142449696 0.9785551071984729 0.9352060351526519 0.9366135367922533 0.9740457512752078 0.854435977856019 0.9830970252978853 1.0349857599801997 0.9413406176746693 1.0112628659316893
35 350 0 0 0 0.8464888559586984 0.9554209717347785 0.8965770001592082 0.9062374970623446 0.9185998282937711 0.8481344850703022 0.9906908601907845 1.000524201550026 0.9502470247589321 0.9836136097291005
36 360 0 0 0 0.8812988720564829 0.9434037818519436 0.9074647452086777 0.9148312792915401 0.9700104406635138 0.894321205575067 0.9699113952169026 0.9290560053487031 0.8987596615393291 0.95281721224912
37 370 0 0 0 0.8847691931547159 0.8814877503719042 0.9292898404279148 0.9277480576007374 0.9733600574625684 0.8395871093680695 0.9250960295604578 0.9525513645234578 0.8930373176121431 0.9477801620422321
38 380 0 0 0 0.8806392065303758 0.8382613301429671 0.9268259073270045 0.9068520657740365 0.937130871298268 0.8852128901921913 0.9245499014755105 0.9396104974979583 0.8870995634762903 0.9756721357189096
39 390 0 0 0 0.879018177631204 0.8626789471881106 0.9266085396497687 0.9410499698684204 0.9197616189422323 0.8941028451160247 0.9709917734263294 0.9322154716489258 0.9219306559309062 0.9468524118271187
40 400 0 0 0 0.9068848749132239 0.8176702641595744 0.9448317992604595 0.9290285022930554 0.8810018872120489 0.8815742036999327 0.9425889698148152 0.9323564603926696 0.9190184213067993 0.9500749416525203
41 410 0 0 0 0.9161682202148291 0.8494798859681657 0.9472573271061999 0.9105151900512495 0.926072221815687 0.8745796071291696 0.9158513561256494 0.9001508564661346 0.913321649380313 0.9196416850835405
42 420 0 0 0 0.9240378025985169 0.9088187858372692 0.9816169404255852 0.9202567306662534 0.940543334329508 0.8766594950521228 0.8998741920569817 0.8949386736690172 0.9054266565994006 0.8997462790210516
43 430 0 0 0 0.8681637472734041 0.8805212372418958 0.9435876779973119 0.8938924522603053 0.9477254308416213 0.8933616150896224 0.9106574909608447 0.9183488920472651 0.8984082613014577 0.9042206226952655
44 440 0 0 0 0.8816207738032611 0.889814971928407 0.9376613084271825 0.9147322913942457 0.9060046900251156 0.8992783833847535 0.8879982839733478 0.9034026872578428 0.8897169799099843 0.8885477030581236
45 450 0 0 0 0.9090246057485711 0.8970858272484808 0.9035649525834748 0.9195996058489669 0.9257195785489518 0.8976625527589147 0.8905598450148242 0.9435337342741836 0.8873649798809111 0.8910837871925685
46 460 0 0 0 0.9173859932394269 0.9081956855920691 0.8980619953600509 0.9388176165364566 0.9174986707036116 0.9050658799364882 0.9022411271189414 0.9246757367906856 0.871901766019535 0.8948171749751063
47 470 0 0 0 0.9161194001007156 0.8769189939858095 0.9099952407788855 0.906974732116801 0.9229597935826276 0.8989198375419607 0.8900379839815578 0.9121620779557611 0.8809538186585213 0.884487839145044
48 480 0 0 0 0.9167509905786723 0.881667172106974 0.9015716852462 0.9054955506053272 0.9411993470763373 0.8968334989432174 0.8991703544478253 0.9176455034172262 0.8813681630985217 0.914630700016817
49 490 0 0 0 0.9177843814900392 0.8828837258258212 0.8998348437866702 0.9086538477615504 0.9285807916978841 0.9006361263193691 0.8939917942308625 0.9071873521916344 0.8844838612961283 0.9044254983420429
50 500 0 0 0 0.9140658596841497 0.895404035588905 0.9091895140048919 0.9109062353557832 0.8982982263891199 0.9164545553637646 0.885698368905012 0.9116124341947778 0.8876839594796059 0.9112407524166756
51 510 0 0 0 0.9185684423331973 0.8952780931955049 0.911081578038641 0.9187578969317441 0.8957389355296651 0.9120422027833193 0.8927446904112751 0.9147461577216915 0.890226100192324 0.8965330388831679
52 520 0 0 0 0.9115136640951251 0.898970879411345 0.9056699357922947 0.9205306937674449 0.8879717981937887 0.9098826995892854 0.8967160956886255 0.9142038758208629 0.8935098112604717 0.9020564361612446
53 530 0 0 0 0.9095042998310909 0.9099627959783303 0.8985350867249461 0.9175184024374988 0.8934422279047408 0.9201956450260748 0.885894380997546 0.9157127288189565 0.9044571797146567 0.8948777561943427
54 540 0 0 0 0.9218870389482734 0.9072860807566863 0.8993133615632706 0.9138254768478573 0.9018916021470791 0.9154182122620814 0.894914238175386 0.9045267195256643 0.8933401485457253 0.8938053505948909
55 550 0 0 0 0.9237639308834392 0.9085612017452839 0.9009671564145766 0.9024461036970224 0.9047801832324918 0.9233766097202044 0.9068737582060684 0.9139260334024721 0.8967363649379555 0.9028879230741457
56 560 0 0 0 0.9078151061743118 0.9057598804325331 0.901022789753896 0.8985193637437291 0.9030054817057191 0.9214947603297438 0.9050588017322151 0.9142826762403539 0.9008394926603432 0.9048021321701814
57 570 0 0 0 0.913461689403243 0.9022985406151907 0.9023957935339425 0.89683066688404 0.9077464089923238 0.9188171871322 0.906589784252893 0.9084624592721969 0.9007868800862211 0.9063894548861132
58 580 0 0 0 0.9225598586742089 0.9073853580750184 0.8995760852909875 0.8966371214781432 0.9087513101514237 0.9169858684033576 0.9034578995078353 0.9135985274036981 0.9042811789499541 0.9040206547116951
59 590 0 0 0 0.9214553918442456 0.8989911835167079 0.901404862049476 0.9018708434021894 0.9071939904436088 0.9153179037634451 0.9032197601326568 0.9067768759002099 0.9027897353064732 0.9051077949884847
60 600 0 0 0 0.9175053977414541 0.9001166777575308 0.8984994022905417 0.904481489673763 0.9018971635527976 0.9158773680610409 0.902699257706443 0.9074980517933705 0.9006889229107372 0.9020258816526309
61 610 0 0 0 0.9156879685952655 0.9073744939438976 0.8982308881186901 0.9009692910884808 0.9041045220591938 0.9123970112303686 0.9034529313614327 0.9088895831935159 0.9035529433316403 0.9051772816857546
62 620 0 0 0 0.9094835613945167 0.9056873243802245 0.8986720453219479 0.8999781730485733 0.9012862954347353 0.9163140878153827 0.904096298327392 0.9067381979664008 0.9013241352234829 0.9074137735202796
63 630 0 0 0 0.9083504252473923 0.9067609071497885 0.8989987121092482 0.9022598831591393 0.903338781918621 0.9146193232595129 0.9033628059791092 0.9051522222396448 0.9031916676684684 0.9071580341755604
64 640 0 0 0 0.9071658036168465 0.9075910346641388 0.9019819809291435 0.9041614907882305 0.9061930181744414 0.9123463846447575 0.9026837461357332 0.9057105498919789 0.9041441651534382 0.903795299270982
65 650 0 0 0 0.9044079918049808 0.9038824524866386 0.9032863378554138 0.8997072992926293 0.902741871895095 0.9107309693332248 0.8993956361258582 0.9014842049533671 0.904480488256518 0.9045168173479098
66 660 0 0 0 0.9070589871734217 0.9049272701355029 0.9027074375595148 0.9035166468641612 0.9037609602072656 0.908321969320304 0.8991380004803247 0.9021475768982795 0.9036337506687919 0.901260241803304
67 670 0 0 0 0.9052077216393732 0.9074267614533708 0.9023990208678422 0.9057497629167318 0.9055090837806121 0.9070924366198998 0.9003881703432783 0.9038329069953563 0.9042659968695317 0.9018564662006318
68 680 0 0 0 0.9092482206602288 0.9074466994460885 0.903370946592506 0.9078880730631943 0.9033611276360979 0.9056140970691042 0.9029539868826346 0.9057356173792456 0.9049476893834453 0.901772903332737
69 690 0 0 0 0.9108814193652404 0.9051741868907588 0.9043203576990014 0.9052179432594106 0.9014563883453196 0.9051887072749725 0.9023656988330494 0.9053270126478321 0.9040822901412511 0.9027604683697603
70 700 0 0 0 0.9106136899147375 0.9035681678675123 0.9039316247581635 0.9019169822800864 0.9008242336592128 0.9052826833247014 0.9046676018613474 0.9047983121329494 0.9055301727779307 0.9023072307686597
71 710 0 0 0 0.9081544886928108 0.9044271105897534 0.9024578784773624 0.9030723320038168 0.9038697409769939 0.9070566599250905 0.9033040582106109 0.9052471238782315 0.9051708384846393 0.9023716591943872
72 720 0 0 0 0.9078292242581968 0.9054014435698762 0.9035956835744295 0.9032988653192522 0.9023950980627155 0.9053544971599526 0.9029067923535434 0.9033856707337792 0.9057552941155437 0.9015728891431217
73 730 0 0 0 0.906416178933197 0.905907049160685 0.9034941484510784 0.9024326062539565 0.9037635910753371 0.9045019356179687 0.9034642085382825 0.90256789365189 0.9048502771822692 0.9027370690070365
74 740 0 0 0 0.9055254070803449 0.9063260249130892 0.9026456247014766 0.9020154914861251 0.90366857294187 0.9053254717012887 0.904172539034499 0.901115022635615 0.9041151563863624 0.9039997364871487
75 750 0 0 0 0.907196586788527 0.9061138593964078 0.9027669798005117 0.9022579511861314 0.9043691871986261 0.9056313441806907 0.9038030256368035 0.9016948699213143 0.9049244681994371 0.9029576304838367
76 760 0 0 0 0.9067140652303127 0.9063167876474073 0.9040165616730725 0.9035572696153515 0.9047027734719991 0.9043793880306764 0.9044381917673089 0.9033922277963788 0.9057119264929824 0.9028942395831164
77 770 0 0 0 0.9068067846616472 0.9054274520760098 0.9046105400989101 0.9027966855416226 0.905516465086974 0.9040084101466302 0.9052241899363056 0.903759246244982 0.9051797139025888 0.9019698633967537
78 780 0 0 0 0.9061546945115123 0.9057532748313726 0.9050681938260349 0.9031275652499722 0.9056807312448546 0.9038906049094955 0.9058075717628638 0.9038176847159629 0.9049196294880608 0.9026870346830564
79 790 0 0 0 0.9071371451155059 0.9049859848720501 0.9049418082882472 0.9035309240022844 0.9058503935237712 0.9047211057050203 0.9048878466709279 0.9024094212133823 0.9052021251700315 0.9044094377451485
80 800 0 0 0 0.9062134740843983 0.9048715631969296 0.9044403313440104 0.9033905967126641 0.9050781313840695 0.904516582651356 0.9047969367715486 0.9051551376457667 0.9055241199695456 0.9031750406302688
81 810 0 0 0 0.9063403164535727 0.9058677851750652 0.905905266065652 0.9038956674986764 0.9048624279287985 0.9047538712164925 0.9054419888266365 0.9055328138389641 0.9041720588630213 0.9044237096790536
82 820 0 0 0 0.9074429172076895 0.9044779926147587 0.9066676091922328 0.9045854681314862 0.904814744164552 0.9043022455928276 0.9051909614685492 0.9061446539738408 0.9045410848340579 0.9043713903270205
83 830 0 0 0 0.906909713245005 0.9048713503685599 0.9064608883178489 0.904472925626523 0.9043374813634709 0.9047781494859296 0.9055711753516642 0.9054292642071363 0.9046671891166675 0.9046488552745823
84 840 0 0 0 0.9069770591426518 0.9050781550566013 0.9054128601919038 0.9045974301511901 0.9051567937963821 0.9057585056333636 0.9060025441542934 0.9047398227861144 0.9041011871292631 0.9051521269533872
85 850 0 0 0 0.9062763464455362 0.905420823424992 0.9043634817320517 0.904400149579047 0.9059151084385737 0.9045643013635002 0.9056744276281363 0.9046435519835871 0.9033987340298534 0.9051839516766857
86 860 0 0 0 0.9066119116450494 0.9055216268325126 0.905156002430172 0.9052161823252107 0.9062411225060503 0.9051165307896687 0.9057451753625769 0.9050898069500501 0.9039916483286141 0.9055500899618378
87 870 0 0 0 0.9066803415237468 0.9054300301736755 0.9055124302003752 0.9057391435280604 0.9059313686107777 0.9052323321960373 0.9057183381095788 0.9053308537873811 0.9043167553975108 0.9050182933849455
88 880 0 0 0 0.9069140669078918 0.9057489673500094 0.9057805429046074 0.9053938758111854 0.905948939341525 0.9050941245599027 0.9055999615706044 0.9056912108088958 0.90472430241865 0.9037577085413997
89 890 0 0 0 0.9064211289170833 0.9053378992006595 0.9056451834300837 0.9054853400153076 0.9050170617193144 0.9055236272129007 0.9057098238928659 0.9055609837748531 0.9045609021937266 0.9051642359059591
