% # columns="iteration, evaluation, sigma, max axis length,  min axis length, all principle axes lengths  (sorted square roots of eigenvalues of C)", seed=957293, Wed Mar 11 16:01:03 2020
1 10 0.1902887510469991 1.0000450010125153 1.0 1.0 1.0000050000125 1.00001000005 1.0000150001125006 1.0000200002000015 1.0000250003125026 1.0000300004500045 1.0000350006125072 1.0000400008000108 1.0000450010125153
2 20 0.1891126605387698 1.0834242835380743 0.9435483442952849 0.9435483442952849 0.9499183125671682 0.9598882204716711 0.9845383757427743 0.9987071634891813 1.0001983517220168 1.0047288405752 1.0109057088948765 1.0240717842656986 1.0834242835380743
3 30 0.19577605108139395 1.1343215157463833 0.8860798390446362 0.8860798390446362 0.9331288289551389 0.9556492768142341 0.9593697363642615 0.9880318144881394 0.9909172323411516 1.005263543658897 1.0184728963743186 1.0340093339823961 1.1343215157463833
4 40 0.21103079674820316 1.1985444475035105 0.8791213988660217 0.8791213988660217 0.8992263674505774 0.9465484714064353 0.9513797676613084 0.9788505184358851 0.9884897250056102 1.0067095056852504 1.0140856284078135 1.063036282331868 1.1985444475035105
5 50 0.22590326587830137 1.3012526988280941 0.8354698767182147 0.8354698767182147 0.8955690736911045 0.9171739679117346 0.9475422341963623 0.9808384041298425 0.9893946819220104 1.0010926479749933 1.008982931571481 1.05919917955937 1.3012526988280941
6 60 0.24098024459330464 1.3738086928806357 0.8329387519935101 0.8329387519935101 0.8820219487065383 0.9031110727621122 0.9378387259320589 0.9606420520557499 0.9805594155089351 1.006652261425668 1.0204128319646073 1.0674244183290078 1.3738086928806357
7 70 0.28793770482723335 1.4556290200701085 0.8236634600436122 0.8236634600436122 0.8529789631767275 0.8895514497691509 0.9200654271543535 0.9509533843124621 0.978901210154459 1.0059460333305623 1.0236041633976898 1.0496542984149377 1.4556290200701085
8 80 0.31738820490490766 1.5390104894842351 0.778014060040251 0.778014060040251 0.8397658204735222 0.8888071429079941 0.9300858639222813 0.9420505590503584 0.9736857317380675 1.0089484775173216 1.0326037763294005 1.0510598034285434 1.5390104894842351
9 90 0.3179049132728965 1.5500962785011756 0.7695509686881874 0.7695509686881874 0.8153468994784809 0.8717510498016218 0.915645054955331 0.9393284043111099 0.9620802705849357 1.020598534063583 1.0395908125636608 1.0887374302260604 1.5500962785011756
10 100 0.31170085603476955 1.5585545570398969 0.7181995450480009 0.7181995450480009 0.8199340250482767 0.8703000403380625 0.9066803860539329 0.9307525396000015 0.9619257705750688 1.0094377448100387 1.0321586819303437 1.0929689311461777 1.5585545570398969
11 110 0.29877776659787303 1.5599857266564086 0.7103662845459964 0.7103662845459964 0.8137968157619279 0.8692453836451135 0.8940406177805064 0.9156117347577424 0.9456271469264548 1.0030342447942633 1.025273876244133 1.0691485294209644 1.5599857266564086
12 120 0.2882373694631833 1.555891043672027 0.7216436897702937 0.7216436897702937 0.8133601466666536 0.8649551658260782 0.8702702108146595 0.9064998962163089 0.9317238569508887 0.9637026491197138 1.0235343698531536 1.0552637602584758 1.555891043672027
13 130 0.25853770399722303 1.529895528557149 0.7184558618995706 0.7184558618995706 0.7929672676470763 0.8390835147805351 0.8829820478306342 0.8931639626656117 0.9383528145319117 0.9576100913095076 1.0257243655848622 1.067970351355001 1.529895528557149
14 140 0.24103451005450735 1.4600221739753234 0.7107811347375694 0.7107811347375694 0.7922205558668022 0.8232154384034153 0.8806468140078537 0.9026955115958184 0.922476506425927 0.9533317780529353 0.9906048412435069 1.0680876890887205 1.4600221739753234
15 150 0.22974303568625992 1.3846844306025372 0.7166853812919808 0.7166853812919808 0.7866489695408777 0.8015707704964536 0.8775770719865144 0.9057410444712042 0.9080701757450573 0.946290565621695 0.9936928797480722 1.066975513481914 1.3846844306025372
16 160 0.23588921433911647 1.3493019665801906 0.7213854752864542 0.7213854752864542 0.7693483671680272 0.7909430849196686 0.8747109677064114 0.8951159367530724 0.9091331356311501 0.9459055475282881 0.9869404126053409 1.0621722295061362 1.3493019665801906
17 170 0.2167757398468266 1.339600991666645 0.7194540027583094 0.7194540027583094 0.761584496784457 0.8001327601207979 0.8503190105860551 0.8803675233733895 0.9182487876730328 0.9734350433331828 0.9842829934966064 1.0644597131967293 1.339600991666645
18 180 0.19847118732277313 1.3203133240212115 0.7024614214407191 0.7024614214407191 0.7574396410817102 0.7970899854935473 0.8124290386708296 0.8576259152573571 0.9252400867423871 0.9572009894924581 1.0011786794072557 1.054498575558051 1.3203133240212115
19 190 0.18616674680087347 1.2609116048794757 0.6800395186735992 0.6800395186735992 0.7554294277206008 0.7781926108167498 0.8085300374008376 0.8582960077994611 0.9161230687430719 0.9499372475855926 0.9997507261818004 1.0589037707434517 1.2609116048794757
20 200 0.1699441209419004 1.2259113269357567 0.6836792551293773 0.6836792551293773 0.7530148792924903 0.7770658365388678 0.8081108870461525 0.8388435471628628 0.9161523596260962 0.9283149565301649 0.9985548397572678 1.026965299801981 1.2259113269357567
21 210 0.15567825098050736 1.2055831766069316 0.6819793463944999 0.6819793463944999 0.7430297484431866 0.7588603372215755 0.8182013979246027 0.8436886540434932 0.8720336127537948 0.9409462036432141 0.9991197588323529 1.0254960108322055 1.2055831766069316
22 220 0.13651013714501087 1.224442948868883 0.6767790756501453 0.6767790756501453 0.7227650587205763 0.7562887369735635 0.7853568133235495 0.8352440587279754 0.8692671110015127 0.9398833406109864 0.9761177957768726 1.0317021438522977 1.224442948868883
23 230 0.13604748188468438 1.227971331981684 0.6756693153010804 0.6756693153010804 0.6999072801209759 0.7302784478182507 0.777581624030852 0.8293943796756635 0.8632067478028063 0.9347124498221165 0.9720370395801122 1.0366024957698492 1.227971331981684
24 240 0.1468011533642335 1.2204714215314347 0.6805812852143956 0.6805812852143956 0.7065022322748731 0.7146959307164559 0.7742890243850153 0.8407085205101542 0.8541254031443659 0.926276342744882 0.9581987994856029 1.015931578430232 1.2204714215314347
25 250 0.14406703250301908 1.1931355914879953 0.6735638836736844 0.6735638836736844 0.699219274092826 0.7156435777415435 0.7643308586964571 0.8215506817894044 0.8635254026576802 0.9044390077655545 0.9522055065368826 1.1127037016531716 1.1931355914879953
26 260 0.1423504453732804 1.1697312220978073 0.6642375240602308 0.6642375240602308 0.6940289799319189 0.7068087833400373 0.7453671000571283 0.8192859508527502 0.8503340555946439 0.91209802512215 0.9315975616899658 1.135491474250252 1.1697312220978073
27 270 0.13335635990027844 1.1609772599344104 0.6373544079139325 0.6373544079139325 0.6926407354031225 0.7048860764671676 0.7494456323936899 0.8201550579956711 0.8522078048509437 0.8789302822814158 0.9294759909151561 1.1410992008805925 1.1609772599344104
28 280 0.11646074453087775 1.178307363220767 0.6309608911658046 0.6309608911658046 0.6863232008198777 0.6945128272075369 0.7293023313363907 0.8131452211038025 0.8298565421690977 0.8718016656688821 0.9337727153768985 1.1035948512561669 1.178307363220767
29 290 0.1112862445256503 1.1807478970804752 0.6321610083600366 0.6321610083600366 0.6696907837350378 0.6858439676580226 0.7257008813532475 0.7992240489112529 0.8218643939992715 0.8597664264871268 0.92435598012717 1.0748888635420066 1.1807478970804752
30 300 0.10213395739947903 1.166062352756619 0.6176325712087498 0.6176325712087498 0.6751502744643064 0.7005766525213246 0.7116933128773557 0.7706099276187427 0.8125455684616087 0.8677070107237017 0.920770300774522 1.0717937797212154 1.166062352756619
31 310 0.09265961694640648 1.16988723441179 0.6076812699655119 0.6076812699655119 0.6683603047255808 0.6756756777709848 0.7022309405365061 0.763359992409194 0.810263818194532 0.8605567785856338 0.9256466987585916 1.0620884902813124 1.16988723441179
32 320 0.08253729710832104 1.1813212233824395 0.590846912806149 0.590846912806149 0.6534106248881005 0.6732623507547257 0.689998305003736 0.7539463262942301 0.7995839476278114 0.867486722276778 0.923690641698465 1.0418712650399122 1.1813212233824395
33 330 0.07463853138938692 1.1604721226417265 0.579140725274235 0.579140725274235 0.6389906860537973 0.6711694641430448 0.6828960623985156 0.72868470678819 0.7964365368485538 0.862105140109873 0.9310174286506828 1.0438339350860115 1.1604721226417265
34 340 0.06960009589954314 1.1473869664132246 0.5816019011598622 0.5816019011598622 0.626952113674738 0.664181359231801 0.6839568837565329 0.7169095739191346 0.7826457656889567 0.8674034942738268 0.9204401538288208 1.017451359827124 1.1473869664132246
35 350 0.0690729490881767 1.1513516376976227 0.574719518163732 0.574719518163732 0.6275866711552842 0.6495312576403787 0.6831131531748953 0.7311830442296443 0.7845451055646755 0.8486453285880337 0.9048633965574158 0.9892355403361643 1.1513516376976227
36 360 0.07024200246157103 1.1364084119954507 0.5697823272316319 0.5697823272316319 0.6182229253149722 0.6336373314738455 0.6813980325429333 0.7222232276769989 0.7818397178589078 0.8480814238303515 0.904557276406415 0.9838163902175536 1.1364084119954507
37 370 0.06922400704560056 1.1050344994666668 0.5739287962684743 0.5739287962684743 0.6254313870758128 0.6408765066249532 0.672896319793687 0.7240042896110176 0.7647490654002126 0.8499999194399686 0.8821018028390836 0.9758972785156708 1.1050344994666668
38 380 0.06816339831858262 1.1066201043493316 0.5710898499374923 0.5710898499374923 0.6316328779000817 0.6489288749830976 0.6768285361961704 0.6892476501131964 0.7535580255534984 0.8435452162750444 0.8811066647163016 0.9632665995638856 1.1066201043493316
39 390 0.06602518396553994 1.1011070470197937 0.5644090959272489 0.5644090959272489 0.6185018638333337 0.6436246169410633 0.6815269887001189 0.6977684602577924 0.7399159183643008 0.8567192111774965 0.8642392708970494 0.9538054104327313 1.1011070470197937
40 400 0.06366599629841763 1.0822589708905854 0.5633360466805218 0.5633360466805218 0.6106402494861465 0.6462262838643499 0.6889768177352507 0.6916833422297065 0.7287151863847148 0.8418050900983739 0.8701592756239637 0.9320350135713064 1.0822589708905854
41 410 0.06179812312615815 1.047422024564796 0.5605233719830065 0.5605233719830065 0.5899302806968336 0.6393718961738603 0.6862757450665019 0.6994922981928413 0.7535123509059413 0.8242859021801073 0.8768285702563234 0.9135994084084067 1.047422024564796
42 420 0.056271378267206906 1.048007488635653 0.5715222598047277 0.5715222598047277 0.6019241894868769 0.6083380935721183 0.6593074928161664 0.6995559086303743 0.752492874231209 0.8141947557852319 0.8734705926659281 0.902643749879108 1.048007488635653
43 430 0.05381062634512255 1.0438297221772994 0.564379232851028 0.564379232851028 0.5929115270615327 0.6013478477246023 0.6682745654780097 0.6986805245918526 0.721236489303588 0.8045162095115352 0.8519065301368702 0.9072719334152491 1.0438297221772994
44 440 0.04929841049114569 1.0357962641846767 0.5694359872473412 0.5694359872473412 0.5882226011935928 0.5929113490813606 0.6561777079676221 0.6799632812934658 0.7326562436032427 0.8135645408249316 0.8412433507563696 0.8930870241262241 1.0357962641846767
45 450 0.048015188097949975 1.0171092326372382 0.562637602096041 0.562637602096041 0.5845789865628319 0.587660115951278 0.6581562048277377 0.6703240495540644 0.7348266519928245 0.8009164015019031 0.8243495758114808 0.8935507863433962 1.0171092326372382
46 460 0.04841978045809058 0.9977021223474318 0.5711310612803268 0.5711310612803268 0.5802448953716836 0.6046205636245795 0.6497882511878748 0.6728382441976727 0.7308803687153616 0.7886017810658249 0.8177394391538165 0.8782843915018927 0.9977021223474318
47 470 0.047786924573309096 0.9863751898082814 0.5622007917925652 0.5622007917925652 0.575731546045893 0.6184667656470898 0.6441908576529477 0.6715251631981359 0.752913751077203 0.7746110984159371 0.8093882290434394 0.8649695905108921 0.9863751898082814
48 480 0.046973438525860646 1.0007712133466458 0.5576339543760809 0.5576339543760809 0.567550899137758 0.6199343141382346 0.6468615508490363 0.668118294982312 0.7289613811113024 0.759254985487508 0.803896411295741 0.8630076751402598 1.0007712133466458
49 490 0.04338747302889041 0.9976260692338412 0.5334400588724658 0.5334400588724658 0.5638476527731459 0.6046209816845523 0.6475659612700863 0.6762747885062459 0.733466481414631 0.7729345852101177 0.8001472851282616 0.8465567495453249 0.9976260692338412
50 500 0.03976456197151203 0.9834036120489071 0.5317474894306227 0.5317474894306227 0.5691278435466081 0.5970527954311996 0.635140510664833 0.6649096462483359 0.7107466790000152 0.7482420288223497 0.8098117775312383 0.8554047560175169 0.9834036120489071
51 510 0.03516489353931 0.9796226147155342 0.5176602909524103 0.5176602909524103 0.554453377648249 0.5898138459432059 0.6360556237603476 0.6625143917112771 0.6986688052823842 0.734345092516974 0.808340444986644 0.8668366660243665 0.9796226147155342
52 520 0.03169551909247211 0.9665745367037571 0.5108144324758062 0.5108144324758062 0.5441960184917011 0.586997240670797 0.6269616736573269 0.6690317861699874 0.688583501343952 0.7350181916065652 0.7786700909330563 0.8697842944423076 0.9665745367037571
53 530 0.029005716225344702 0.9521134971959826 0.5001751506337655 0.5001751506337655 0.5170722625759373 0.5795548956804097 0.6277430334479835 0.663028121319138 0.6967530442208121 0.7267632128462146 0.7760119618558243 0.8594035700105815 0.9521134971959826
54 540 0.026957763186758337 0.9543734299198987 0.4887556627838677 0.4887556627838677 0.5100651297098455 0.5693141618586979 0.6127964189819906 0.6662022157842363 0.6823101455321076 0.7234932843206456 0.7605451933507451 0.8580983253835351 0.9543734299198987
55 550 0.025545234575094285 0.9462605547038265 0.4783916200460641 0.4783916200460641 0.511282482686319 0.5599652158186315 0.6174057005529889 0.6524165204015725 0.6821990187878015 0.689812868447497 0.7643485281438489 0.8502124702576713 0.9462605547038265
56 560 0.025904045548099972 0.9335666920998079 0.4742752231131156 0.4742752231131156 0.5070168748242883 0.564436753702229 0.6146513981671101 0.6560786485397673 0.6634856154823745 0.6826179937816018 0.7532448972257347 0.8360497238971392 0.9335666920998079
57 570 0.024425353289147717 0.9585651470546509 0.4688848448118779 0.4688848448118779 0.5237846072239521 0.5583666593295404 0.6060158416198669 0.6480837921512702 0.661464519430221 0.6878883908967307 0.7207797859181914 0.8302522844964008 0.9585651470546509
58 580 0.02306894586693889 0.9534122385992269 0.4456295411281712 0.4456295411281712 0.5307744842698059 0.5422553380799505 0.6054897302975362 0.6368495051338771 0.6498219488506107 0.6828316589214208 0.7213437827719359 0.8234754606696391 0.9534122385992269
59 590 0.02225694135444243 0.9550564455943915 0.44147714159650464 0.44147714159650464 0.5208239412147675 0.5422745825736006 0.584588051836959 0.6358645618798292 0.6468298044437877 0.6759690826584704 0.7226236713087772 0.8128751195032398 0.9550564455943915
60 600 0.019302216182290503 0.9525957934858558 0.4522970439270378 0.4522970439270378 0.5124286072184201 0.5380346412478068 0.5836841575945787 0.63126805573156 0.6551052097482069 0.6663490997507945 0.7031190704481093 0.7927996875581382 0.9525957934858558
61 610 0.017485402093017383 0.95227992955923 0.4445870613232761 0.4445870613232761 0.5020387119493452 0.5291357229875521 0.5767011091487612 0.6178146909909804 0.6459944508561787 0.6624118051873059 0.6968431913349802 0.7809568561186837 0.95227992955923
62 620 0.015917478864100266 0.9339540035001249 0.44468180765312315 0.44468180765312315 0.506622531855973 0.5266492261788258 0.5814758066540238 0.594083273590335 0.6358427090725166 0.6502596531677867 0.6867883938727836 0.7605055633779936 0.9339540035001249
63 630 0.014122489031995283 0.9090400684982829 0.4502448782845745 0.4502448782845745 0.5051553472100434 0.5205012694937761 0.5711880275954225 0.584551633042013 0.618317656501039 0.6523845683371007 0.6776906906182214 0.7578116302990161 0.9090400684982829
64 640 0.012853993906949237 0.8838544300633181 0.4441872312648138 0.4441872312648138 0.5019310266182425 0.5150550761544092 0.5745276985065867 0.5907164144729296 0.61522456707659 0.6345097366996381 0.6671234056729152 0.7563461233050377 0.8838544300633181
65 650 0.011944080471047731 0.8692575565236064 0.44521629377511823 0.44521629377511823 0.4947582196848663 0.5115960243210154 0.5705086596898403 0.5800819381472404 0.6121375579247789 0.6411710464640016 0.6753468208206862 0.7442369942914603 0.8692575565236064
66 660 0.01117179685231006 0.8591159025739754 0.45063027676145717 0.45063027676145717 0.47957393748939486 0.5272644040327823 0.5623087721552608 0.5905022591120852 0.6039962483630098 0.6356369277420538 0.6663755199888637 0.7270059272117856 0.8591159025739754
67 670 0.010203302012896983 0.8471381285334574 0.4471708333542604 0.4471708333542604 0.46171654968434844 0.5245723452457707 0.5612822712227321 0.5732410384179957 0.6000720339616338 0.6224641476146555 0.6717222251668682 0.7333921027945803 0.8471381285334574
68 680 0.009029980079361953 0.8490084510646245 0.4316972744227599 0.4316972744227599 0.45767030583040863 0.5207197127829858 0.547588563527136 0.5638933620038582 0.6008955392203913 0.617763624309105 0.6692186272896458 0.7151197552320628 0.8490084510646245
69 690 0.008542845303339132 0.8445390934943019 0.43148629400101324 0.43148629400101324 0.4493433939880355 0.5046451166550361 0.5335278158362855 0.5593990451958121 0.593460625509703 0.6143947330383364 0.6690894073993768 0.7123605185716594 0.8445390934943019
70 700 0.007691954440488446 0.8403746333536859 0.43112319614182476 0.43112319614182476 0.44818106992720974 0.4942029676938751 0.534986967455936 0.5564160578179861 0.5901892910845384 0.6154655450900173 0.6671182700407837 0.6845732010976238 0.8403746333536859
71 710 0.0074182182231528684 0.8308677026542429 0.4316695177319445 0.4316695177319445 0.4439574220763714 0.4861101783478689 0.5303902831904835 0.5584184916793158 0.5809411871138461 0.6162635108810204 0.6559397736426831 0.6777604474129618 0.8308677026542429
72 720 0.007031790564569248 0.8195897501621906 0.42850007090848097 0.42850007090848097 0.4474339607046609 0.4745699500870497 0.5091986022969066 0.5610679488186708 0.5843480623970829 0.6122918595272164 0.6556594018275025 0.6868884514717923 0.8195897501621906
73 730 0.006433153478030165 0.8164712397620779 0.42024092236115507 0.42024092236115507 0.4365215544608356 0.4690567616183283 0.5028221320210144 0.5527669273781287 0.5847122941108753 0.6057213462149003 0.6569022793942599 0.674721195595189 0.8164712397620779
74 740 0.006278630461648163 0.8033393822818998 0.4210336506832846 0.4210336506832846 0.436987083780777 0.46147575921374795 0.4891820523785269 0.5505906563305312 0.5777326703647262 0.6074894713608666 0.6481401793206668 0.6667689789692688 0.8033393822818998
75 750 0.005485992047288302 0.7951437256012327 0.4201250902632896 0.4201250902632896 0.4321930438288573 0.4579456185369604 0.4859047090131559 0.5435645612727074 0.569136340319872 0.6098830324185782 0.6466663577861704 0.6742349276563636 0.7951437256012327
76 760 0.005471018704042981 0.7883791598903542 0.4172553092472792 0.4172553092472792 0.4273035889719533 0.45898110475713133 0.48317672376575105 0.5418238440767166 0.5519330444958703 0.6015104356361639 0.6433475389039655 0.6592495481164085 0.7883791598903542
77 770 0.0051313141988912885 0.7615523717944888 0.4097735420673841 0.4097735420673841 0.42391915870493896 0.4578546065815173 0.49057337851651156 0.5269664224150583 0.5581236019041272 0.6139178025284832 0.6384696581608308 0.6635348971450102 0.7615523717944888
78 780 0.004808114836289362 0.7598799512047852 0.4078593512775923 0.4078593512775923 0.41968454052474496 0.45513925003688127 0.4770368073682524 0.5147640313995618 0.5603030563494159 0.6118517824313955 0.641193773929435 0.664560129575424 0.7598799512047852
79 790 0.004354099186833467 0.7521658090403193 0.3954014922868214 0.3954014922868214 0.4082808200145198 0.44328106239969123 0.4745191316191463 0.5084815221644623 0.5535204057405306 0.6171447808153016 0.6494262051421504 0.6686235701539928 0.7521658090403193
80 800 0.003970210380976995 0.7393017681863365 0.3776343383485089 0.3776343383485089 0.40256015201698114 0.43401468150383704 0.47425776267333647 0.5089124882535072 0.5521057241034587 0.6143281257323451 0.6564440538734745 0.6671784616142433 0.7393017681863365
81 810 0.003975034900397032 0.7357978720869132 0.3700746800410514 0.3700746800410514 0.4000884576701219 0.4319289274253757 0.46538477101084386 0.49986726601142695 0.5362257612304214 0.6135055858856975 0.6335154919362105 0.6660418648979689 0.7357978720869132
82 820 0.0038861462177852443 0.7341491706194955 0.3664249020443064 0.3664249020443064 0.40327146741241404 0.43093161073769726 0.4633177945514177 0.4943140467183908 0.5338051090100675 0.5975409690863307 0.6220058973524498 0.6760557807786102 0.7341491706194955
83 830 0.0036870447797708373 0.7407708608219434 0.3594530376563277 0.3594530376563277 0.3989244279610606 0.4209645430102336 0.44955807679189386 0.48216838154874814 0.5461749455613667 0.598370701613066 0.6118795573389341 0.6818057222038664 0.7407708608219434
84 840 0.003403840760318871 0.7210364192567469 0.3515592769547748 0.3515592769547748 0.39010538673684736 0.42234499979325746 0.4427048118391603 0.47997657974010816 0.5545605939837042 0.5896357557158222 0.620757281309533 0.6815377195606609 0.7210364192567469
85 850 0.003216985062754078 0.7166579634206925 0.352964773525381 0.352964773525381 0.3845342225670889 0.42499704570885677 0.44169303155017337 0.48113286043147374 0.5351275786241235 0.5743158394427063 0.6129357761080632 0.6786374118326685 0.7166579634206925
86 860 0.0029760126652493488 0.713513417240127 0.3548289328488235 0.3548289328488235 0.3851061295826349 0.40886269181094936 0.4398869924580643 0.4680074752222254 0.5322256845652978 0.5676883363674878 0.6108653195757366 0.6840156337228768 0.713513417240127
87 870 0.0031107091890310414 0.7013300601246854 0.35127656561157267 0.35127656561157267 0.3941664834639743 0.40628450111353626 0.4424565903871892 0.4633811962789054 0.5156920065623635 0.5693575613821162 0.5932540434633449 0.6675143908569684 0.7013300601246854
88 880 0.0030346749540013825 0.708238097839042 0.35503863385735257 0.35503863385735257 0.3830513838213968 0.40447031815663076 0.44336581509423495 0.4696603845880124 0.5178062228397788 0.5566766025545157 0.5909503390350066 0.6672821651594059 0.708238097839042
89 890 0.00273948113463601 0.7187849447297933 0.3709008147848104 0.3709008147848104 0.3877624112908507 0.3982494669756777 0.43652120412211093 0.4643222306971804 0.5109620618546225 0.5497175855116573 0.5937847723917489 0.6503531254138382 0.7187849447297933
90 900 0.0026449659775147553 0.6962436684719607 0.36978584699756606 0.36978584699756606 0.387830986766928 0.391379592892471 0.42602622509734955 0.4611288620270622 0.4983735895602877 0.5522874856431532 0.5865939995486177 0.6410862393018956 0.6962436684719607
91 910 0.0026067916421425637 0.6887364326882504 0.36776014083341046 0.36776014083341046 0.3849694550728571 0.3870950427526297 0.42648070806807203 0.4576965124858567 0.49647382892089326 0.5448214027958339 0.5910941355261727 0.6375659804809011 0.6887364326882504
92 920 0.0025084492130764365 0.6832289672784958 0.3648862205996 0.3648862205996 0.3775808124521517 0.3963875712416196 0.4226467268059203 0.45646602788824464 0.4902555441690715 0.530954358003494 0.5906542085362996 0.6381393682143292 0.6832289672784958
93 930 0.002480000254834132 0.6741051612616267 0.36417340430039913 0.36417340430039913 0.37675052863394926 0.4011316658169897 0.41591211948433215 0.45698521894269367 0.4940725494665481 0.5330231658459017 0.5903193246652454 0.608204398126764 0.6741051612616267
94 940 0.00251896779282854 0.6546574240006444 0.36351806642404244 0.36351806642404244 0.3801509879117908 0.40088914404971104 0.4156718646704638 0.4563315760675584 0.49093698629184707 0.5308000765629873 0.5795739384884357 0.5990859653675583 0.6546574240006444
95 950 0.0024344401726430678 0.653028386399545 0.3709469169370947 0.3709469169370947 0.3745319059271978 0.40007011125028247 0.40870460029285666 0.4589789579880743 0.47765885459236673 0.5310081324107139 0.5707601514238517 0.6119942779014872 0.653028386399545
96 960 0.0026033120358203285 0.6500363607732524 0.3596159603758847 0.3596159603758847 0.37141443599639107 0.39664462974318276 0.4074539443964529 0.453359278311741 0.47508018655013934 0.5326259264189044 0.5709922032724274 0.5961037307473881 0.6500363607732524
97 970 0.0026363754535454 0.6448428145911234 0.3498051449298702 0.3498051449298702 0.3822132027851855 0.38768482417633726 0.4130797535072168 0.451362158464479 0.4835049375109966 0.5429015681129454 0.5590898140537522 0.5940910385814696 0.6448428145911234
98 980 0.0026403032413668615 0.6414531952714972 0.34530568211595136 0.34530568211595136 0.3742623071611279 0.3889196634152892 0.40590112411248086 0.4450867517603173 0.4814231329769688 0.5422475069065745 0.5528947562957011 0.5916180359809069 0.6414531952714972
99 990 0.0025843899629904824 0.6281911304391787 0.32822904774071004 0.32822904774071004 0.3774453439572001 0.3886335332579792 0.40417798319374043 0.45862075586355666 0.48652353685483946 0.5372309637719291 0.5524414266671184 0.5867573949730468 0.6281911304391787
100 1000 0.002459100697316883 0.6252063298543694 0.32601066576980564 0.32601066576980564 0.3748084559527232 0.39068575821484974 0.40620143297741645 0.4629893365574907 0.4775681118601425 0.5164071543499239 0.5509563786051477 0.5669167408042339 0.6252063298543694
101 1010 0.0025629528533704393 0.6108491294488009 0.3210115094710706 0.3210115094710706 0.365388483113925 0.3971312085026973 0.4036045940628949 0.45404513789557294 0.4734354376596136 0.5163804352966632 0.5511586623172564 0.5558345020673892 0.6108491294488009
102 1020 0.0024461254096014243 0.6094040180165827 0.31955334661232304 0.31955334661232304 0.35555975677760154 0.4003241148419786 0.4055857346290379 0.4502122033157316 0.4677101365216382 0.5176884507711856 0.5399765401805068 0.5995763935755807 0.6094040180165827
103 1030 0.0025258864806098967 0.6073506098246955 0.31429126582532435 0.31429126582532435 0.3584147368326567 0.39327429701666183 0.39926252033216325 0.4472041808236924 0.4660796787901149 0.5042181168124127 0.5383567491561164 0.5937888655121576 0.6073506098246955
104 1040 0.0024539692794001895 0.6140270363761802 0.3135231017410615 0.3135231017410615 0.3634494309742326 0.38812083526161617 0.39885724946128676 0.43702039399026205 0.4757373950531843 0.4909045882296256 0.5353764527018617 0.5782153936654314 0.6140270363761802
105 1050 0.002426410190366344 0.6093958141017677 0.3121978217519332 0.3121978217519332 0.3658091331899702 0.3828777331847003 0.4047873316137558 0.41748301689164924 0.4564943894043227 0.4886326889822058 0.5396106912117129 0.5710625491234281 0.6093958141017677
106 1060 0.002391040299745911 0.6011586930140033 0.30475451254651237 0.30475451254651237 0.3630876108985841 0.3804235960785411 0.39817001338389857 0.4147254334324442 0.44891602318147195 0.4970925751277626 0.5383042473051032 0.5652680562619886 0.6011586930140033
107 1070 0.0022715624536502567 0.5963629094205416 0.3007260849580178 0.3007260849580178 0.36370745733360166 0.3795947321552622 0.40531631034502946 0.4185303732826155 0.4384581043625329 0.5070508692239075 0.5291055382036695 0.5410957925786284 0.5963629094205416
108 1080 0.002049344041691812 0.5897142085826799 0.2983265646684116 0.2983265646684116 0.3519679321526502 0.3706641947733447 0.40826485680904573 0.4245586483093826 0.42998371364128146 0.5072197586890749 0.5166411849383551 0.5359456521383225 0.5897142085826799
109 1090 0.0020221845833694385 0.5885992028638745 0.2999634214267144 0.2999634214267144 0.35316006027624436 0.365451606856775 0.39619042700352436 0.42540696156292146 0.4310374148193093 0.48533426707558164 0.49979125464024693 0.5319899827736879 0.5885992028638745
110 1100 0.0019445389721192625 0.609510984834681 0.2964006577318247 0.2964006577318247 0.3478058225120097 0.36329104693549 0.38475313879679013 0.42646141370597884 0.4340608728943264 0.47859449901714074 0.49969167249998875 0.5176579668375945 0.609510984834681
111 1110 0.0017926857660491846 0.6285560153765551 0.297819642298006 0.297819642298006 0.3406269720978972 0.35720883541385906 0.37724888153318215 0.41441426776429235 0.42991237912676616 0.47754512802649185 0.5091468987488876 0.5154823662024621 0.6285560153765551
