% # columns="iteration, evaluation, sigma, axis ratio, bestever, best, median, worst objective function value, further objective values of best", seed=957293, Wed Mar 11 16:01:03 2020, <python>{}</python>
1 10 0.1902887510469991 1.0000450010125153 0.002046776535050032 2.0467765350500322e-03 0.036875871722561876 0.2912513242264884   
2 20 0.1891126605387698 1.1482445919051023 -0.08976482387021902 -8.9764823870219015e-02 0.02378690934284801 0.055810558597795136   
3 30 0.19577605108139395 1.2801572338779306 -0.08976482387021902 -1.2432078263625827e-02 0.026776405802320914 0.07666170559794216   
4 40 0.21103079674820316 1.363343503012795 -0.08976482387021902 -2.6071787337979932e-03 0.014049930523887175 0.06721446590877662   
5 50 0.22590326587830137 1.5575100133346609 -0.08976482387021902 -8.5025625071558086e-02 0.011750436009525855 0.07659289048255839   
6 60 0.24098024459330464 1.6493513953968848 -0.08976482387021902 -2.6399309801057810e-02 0.017344920012023562 0.06913712982454906   
7 70 0.28793770482723335 1.767261862014656 -0.08976482387021902 -7.6700969775868433e-02 -0.0003202187932003192 0.11792324186068379   
8 80 0.31738820490490766 1.9781268341148148 -0.08976482387021902 -1.0200261123675588e-02 0.01569302509162593 0.05549275800290557   
9 90 0.3179049132728965 2.0142866964920363 -0.08976482387021902 -7.0988926703364985e-02 -0.01497296884781779 0.07777190174977139   
10 100 0.31170085603476955 2.1700856924599288 -0.08976482387021902 -7.3522988649389914e-02 -0.011845925744149397 0.0976816189007324   
11 110 0.29877776659787303 2.1960300771501484 -0.08976482387021902 -3.7845575880589878e-02 -0.003577330995058923 0.15900548052852725   
12 120 0.2882373694631833 2.1560377589767086 -0.08976482387021902 -3.4815191337898767e-02 0.014745133438915814 0.26763854099830087   
13 130 0.25853770399722303 2.129421735821268 -0.08976482387021902 -4.0734093804871301e-02 -0.006887503514117234 0.4150886263625716   
14 140 0.24103451005450735 2.054109349025399 -0.08976482387021902 -3.4271034105601332e-02 -0.019495708174699946 0.2928025693347257   
15 150 0.22974303568625992 1.9320673572360905 -0.08976482387021902 -3.4891287664890171e-02 0.026794530779306353 0.1957067161932038   
16 160 0.23588921433911647 1.8704312920140203 -0.08976482387021902 -2.5065742748823540e-02 -0.016742473000029588 -0.0008923923133046279   
17 170 0.2167757398468266 1.861968918833947 -0.08976482387021902 -3.4529567151230171e-02 -0.022287388811154506 -0.0006495024386321031   
18 180 0.19847118732277313 1.8795527892667812 -0.08976482387021902 -3.3815527768710267e-02 -0.019347524086400468 -8.977227072356707e-06   
19 190 0.18616674680087347 1.8541740152673092 -0.08976482387021902 -3.1652591706353359e-02 -0.019959281140714037 -0.0026842451050320478   
20 200 0.1699441209419004 1.7931088558534207 -0.08976482387021902 -2.5110035227884717e-02 -0.010941927964896285 0.0034908832159255554   
21 210 0.15567825098050736 1.7677708027092456 -0.08976482387021902 -5.3047197123671447e-03 4.1008837585496116e-05 0.013813012747008788   
22 220 0.13651013714501087 1.8092210485269902 -0.08976482387021902 -1.8264568208972362e-02 -0.007411240161255514 0.029755607130655143   
23 230 0.13604748188468438 1.8174146793013621 -0.08976482387021902 -1.5422293705929803e-02 -0.011583263819428369 -0.007023682950066429   
24 240 0.1468011533642335 1.7932779640670897 -0.08976482387021902 -1.3418002359726830e-02 -0.0062507126239476725 0.012923707033509688   
25 250 0.14406703250301908 1.7713770295706996 -0.08976482387021902 -1.2246440475950368e-02 -0.009915061420382629 -0.000745955008003008   
26 260 0.1423504453732804 1.7610134623947262 -0.08976482387021902 -1.3816060088166101e-02 -0.010005982190101874 0.02382043378258547   
27 270 0.13335635990027844 1.8215568065721877 -0.08976482387021902 -1.5337620109180224e-02 -0.01189524881187729 -0.005730548990217202   
28 280 0.11646074453087775 1.8674808212655611 -0.08976482387021902 -1.5633201733736446e-02 -0.0082497721597373 -0.007090563921986043   
29 290 0.1112862445256503 1.867796149186095 -0.08976482387021902 -1.3709895348492184e-02 -0.011316326266990594 -0.005675933536701279   
30 300 0.10213395739947903 1.8879547600194626 -0.08976482387021902 -1.2601353745710633e-02 -0.009845951764568112 -0.0030051230683169386   
31 310 0.09265961694640648 1.9251658595272905 -0.08976482387021902 -1.5199315372310375e-02 -0.012782544519666256 -0.010973807094081576   
32 320 0.08253729710832104 1.9993693760231583 -0.08976482387021902 -1.6333571166046716e-02 -0.013916660050157818 -0.009698792519355804   
33 330 0.07463853138938692 2.003782624839963 -0.08976482387021902 -1.7125495350299016e-02 -0.015454475754941398 -0.011728621321278358   
34 340 0.06960009589954314 1.972804703913524 -0.08976482387021902 -1.5201824986662643e-02 -0.014033136971843274 -0.010850490606957103   
35 350 0.0690729490881767 2.0033278865772117 -0.08976482387021902 -1.6629846543973498e-02 -0.01531491668391377 -0.014126717475087178   
36 360 0.07024200246157103 1.9944606171217205 -0.08976482387021902 -1.4257501083256654e-02 -0.012956088609489488 -0.012052300324422394   
37 370 0.06922400704560056 1.925386052505632 -0.08976482387021902 -1.2332643413235124e-02 -0.011913603548496871 -0.009577180507924778   
38 380 0.06816339831858262 1.9377337987541798 -0.08976482387021902 -1.4568002283271313e-02 -0.013741698750706993 -0.012006473536778136   
39 390 0.06602518396553994 1.9509023773098866 -0.08976482387021902 -1.3245827706028468e-02 -0.012322220003100483 -0.010627798240273007   
40 400 0.06366599629841763 1.9211605173640776 -0.08976482387021902 -1.3371818071249845e-02 -0.01216247698851301 -0.011032247438846284   
41 410 0.06179812312615815 1.8686500455088089 -0.08976482387021902 -1.2858007531951710e-02 -0.012158602492406509 -0.011930773122635715   
42 420 0.056271378267206906 1.8337124594127379 -0.08976482387021902 -1.2277732066611251e-02 -0.011489941526526095 -0.010898621204537867   
43 430 0.05381062634512255 1.8495183051018214 -0.08976482387021902 -1.1988679878855931e-02 -0.011545680217762956 -0.010505382908321375   
44 440 0.04929841049114569 1.8189863081743838 -0.08976482387021902 -1.1869714258637814e-02 -0.011062441056431485 -0.009914923297433275   
45 450 0.048015188097949975 1.807751968315157 -0.08976482387021902 -1.1845016142599156e-02 -0.011522406358226291 -0.010684000612588469   
46 460 0.04841978045809058 1.7468882188106598 -0.08976482387021902 -1.1416097913688321e-02 -0.011118844065617346 -0.01045687533731031   
47 470 0.047786924573309096 1.7544891508659126 -0.08976482387021902 -1.0788165184311893e-02 -0.010572468490944485 -0.010037781260524126   
48 480 0.046973438525860646 1.7946740966775907 -0.08976482387021902 -1.0703956091195586e-02 -0.010467799736660914 -0.009881239025037906   
49 490 0.04338747302889041 1.8701746384449025 -0.08976482387021902 -1.0718811304132159e-02 -0.010406749508468803 -0.009600178356535384   
50 500 0.03976456197151203 1.8493808275463655 -0.08976482387021902 -1.0084685545526566e-02 -0.009954002393688852 -0.008852341273225345   
51 510 0.03516489353931 1.8924044046592579 -0.08976482387021902 -1.0233542275459770e-02 -0.009973132208701692 -0.009169792769456321   
52 520 0.03169551909247211 1.8922224495869884 -0.08976482387021902 -1.0299611866074965e-02 -0.00997947487038461 -0.009812617890187888   
53 530 0.029005716225344702 1.9035601748498938 -0.08976482387021902 -1.0249521277046031e-02 -0.010107868198482476 -0.009695147336058621   
54 540 0.026957763186758337 1.9526595855359563 -0.08976482387021902 -1.0249060227393594e-02 -0.010161156106281388 -0.009920605946474129   
55 550 0.025545234575094285 1.9780040348798575 -0.08976482387021902 -9.9513483204008366e-03 -0.00986342122581647 -0.009710670831129507   
56 560 0.025904045548099972 1.9684070484895442 -0.08976482387021902 -9.6388567554520545e-03 -0.009542578017224206 -0.009485484306341534   
57 570 0.024425353289147717 2.0443508841477667 -0.08976482387021902 -9.5539628018962049e-03 -0.009500200155005552 -0.00942421784352676   
58 580 0.02306894586693889 2.1394727023382143 -0.08976482387021902 -9.5619336774986543e-03 -0.009505273962062591 -0.009414250815798025   
59 590 0.02225694135444243 2.163320261929396 -0.08976482387021902 -9.2821660545554536e-03 -0.009217901873841692 -0.009178526347297903   
60 600 0.019302216182290503 2.1061287184523887 -0.08976482387021902 -9.2956970209410825e-03 -0.00923720356237451 -0.009137096926663939   
61 610 0.017485402093017383 2.141942517906051 -0.08976482387021902 -9.1780517682644863e-03 -0.009140029002554614 -0.009059699533048983   
62 620 0.015917478864100266 2.100274819941952 -0.08976482387021902 -9.4601018684174337e-03 -0.009415713804429746 -0.009382609461244591   
63 630 0.014122489031995283 2.018990359116822 -0.08976482387021902 -9.3486292720392841e-03 -0.009305539644906513 -0.00927513394726995   
64 640 0.012853993906949237 1.9898240378197303 -0.08976482387021902 -9.1358676037056781e-03 -0.00910743965315401 -0.009094695418186662   
65 650 0.011944080471047731 1.9524387779093149 -0.08976482387021902 -9.0004613826181138e-03 -0.008978622503864806 -0.008955234496399166   
66 660 0.01117179685231006 1.9064762109376678 -0.08976482387021902 -9.1676731457605281e-03 -0.009154090045907736 -0.009128995811869193   
67 670 0.010203302012896983 1.894439586274028 -0.08976482387021902 -9.0860403791789193e-03 -0.00906593311280109 -0.00905844960060219   
68 680 0.009029980079361953 1.9666754954611851 -0.08976482387021902 -9.0889545538491608e-03 -0.009078440459694768 -0.009066751482801378   
69 690 0.008542845303339132 1.957279072906818 -0.08976482387021902 -9.0278221397672980e-03 -0.00902013140322399 -0.009001352856801164   
70 700 0.007691954440488446 1.9492679606996406 -0.08976482387021902 -8.9160873838683985e-03 -0.008912563162367586 -0.008902293675882373   
71 710 0.0074182182231528684 1.9247773320195152 -0.08976482387021902 -8.9193069428736664e-03 -0.008914536681197238 -0.008906149665510043   
72 720 0.007031790564569248 1.9126945496754388 -0.08976482387021902 -8.7603777554435217e-03 -0.008756273128237192 -0.008748799028962221   
73 730 0.006433153478030165 1.9428646671882241 -0.08976482387021902 -8.7607010466306656e-03 -0.008755651114704676 -0.008747680446147951   
74 740 0.006278630461648163 1.9080170456166181 -0.08976482387021902 -8.8517597507449825e-03 -0.008846020277371728 -0.008838983384555191   
75 750 0.005485992047288302 1.892635655497084 -0.08976482387021902 -8.6842790584889789e-03 -0.008682848874806583 -0.008676896910273716   
76 760 0.005471018704042981 1.8894406911504027 -0.08976482387021902 -8.6896845601987446e-03 -0.00868768024097061 -0.008679518755691106   
77 770 0.0051313141988912885 1.8584713106471313 -0.08976482387021902 -8.7233657611306449e-03 -0.008720120884028437 -0.008716414156996916   
78 780 0.004808114836289362 1.8630931197838465 -0.08976482387021902 -8.6027456387233296e-03 -0.008600132588259776 -0.008597210355953516   
79 790 0.004354099186833467 1.9022836881321215 -0.08976482387021902 -8.6031259787349625e-03 -0.008601856007634716 -0.008597370914705816   
80 800 0.003970210380976995 1.9577186000073281 -0.08976482387021902 -8.5677814858172319e-03 -0.008566729818115768 -0.008564884915684776   
81 810 0.003975034900397032 1.9882415949269836 -0.08976482387021902 -8.5940830719498096e-03 -0.008592577780044158 -0.008591269772897425   
82 820 0.0038861462177852443 2.003546065028969 -0.08976482387021902 -8.6396517074178985e-03 -0.008639082374780161 -0.008637727718861425   
83 830 0.0036870447797708373 2.0608279336067064 -0.08976482387021902 -8.6352233184244613e-03 -0.008634306530891794 -0.008632575671667695   
84 840 0.003403840760318871 2.050966839795561 -0.08976482387021902 -8.6356710876686581e-03 -0.008634675730965696 -0.008629184869120107   
85 850 0.003216985062754078 2.0303951475462436 -0.08976482387021902 -8.5276869621375342e-03 -0.008526743994027721 -0.008524769735111301   
86 860 0.0029760126652493488 2.0108659446441552 -0.08976482387021902 -8.5277768419502169e-03 -0.008526560976860628 -0.00852502655150497   
87 870 0.0031107091890310414 1.9965182103840868 -0.08976482387021902 -8.5026104217231432e-03 -0.00850234483954689 -0.008501388514296916   
88 880 0.0030346749540013825 1.9948198035360791 -0.08976482387021902 -8.5030265678992367e-03 -0.008502327226050184 -0.008500904097789058   
89 890 0.00273948113463601 1.9379438277772958 -0.08976482387021902 -8.4849300165615923e-03 -0.008484609637393694 -0.008483429274378642   
90 900 0.0026449659775147553 1.8828294109280592 -0.08976482387021902 -8.4848588016684136e-03 -0.00848447398667642 -0.008483061050139748   
91 910 0.0026067916421425637 1.8727870593247273 -0.08976482387021902 -8.4046557400955235e-03 -0.008403824692654657 -0.008402688826934695   
92 920 0.0025084492130764365 1.8724438707380575 -0.08976482387021902 -8.4046761910600096e-03 -0.008404243204168256 -0.008403629383490088   
93 930 0.002480000254834132 1.8510554403516277 -0.08976482387021902 -8.3907036729220230e-03 -0.008390391698327358 -0.008389489668856437   
94 940 0.00251896779282854 1.8008937779642264 -0.08976482387021902 -8.3908098379942894e-03 -0.008390241133226692 -0.008390100428390975   
95 950 0.0024344401726430678 1.760436214948474 -0.08976482387021902 -8.3670355160555578e-03 -0.008366300617717879 -0.008366044710473003   
96 960 0.0026033120358203285 1.8075848471625366 -0.08976482387021902 -8.3118021998202004e-03 -0.008311262481081792 -0.008310796260209266   
97 970 0.0026363754535454 1.8434343346219308 -0.08976482387021902 -8.2770239810422697e-03 -0.00827649043431972 -0.008275683998103954   
98 980 0.0026403032413668615 1.8576386908573996 -0.08976482387021902 -8.2770017931680494e-03 -0.008276675902065043 -0.008276287520118417   
99 990 0.0025843899629904824 1.9138803672715423 -0.08976482387021902 -8.2269747956797267e-03 -0.008226554605799064 -0.008226047615565155   
100 1000 0.002459100697316883 1.9177480846464827 -0.08976482387021902 -8.1676204300559965e-03 -0.008167439348342893 -0.008166176113441172   
101 1010 0.0025629528533704393 1.902888561395492 -0.08976482387021902 -8.1622837781138435e-03 -0.008161907231749543 -0.0081612981913768   
102 1020 0.0024461254096014243 1.907049400286525 -0.08976482387021902 -8.1623009670934946e-03 -0.008162147076639781 -0.00816160911116961   
103 1030 0.0025258864806098967 1.932445078388677 -0.08976482387021902 -8.0780477631293528e-03 -0.008077630603517768 -0.008076600964793653   
104 1040 0.0024539692794001895 1.958474616276617 -0.08976482387021902 -8.0684544725339920e-03 -0.008067664771088364 -0.00806712674435235   
105 1050 0.002426410190366344 1.9519540869378091 -0.08976482387021902 -8.0745407355905883e-03 -0.008073951665135413 -0.008073729642886074   
106 1060 0.002391040299745911 1.9725998082546947 -0.08976482387021902 -8.0745066723795500e-03 -0.008074096963504399 -0.0080733679208506   
107 1070 0.0022715624536502567 1.983076757388025 -0.08976482387021902 -8.0323115963868846e-03 -0.008031910019822343 -0.008031580612163362   
108 1080 0.002049344041691812 1.9767405200342922 -0.08976482387021902 -8.0297841822431354e-03 -0.008029494045320294 -0.00802903256683191   
109 1090 0.0020221845833694385 1.9622365955966339 -0.08976482387021902 -7.9996052745081245e-03 -0.00799943251511489 -0.007998986295738524   
110 1100 0.0019445389721192625 2.056375277635686 -0.08976482387021902 -7.9997147756870942e-03 -0.00799930686834628 -0.007999098037132548   
111 1110 0.0017926857660491846 2.1105257212941173 -0.08976482387021902 -7.9901654988756357e-03 -0.007989876348702412 -0.00798967582546138   
