% # columns="iteration, evaluation, sigma, void, void,  stds==sigma*sqrt(diag(C))", seed=957293, Wed Mar 11 16:01:03 2020, <python>{}</python>
1 10 0.1902887510469991 0 0 0.19850462591814988 0.1854419633134312 0.18993363342313 0.18584048645236786 0.19066404594377284 0.1872640070665648 0.1857130290462746 0.19065688594240607 0.19394834232883987 0.18832759225539064
2 20 0.1891126605387698 0 0 0.19877720948505115 0.18600003868560683 0.1898931867482922 0.18440206847099683 0.18388379883900946 0.18556403324839588 0.17966057043750563 0.18895840640122247 0.19017863386713288 0.18907505240611477
3 30 0.19577605108139395 0 0 0.2036781555703424 0.19111229702944507 0.2031320466681531 0.18935766441541696 0.19451260644081608 0.189921178242616 0.186932050961853 0.19585992158730842 0.19968572777165242 0.19555463684821678
4 40 0.21103079674820316 0 0 0.21579186322923993 0.2076257396761003 0.22740020053748894 0.20284884864366012 0.211405533992232 0.2019156960855979 0.20147088105645494 0.20636185244584973 0.21977137525862928 0.2157707026595929
5 50 0.22590326587830137 0 0 0.23382338966023164 0.225469648191507 0.24559503616177092 0.22179436824642004 0.23006171799634045 0.20922570214693892 0.21988890679774004 0.22071552492336158 0.23262210112782747 0.23277702950127682
6 60 0.24098024459330464 0 0 0.24504645282726537 0.24523652431957915 0.26198082719878746 0.2372744125573105 0.24469502094056858 0.21941915764392084 0.24353129084634986 0.23095626961383964 0.2557474331186569 0.24568156009053374
7 70 0.28793770482723335 0 0 0.3027965560596502 0.29353347278390596 0.3132220949979661 0.2873439233794298 0.29253700918171055 0.2578287741323301 0.2945104786978431 0.2767798097425023 0.3078896714779284 0.3001612641055269
8 80 0.31738820490490766 0 0 0.3287797391466679 0.33678619228745454 0.3401058844179779 0.31776283243484854 0.32145641387208784 0.2795655912285061 0.32372321232772705 0.30838264321529174 0.3434185235067177 0.32789972746557605
9 90 0.3179049132728965 0 0 0.32812511914101616 0.3457610724297703 0.33115031653174526 0.31834349776380166 0.31969791651517726 0.27618114507417807 0.3264495523504093 0.30659051660194325 0.3443917420917169 0.3190024237801066
10 100 0.31170085603476955 0 0 0.3272225064564776 0.3366342806655043 0.302874795923747 0.3087232772908433 0.30444506490302314 0.2741016569918444 0.3213961954106088 0.3009632378756126 0.33775872218174297 0.3113401719381918
11 110 0.29877776659787303 0 0 0.3141416694684392 0.3154565356760898 0.2902708353287862 0.27843733829998185 0.28898734760605865 0.2663107291025312 0.3053632691451175 0.28864966228351335 0.32586321921333294 0.2924912935063934
12 120 0.2882373694631833 0 0 0.3118276297393359 0.30332524335929056 0.27651206435250103 0.2735382954144059 0.2650774961387287 0.25697494130276705 0.29101903641858007 0.27138032267068973 0.3133175028966544 0.27803324081166547
13 130 0.25853770399722303 0 0 0.27752520563888133 0.2693034059055136 0.2439754575307964 0.2432762732263173 0.23631713828366285 0.22863017177264042 0.24858329037964647 0.24004676044302667 0.2722206648239006 0.24370231180728974
14 140 0.24103451005450735 0 0 0.25569004159930553 0.25071597127403755 0.22418526342354286 0.2285032569075102 0.21453293141245758 0.21181989227692957 0.23165193317748728 0.21293454308846335 0.24499399728285634 0.2230072354198703
15 150 0.22974303568625992 0 0 0.2405599246670057 0.24255944447228647 0.20584301480609887 0.2165354631874276 0.20052063166610304 0.19652307184596 0.22199262706060688 0.20342497241072885 0.23003414572332098 0.20962046448941493
16 160 0.23588921433911647 0 0 0.24804022877287324 0.24874861361022707 0.21078322585118053 0.22897621607379634 0.20327849750278318 0.205986342986732 0.22832990872560688 0.2073245305575111 0.22838812142386955 0.21265799339632624
17 170 0.2167757398468266 0 0 0.22050755712609768 0.22682714773470425 0.192188740812976 0.21239967345237332 0.1845652924462416 0.1862831812827061 0.20405638313259108 0.18935467839223585 0.20929783178742958 0.1948102578844986
18 180 0.19847118732277313 0 0 0.20070049760116807 0.20201129286067865 0.17677501680383526 0.19548784205331077 0.1664724230258277 0.1672629962029528 0.1845900035433675 0.16852534745195888 0.186316398153864 0.1750963547030602
19 190 0.18616674680087347 0 0 0.18476135201717186 0.18174038511394522 0.16681552206424602 0.18233683075875387 0.15604616588848386 0.15356172537196247 0.17241225362268137 0.15856775666949344 0.1704746812246863 0.16078028591220228
20 200 0.1699441209419004 0 0 0.16530641509496136 0.16487071900063419 0.1488433433916413 0.1656707681513948 0.13848487305970117 0.140971498436652 0.1575446652845851 0.1446901208582582 0.15511532401223066 0.14709373227442596
21 210 0.15567825098050736 0 0 0.1491560409283282 0.15145339336435482 0.13423089138920186 0.15049414873654196 0.12406286089220425 0.12897060398633298 0.14512468296774444 0.13220539013072194 0.14086416138275182 0.134784125070136
22 220 0.13651013714501087 0 0 0.12901101053943756 0.1308411224240194 0.11014265836059321 0.13395701419772665 0.10715742953134963 0.113189530863689 0.1291502620726431 0.1152767700942235 0.12346767539169444 0.11921537529344463
23 230 0.13604748188468438 0 0 0.12661630076200178 0.1297042240429331 0.11187959515385895 0.12743237640820715 0.10880723476819268 0.11149510374584178 0.12884122254870856 0.11250568966437745 0.12402387120120481 0.11821283218205073
24 240 0.1468011533642335 0 0 0.13414129967389438 0.14438377994770826 0.12395941925252855 0.13992256024340446 0.11570071270290143 0.11986115706343119 0.13956729350460587 0.12210651320406975 0.1292195514399809 0.12829618776678536
25 250 0.14406703250301908 0 0 0.1287035874943267 0.14060029554213646 0.12132479294845411 0.13782679568704892 0.11519294172063055 0.11549017789047328 0.1345324458429862 0.11949548365531014 0.1281321690469411 0.12239633816476334
26 260 0.1423504453732804 0 0 0.12759668840835142 0.13954364992130397 0.11967350964883135 0.1307834430848903 0.11311500192332184 0.11658308606884571 0.13120219610414488 0.11418189937676086 0.12586174271159006 0.12226863574275537
27 270 0.13335635990027844 0 0 0.11856254150204489 0.12995688557666335 0.1108933486083176 0.12054674918370682 0.10552430076177974 0.10780673177275564 0.11805607949869223 0.10570128067949268 0.1175636629203662 0.11580065252634908
28 280 0.11646074453087775 0 0 0.10053045811802738 0.1118702393581703 0.09717211068104649 0.10594070606103023 0.09158182434878019 0.0911899331918293 0.10152998108515265 0.09165473382358937 0.10114652978349929 0.10057621021732122
29 290 0.1112862445256503 0 0 0.09439418726228832 0.10132353539008165 0.0923491080363055 0.10185678524612132 0.08785036242111119 0.08765899320740485 0.09416583009835248 0.08889722302724312 0.09641123021201502 0.09795968905192569
30 300 0.10213395739947903 0 0 0.08601704361531716 0.0921555308735957 0.08171685228383718 0.09438213457126918 0.08043236178617492 0.08064637931100609 0.08658079764281641 0.08038118684112529 0.08815344093714599 0.08872826635297475
31 310 0.09265961694640648 0 0 0.07751528875742449 0.08179864513053303 0.0727122101205586 0.08573545351303598 0.07346947914181667 0.07341378681104546 0.07887195349074601 0.0716566202640733 0.0784810079593895 0.08037936031279914
32 320 0.08253729710832104 0 0 0.06890874887138783 0.06898724169056333 0.06517506442159059 0.07499422362072196 0.06576397348998281 0.06495712369920006 0.07016344123800387 0.06405326655724113 0.0707040155022989 0.06976393171081406
33 330 0.07463853138938692 0 0 0.06157266660154438 0.061240817835925325 0.05841882282658085 0.06751306567392877 0.05904284037119623 0.05902018836909482 0.06073016994588586 0.05690525531879936 0.06356337272371695 0.06306508247895673
34 340 0.06960009589954314 0 0 0.05686804201754797 0.05806638582764005 0.05374875571360511 0.0637939319966562 0.05523710055224097 0.053963883085842386 0.05423911034107654 0.05197730699258058 0.05864554089530823 0.058226739317615885
35 350 0.0690729490881767 0 0 0.055186920002129644 0.05657859158439084 0.052982483915566876 0.06425621939496697 0.054533429362003505 0.05333514488771721 0.05407598469866041 0.05102189427151539 0.05697451933423091 0.05699302231182447
36 360 0.07024200246157103 0 0 0.055895741926484235 0.05652666160930028 0.0539909785128238 0.06400621477454013 0.053936847608733 0.05289209608696459 0.05548518924962389 0.05238491112769801 0.05701718018144443 0.05747459741279939
37 370 0.06922400704560056 0 0 0.055480038883474 0.055859977771145805 0.052222980221680905 0.06352554657065727 0.05348931666957919 0.05194682677562992 0.05443752934739717 0.05061847796855116 0.054648327830933256 0.05565327675007498
38 380 0.06816339831858262 0 0 0.05359529843902206 0.054876089006386054 0.05102120247484883 0.061901170472446004 0.05196628858927889 0.05178616925911246 0.05213564428816513 0.050216390123401 0.05450690601685789 0.05454365944486118
39 390 0.06602518396553994 0 0 0.050459416976703954 0.052067847660361016 0.04766853645574708 0.05867859805574675 0.05049243459301097 0.050581691691869636 0.050859730442647653 0.04826548507437769 0.052904599512484274 0.05278539779657058
40 400 0.06366599629841763 0 0 0.04887820555665594 0.04904234058946032 0.04563573838093645 0.056074152169813256 0.04834674465038745 0.04836473523792662 0.04816438043796182 0.0467103804084872 0.0509613378286219 0.049385293200223876
41 410 0.06179812312615815 0 0 0.04676154529171244 0.04813060500658854 0.044904411259059696 0.054635572548350296 0.046687472304863635 0.04587195813142302 0.04647063508250833 0.045089649002708475 0.04715499960184088 0.0477767009174562
42 420 0.056271378267206906 0 0 0.04267895337642767 0.04355085680023046 0.04047073757415206 0.05007802466594455 0.042125683885681456 0.04174682930724254 0.04223979265099275 0.04107620899551627 0.039197389826072515 0.04346001728705618
43 430 0.05381062634512255 0 0 0.04099967237262857 0.04076515626684893 0.038102104579697184 0.047281361507483154 0.04003551197246051 0.040432294155029656 0.040143191504768534 0.03873106599561081 0.03763630765576233 0.04104466571923777
44 440 0.04929841049114569 0 0 0.03703667775995207 0.036599037561705794 0.034472015303946314 0.04325607290053484 0.03650505310339355 0.036796477117567894 0.036784645083064095 0.035054764306433346 0.0342796820171399 0.0367040611800774
45 450 0.048015188097949975 0 0 0.0358671783794928 0.0350452165491634 0.03364302711911757 0.04150637897616453 0.03566214888835798 0.03529181474885885 0.03593688768281174 0.032821209381165166 0.033691512513816003 0.03574919539115868
46 460 0.04841978045809058 0 0 0.03558424211067557 0.036106694923101285 0.033480153412099534 0.04103007443840815 0.035774295503991346 0.03542055592956108 0.03589799047629849 0.033286640814988465 0.034100564745180854 0.03582665142139492
47 470 0.047786924573309096 0 0 0.03466033459749398 0.03356937555131001 0.03441721612794584 0.04160480845697664 0.035309852816756304 0.033684646984750446 0.03523213994006288 0.03213711519442385 0.03367141678095254 0.03547767792751391
48 480 0.046973438525860646 0 0 0.033221382181426305 0.0322057567400542 0.03324904549197565 0.04072857452435003 0.03552790638899968 0.033064126560183926 0.03414170990069096 0.03131789830652532 0.03356326233147433 0.03510136663284116
49 490 0.04338747302889041 0 0 0.03066408789483075 0.028696608811252584 0.030926559978894756 0.03715352243722103 0.033081544456749816 0.030351657117169514 0.031741353780894765 0.028598856281917693 0.02946605784904004 0.03212754364039842
50 500 0.03976456197151203 0 0 0.02804489562569682 0.02645127696959755 0.027865340575581807 0.03406495020145396 0.030468733117783118 0.027628765814768252 0.029129032508745035 0.02546028346326631 0.02627775233679465 0.029239193244477168
51 510 0.03516489353931 0 0 0.024751721700622915 0.02333484296540354 0.024208049035953944 0.030268023519519186 0.027320592672827437 0.02370246210273364 0.024588569753921215 0.02223881003275384 0.023076388569865148 0.025498753538887985
52 520 0.03169551909247211 0 0 0.022165523708429086 0.021189933341327977 0.02157108671655175 0.026981911403416155 0.024173505671028606 0.02125056071816862 0.02213572921049312 0.019409472063120544 0.020567272030233355 0.02261603128956079
53 530 0.029005716225344702 0 0 0.020429136225169255 0.01879842737849214 0.019528644104648225 0.024452435464501553 0.0219520481617688 0.01917428950232284 0.020317305774171877 0.01779465681935675 0.018722169061826985 0.020171681302205646
54 540 0.026957763186758337 0 0 0.018965302948713233 0.01777009334269271 0.018101454810039913 0.022203932514489315 0.020533462085874712 0.016781453984672224 0.018972442928697018 0.01644641871125985 0.016734973549918434 0.018580909136653216
55 550 0.025545234575094285 0 0 0.017497828445672773 0.01678557931203478 0.0168143996519711 0.021002661585975187 0.019017784106632577 0.015739536897831082 0.01780218089060079 0.015564668500978103 0.01594012935991848 0.017374135224158167
56 560 0.025904045548099972 0 0 0.017792493541240524 0.017152041454206398 0.01743940222392497 0.02148113928983336 0.019067883712024617 0.015946139306879 0.017158461712508715 0.015872787395677778 0.016443799716973163 0.01723300858659539
57 570 0.024425353289147717 0 0 0.016118256820623848 0.01601673224070068 0.016461468613109164 0.01995690976046654 0.01783609614141418 0.014733921615423126 0.01623822275951239 0.015204964616697257 0.01530926287167504 0.016124616261143362
58 580 0.02306894586693889 0 0 0.014887979165995383 0.01498414750928785 0.015070551650146882 0.01903120379315475 0.01669813242406836 0.013781848896411862 0.015392264870867606 0.014179617724294479 0.014424734844725147 0.01523425929098193
59 590 0.02225694135444243 0 0 0.014253378060389111 0.014376757071084054 0.014429647042014462 0.018491083225285806 0.01541404447273744 0.013313568289710679 0.014642119883795634 0.013606227797777648 0.01374741179061399 0.014696026943210982
60 600 0.019302216182290503 0 0 0.012295180042723666 0.012369852475580765 0.012193928492593572 0.015907131075329272 0.013179730347703245 0.011437702755070403 0.012697522885697532 0.011549861807288186 0.011807668256382466 0.012588716103860061
61 610 0.017485402093017383 0 0 0.010758387372630232 0.011114663362263407 0.010893202175778485 0.01411114842655014 0.01197642329935351 0.0101665810631814 0.011290265356638055 0.010396859604115712 0.01048713653261768 0.011234863511311782
62 620 0.015917478864100266 0 0 0.00939192306689334 0.009987652951619219 0.009809733411884774 0.012417212855986952 0.01095619697449132 0.009290196906476159 0.010252721623614916 0.009444754509434184 0.009487941361283012 0.010038112028567902
63 630 0.014122489031995283 0 0 0.00825614507451551 0.008695344888505905 0.008363055344116811 0.01058762611986424 0.009605492912471106 0.008218347888963261 0.009285520330520705 0.008349850049738617 0.008454194655934067 0.008908073323309059
64 640 0.012853993906949237 0 0 0.007545758878459983 0.007842036227877002 0.0076892078139067024 0.009541565175820693 0.008466037827995451 0.0075223109294421334 0.008494955112802127 0.007619641950846624 0.007668944096823691 0.007840566207818693
65 650 0.011944080471047731 0 0 0.007201511566371927 0.0070249080990197835 0.007016965653246816 0.00878570080287922 0.007825800573728744 0.007006334216845477 0.007604299568543151 0.007034241086716805 0.0072048209871010275 0.007269168687022944
66 660 0.01117179685231006 0 0 0.006646474893520272 0.006513378538267664 0.006469469567330668 0.008062327128150087 0.007459233518209077 0.0062175467694295505 0.007168673089715628 0.0065273730027016275 0.006739886030685907 0.006736478751135911
67 670 0.010203302012896983 0 0 0.006019531431158603 0.005907170483338698 0.005922852834130247 0.007388523075773071 0.006660177030747244 0.0054756703127304095 0.006507800508244737 0.005941569981789547 0.006022050204340651 0.006076700705798674
68 680 0.009029980079361953 0 0 0.00531434617352701 0.00523454424611734 0.00521824118174996 0.006485616187751801 0.005910546401446262 0.0048285330466407705 0.00561145821837724 0.005186922298342555 0.005234601918519492 0.005262876365360435
69 690 0.008542845303339132 0 0 0.005076424903015562 0.004873411890012259 0.004828401420786198 0.006083318690328569 0.00540011849493929 0.004643380842873887 0.005350104871379461 0.004836656118566385 0.004948999965488625 0.004872964155090292
70 700 0.007691954440488446 0 0 0.004566193658123006 0.00425387693020686 0.00431678079775744 0.005476538475150191 0.004764468657400955 0.004178696205047518 0.004716470402321169 0.004269647113771213 0.004423666186724447 0.0044611597867174465
71 710 0.0074182182231528684 0 0 0.004388997920227471 0.004020674012826611 0.004012154083689998 0.0052940811048456955 0.004592549617837242 0.0040991529072336 0.004652216167479849 0.004025323383022036 0.004257316220068167 0.00420645501666602
72 720 0.007031790564569248 0 0 0.004097841069814307 0.003739445477506885 0.003811500788150634 0.0049479126161972396 0.004333936280277482 0.003870454767415256 0.004422815096319895 0.0037112682716188 0.003938513817028362 0.004012936444258522
73 730 0.006433153478030165 0 0 0.0036803655408149862 0.0034672676057556037 0.00351638006826335 0.004394510474595723 0.00394561354056664 0.003542308988863828 0.00397360578379272 0.0032665561968607012 0.0035557051979146857 0.0036904064778204384
74 740 0.006278630461648163 0 0 0.0036019767862832267 0.0033958674874721875 0.0034198249386099147 0.004285334301495868 0.003900998960004512 0.003334622547745468 0.0038859491289555 0.003265226053279788 0.0033992416532412227 0.0034764385822444017
75 750 0.005485992047288302 0 0 0.003084437618430951 0.0028936740612934934 0.0029376494990342784 0.00366949885853757 0.003360035372161548 0.002912465080350824 0.0033867912571696633 0.002860465266691705 0.002970375752481739 0.0030011245112226154
76 760 0.005471018704042981 0 0 0.003001224724103101 0.0029078047562005687 0.002932881080015572 0.0035667117665598583 0.0033244161764159398 0.002809491548748454 0.003369337065713808 0.002839753998501445 0.002971962528850712 0.003091876570598337
77 770 0.0051313141988912885 0 0 0.0028007970224454906 0.002754444527728181 0.002741264029364023 0.0033396002403187474 0.003106407936942458 0.0026267841610953906 0.0032021566461163187 0.0026525063631477963 0.0026870005164161756 0.0028396263386259234
78 780 0.004808114836289362 0 0 0.0025762769204257584 0.0025272732648370074 0.002527806393434056 0.0030927556299713715 0.0029500771784681697 0.0024460767996919578 0.0030273696813447513 0.00244876089876091 0.0025177065394388167 0.0026607518234162556
79 790 0.004354099186833467 0 0 0.0023158221985128185 0.0022615504608150348 0.002284283038088992 0.002756564051758805 0.002675410381976235 0.0021943017720061206 0.002736988828336865 0.0021443524793660837 0.0022666299433529527 0.0024353403815144136
80 800 0.003970210380976995 0 0 0.002049111223557157 0.0020094296526071364 0.0020289459485299294 0.0024871587508246058 0.002455872570409425 0.0019162150623649986 0.0024809055949095446 0.0019501929828135763 0.0020485134457042388 0.0022126319425252064
81 810 0.003975034900397032 0 0 0.0020789419754015954 0.0019464969026220331 0.0020014274551996285 0.0024604323622495687 0.0025621867876001753 0.0019081772721306367 0.0024657020366040195 0.0019323293380245615 0.002023006350183496 0.002142766206360044
82 820 0.0038861462177852443 0 0 0.002039367128681215 0.0019114823320191012 0.0018674028239378474 0.002398346205322036 0.0025511390852039025 0.001856863352190936 0.0023961940909752698 0.001867509253811972 0.001936446668584664 0.0021167795004259503
83 830 0.0036870447797708373 0 0 0.0019061633901143766 0.0018268182767002138 0.0017299960862769597 0.0022638511350900918 0.0023423783237929994 0.001775074434264862 0.0023018416343432626 0.0017711157956065914 0.0018244928996181088 0.0020018024199919483
84 840 0.003403840760318871 0 0 0.0016515050009931614 0.0016688906425671197 0.0015811819559081763 0.002100115204782749 0.00216853524245974 0.0016343215789869946 0.002098122092454341 0.0016564587521450773 0.0016574240066924055 0.001811272067249045
85 850 0.003216985062754078 0 0 0.0015515966220836929 0.0015710544722438346 0.0014829395516000054 0.0019803522848749738 0.0020106963551822944 0.001570104467739215 0.001975403618681541 0.0015424272717015314 0.0015611817991717809 0.0016890934456359696
86 860 0.0029760126652493488 0 0 0.0014283002500099175 0.00146023172709226 0.001345552820885273 0.001747867068235647 0.0018038418197803305 0.001459921910792195 0.0018202302036629246 0.001413102138089702 0.0014461720899581916 0.0015452682062347969
87 870 0.0031107091890310414 0 0 0.0014625840711001363 0.001558544708514903 0.0014244670237177329 0.0017938883268049377 0.001912955044250777 0.0015213543806441691 0.0019076030650967257 0.0014460159380457094 0.0015225208191727091 0.0015989724045007343
88 880 0.0030346749540013825 0 0 0.0014351617254238914 0.00152086604138494 0.0013875441218706057 0.00174470089597464 0.001853767256709662 0.0014848063128472607 0.0018473398713153967 0.0014274447616634592 0.0014772008866347334 0.0015246180671827309
89 890 0.00273948113463601 0 0 0.001266015528114145 0.0013665179638875603 0.0012026939297497383 0.0015372305258599937 0.0016405013010081359 0.001334394959556568 0.0016201172075116373 0.0012754766528665948 0.0013427834424788627 0.0013834911267319463
90 900 0.0026449659775147553 0 0 0.001226040579482364 0.0012721189307915235 0.001161592757126437 0.0014911656407485543 0.0015853939759039718 0.0013008939023453317 0.001539461803509453 0.001240810884144657 0.0012845389882790322 0.001310351214541526
91 910 0.0026067916421425637 0 0 0.0012129490984456785 0.001236097299664578 0.0011366211278144285 0.0014525852953639752 0.0015192726710189872 0.001292699780294954 0.001487428760806326 0.0012343096465916032 0.0012666847991407203 0.0013073554652157534
92 920 0.0025084492130764365 0 0 0.0011883781804679742 0.0012047821287676816 0.001077367939398198 0.0013768363370815376 0.0014428810230846239 0.0012456348010485801 0.0013698180062703398 0.0011475758641733421 0.0012250908088917015 0.0012642055194559253
93 930 0.002480000254834132 0 0 0.0011994054405855875 0.001170231168163619 0.0010744422195497298 0.0012983047994622435 0.0014157591190467182 0.0012276656931402455 0.0013204041236049872 0.0011197400232941998 0.0012042248898087818 0.0012453690329348864
94 940 0.00251896779282854 0 0 0.0012098020528136428 0.0011792034182668374 0.0010608387028995987 0.0014079270332852463 0.0014133112543721566 0.0012149443530545404 0.0013238076990949941 0.0011232864494177624 0.0012487030259050057 0.0012461350796880916
95 950 0.0024344401726430678 0 0 0.001104580625273555 0.0011436275342237977 0.0010140681841972834 0.0013689751066568718 0.0013463405281214193 0.0011773218029042661 0.001271519046008145 0.0010990532344420515 0.0011863535669333863 0.0011909823333878236
96 960 0.0026033120358203285 0 0 0.0011816314321206505 0.0012324367009756898 0.0010563150886229353 0.0014848550317360563 0.0014336047071449322 0.001273138177119211 0.00135227732150404 0.001189872689029425 0.0012280765006938827 0.0012732163087016825
97 970 0.0026363754535454 0 0 0.0011895813483505432 0.0012516728134531869 0.001055581649280581 0.001492917582364916 0.0014515517091566478 0.0013056006506435996 0.0013528596271167035 0.0011817035675511338 0.001240270224774876 0.001243457948693353
98 980 0.0026403032413668615 0 0 0.0011821941536086329 0.0012519919404931112 0.0010734213939350215 0.001494653581795421 0.001440342434587932 0.0012900939235662146 0.0013620958513642359 0.0011856454956818072 0.001217705227548856 0.0012283537166838947
99 990 0.0025843899629904824 0 0 0.0011419371114863278 0.0012306017340706049 0.0010537302480295798 0.0013951056263568863 0.0014049169917036033 0.001246879997309923 0.0013379137046638805 0.0011341405085185175 0.0011497062763107639 0.001220229715389063
100 1000 0.002459100697316883 0 0 0.001070518204995638 0.0011759109711287606 0.0010009006881285549 0.0013254107226702324 0.001249198782902416 0.001176535116549025 0.001266855827254493 0.0010645799686448206 0.0011153754794654177 0.00115377782438054
101 1010 0.0025629528533704393 0 0 0.0010892314804787832 0.0011993374759902643 0.001096220862900081 0.0013592696524815974 0.0012874887523412445 0.0012622752033474172 0.0013950456621682284 0.0010945896660599103 0.0011560569788080352 0.0012138760431686718
102 1020 0.0024461254096014243 0 0 0.001046103841740658 0.0011310327904381287 0.001055544911034506 0.0012687273658494866 0.0012159589057506518 0.001189104408349893 0.0013163010701506743 0.0010309915181969847 0.0011023268900762608 0.0011432762479738057
103 1030 0.0025258864806098967 0 0 0.0010497571518760832 0.0011763506156201732 0.0010931232318118155 0.0013171976118152666 0.0012598238929696077 0.0012208232442494935 0.0013748260497217577 0.0010399832256820602 0.0011174763554452293 0.001139980464619309
104 1040 0.0024539692794001895 0 0 0.0009850697857892595 0.0011433872723098884 0.0010549723491170616 0.0012540938496397361 0.001220774709352569 0.00117033212984517 0.0013201443254439156 0.0010076541221483277 0.0010798311660067694 0.0011003043384024806
105 1050 0.002426410190366344 0 0 0.0009432589586348322 0.0011111312781574344 0.0010354015590763972 0.0012405980037619858 0.001206346613094228 0.0011590802761690896 0.0013101057552868678 0.0009532514807353488 0.0010790194694149607 0.0010740754785901088
106 1060 0.002391040299745911 0 0 0.000972682309280707 0.0010678467356903336 0.000986671167852545 0.0012240751314630826 0.0011745026288544182 0.0011531108200057974 0.001242695638658364 0.00094727283545603 0.0010528493876222308 0.001047292055452291
107 1070 0.0022715624536502567 0 0 0.000941600140448919 0.000987969335175641 0.0009277329164154308 0.001162420576398031 0.0010778875858320131 0.0010787641900163944 0.001165491130825075 0.000894237637501612 0.0010081192838942972 0.0009790189168679961
108 1080 0.002049344041691812 0 0 0.0008296204939555258 0.0008827034798335099 0.0008336018393450444 0.0010337617405745355 0.0009609660245127645 0.0009502198209084381 0.0010144615948267978 0.0008238479990583062 0.0009067744008377791 0.0008698717978193464
109 1090 0.0020221845833694385 0 0 0.0008221937371639742 0.0008658170913254549 0.0008318525113115232 0.0009771311614294469 0.000975326653168399 0.0009653950192819891 0.0010194255824781586 0.0007968008570644224 0.0008726312610692896 0.000833374056851723
110 1100 0.0019445389721192625 0 0 0.0007876221151517324 0.0008529968839409975 0.0007963859794277509 0.0009309983171119702 0.0009795803036702266 0.0009121740531228759 0.0009766506960800275 0.0007542165393730117 0.0008383531122724973 0.0007861530505838811
111 1110 0.0017926857660491846 0 0 0.0007298345110653935 0.0007798340699049978 0.0007427160860830587 0.0008381056338530202 0.0008869714632197008 0.0008426497969179131 0.0009001563166437917 0.0006832679258316432 0.0007675446421130105 0.0007028093823657015
