% # columns="iter, evals, sigma, 0, fitness, xbest" seed=957293, Wed Mar 11 16:01:03 2020, <python>{}</python>
1 10 0.1902887510469991 0 0.002046776535050032 0.46715890782935043 0.02545044342135407 -0.04812802166726048 0.02410782758132183 0.06334744394645137 -0.26416700395946496 0.08496103917026288 0.1377472723512312 0.4103369624019907 0.27853775520983765
2 20 0.1891126605387698 0 -0.08976482387021902 0.3946129749213092 0.0937286066566513 0.1882427685318317 0.041933632846822125 0.14755048489226702 -0.026248561945084535 0.06072602428984954 0.49179821292464615 0.33957693461940136 0.26383216463021614
3 30 0.19577605108139395 0 -0.012432078263625827 0.17340940248312478 0.3104355357358799 0.7061960189770942 0.14969137217701378 0.41575083447067773 -0.06999355448867386 0.3783178698234238 0.07138354066490996 0.48047436375222197 0.1517594539623044
4 40 0.21103079674820316 0 -0.002607178733797993 0.3037302432185972 0.20551672156687734 0.4468427704113911 -0.0017129255536685178 0.31920196499621234 0.15897869176222146 0.28578580435150736 0.09312795716335197 0.5593348096865589 0.5309735988435837
5 50 0.22590326587830137 0 -0.08502562507155809 0.5473662958274117 0.31040502223944033 0.22572304135551569 0.2358132627132787 0.34566649444907893 0.18486066725383027 0.471042527910976 0.36489086013389455 0.41578946995693633 0.671521072134241
6 60 0.24098024459330464 0 -0.02639930980105781 0.4519909710606021 0.5683875633010053 0.43194176854213284 0.26752912849151744 0.5137482633861687 0.20651049476686273 0.7680619001437126 0.24136550518437228 0.8712025962702727 0.7774439528385133
7 70 0.28793770482723335 0 -0.07670096977586843 0.8027625446408222 0.5273755353569552 0.5850624398194108 0.5971363844485863 0.790416164717274 0.2462327687534418 0.9767546668098532 0.2455303659064042 0.6537968497492309 1.1818714907400676
8 80 0.31738820490490766 0 -0.010200261123675588 0.6996333326543283 1.0146158078585354 0.3911147078670696 0.7445020410176642 0.37553823046441276 0.3166140680421108 0.9347298044556022 0.7801268160131245 1.0144747874289965 1.194971530561864
9 90 0.3179049132728965 0 -0.07098892670336499 1.0047342006881492 0.9594243603443571 0.6066939923789108 0.5814629730930043 0.19898833631643825 0.5950127867732077 0.338576935487426 0.7295212807274469 1.01425719756822 1.0674004891431743
10 100 0.31170085603476955 0 -0.07352298864938991 0.622151868761623 1.1363864992070065 0.8682676878413149 0.6753749143309312 0.532390502910146 0.6076799705994447 0.9508025815998424 0.5874455262315779 0.807288671184994 1.140547921563447
11 110 0.29877776659787303 0 -0.03784557588058988 0.9283955890287486 1.0162396139376164 0.8976389017738573 0.639552405716442 0.38488724344767195 1.0248450005566017 1.1906839196437593 0.8137917357632984 1.0348720177786812 1.0340548330911705
12 120 0.2882373694631833 0 -0.03481519133789877 1.139510830088222 0.849374678520444 0.8640211674614262 0.14960272828069182 0.5857276816167962 0.9100385311840253 0.757555256568154 0.7253085221354236 1.1523626786459533 1.0689194287699655
13 130 0.25853770399722303 0 -0.0407340938048713 0.9929112404668237 0.5550411160968461 0.8237137828860698 0.3930812973155335 0.7171251007243986 0.7357185427651519 0.7805884808925406 0.7941311459240433 1.1106216720558675 1.0997632444087713
14 140 0.24103451005450735 0 -0.03427103410560133 1.116313603052624 0.7152405821279717 0.8863580332700951 0.4052080394126718 0.8231408267361363 0.5933337415884257 0.9924204561260839 1.006228233233401 1.3047859847756074 0.7331465453706343
15 150 0.22974303568625992 0 -0.03489128766489017 0.9605664328420186 1.0471967363715766 0.6702132790952986 0.7388320033147774 0.7518148939722363 0.7020892115555123 0.8580204574594636 0.7574053972201714 1.1483332495528493 0.9457981392007868
16 160 0.23588921433911647 0 -0.02506574274882354 0.7628833419074572 0.8623897768768205 0.9680472898339396 0.9213788578193682 0.9225652248247511 0.9856547535151408 0.9442761188864621 0.5572599784517012 1.305810305467684 0.7245137763057731
17 170 0.2167757398468266 0 -0.03452956715123017 1.0194499936165906 0.8725204961708608 0.7732437214604354 0.6509932453750517 0.8867827450500789 0.7534586394700387 0.9328315850400712 0.7817649061910397 1.0880132108840508 0.8167678329717114
18 180 0.19847118732277313 0 -0.03381552776871027 1.0579685075137109 0.8917226021104878 0.5640628546340212 0.6732793132009742 0.8611663821537602 0.7766228654574545 1.0437807917482809 0.8150051317654529 0.9908159129412188 0.9565417742910584
19 190 0.18616674680087347 0 -0.03165259170635336 1.1422296972187809 0.798526614671873 0.5864541575248344 0.6627934418871181 0.9011970010061862 0.6628719569548492 0.7731720704885887 0.8043314865520955 1.0015968367971815 1.0737344667663378
20 200 0.1699441209419004 0 -0.025110035227884717 1.0265349352054565 0.8725573008085623 0.6434441773447248 0.7597790731397122 0.6019185952774522 0.5948077789307251 1.085988318589591 1.0480892296282842 0.9175939164026635 0.9460693277192341
21 210 0.15567825098050736 0 -0.005304719712367145 1.0857120184584965 0.9785409254860434 0.6125927325139051 0.5205829909497641 0.7205500469364541 0.7555599519266618 1.0394717544715164 0.9465233276774309 1.067885156565494 0.9925660607802301
22 220 0.13651013714501087 0 -0.018264568208972362 1.0824533390546944 0.817253027295297 0.6952020826668148 0.8726702620713446 0.7620224730000201 0.7344563276157023 0.7119686524725362 0.8721127198394831 0.9660042951231557 0.8052722494371863
23 230 0.13604748188468438 0 -0.015422293705929803 0.8698266839784125 0.9516037338990089 0.789066341689032 0.7005648080441006 0.7839433665712888 0.6660348241193796 1.0158487241000407 0.9515368964109142 0.8328708025826955 0.9471025876095704
24 240 0.1468011533642335 0 -0.01341800235972683 0.9744512705258048 0.7796126450454421 0.92884657563128 0.9333925780872023 0.8419170217197881 0.784486342561187 0.8795842711556914 0.8470266728093097 0.9026251241986291 0.8525619282469394
25 250 0.14406703250301908 0 -0.012246440475950368 0.7858329172480454 0.7537767041759634 0.886398952052127 0.980931206339585 0.9709673876814312 0.859809346216533 1.0354790049295415 0.9239231097576035 1.120099480685319 0.9292360097073254
26 260 0.1423504453732804 0 -0.013816060088166101 0.7929021441907207 0.7184734724594952 0.830938572954844 0.897325288573604 1.0115116525633612 1.0339484311883238 0.938136603686252 0.9405775264590632 0.9829124595845319 0.7825135040832116
27 270 0.13335635990027844 0 -0.015337620109180224 0.8588597074382542 0.6262923857456542 0.7980743878051896 0.9683116319850557 0.8548146316669355 0.8462587978984242 0.832368742660078 0.8662157124213576 0.9852700452696943 0.7774461755695845
28 280 0.11646074453087775 0 -0.015633201733736446 0.799592064816757 0.7632582550707225 0.8803069340395754 0.8025801280548239 0.923730724126754 0.8095353352139115 0.9484913345251949 0.8325092855335579 0.8775920686780123 0.948708049193723
29 290 0.1112862445256503 0 -0.013709895348492184 0.778355599883991 0.7243467980284042 0.9360014469284483 0.8834862182840584 0.8045505298753667 0.8740642441559611 0.8779689405840836 0.7878232083818079 0.9051944047615798 0.7319457953553116
30 300 0.10213395739947903 0 -0.012601353745710633 0.8957472993171073 0.7716300099677537 0.9090388381844433 1.0654343012135254 0.7240152786563886 0.8472583271425895 0.8440159221477259 0.7824364529042811 0.8791472431777958 0.9924960510882068
31 310 0.09265961694640648 0 -0.015199315372310375 0.7715584449338758 0.7857538066031357 0.8124104436988133 0.8847877620901129 0.8644434340749372 0.7536596628462537 0.9485736230940133 0.8773124633492126 0.8483174930302354 1.0239743128335674
32 320 0.08253729710832104 0 -0.016333571166046716 0.8515953085447315 0.7660695841006373 0.9931538217629465 0.8912946036856106 0.8144188465770217 0.7910092425357554 0.924459871312504 0.8333776932069593 0.7833558471482972 0.9465569627426195
33 330 0.07463853138938692 0 -0.017125495350299016 0.7963488708194368 0.8083305726648758 0.9606431263211979 0.9135802681244308 0.8385519527198082 0.8197917628965603 0.873292029179671 0.7746961334647655 0.8727063840008078 0.90707737079277
34 340 0.06960009589954314 0 -0.015201824986662643 0.8138318419508882 0.7729903637931491 0.8831615798248734 0.8126176722812531 0.7925473368621913 0.8783660232812361 0.9324991927426293 0.9008558488657485 0.8220538033181727 0.9520546856950607
35 350 0.0690729490881767 0 -0.0166298465439735 0.8381582968102084 0.8070349810903316 0.8961310318576513 0.8246534825651315 0.8162127966322326 0.8970069874874884 0.8970365407538033 0.872433063995325 0.8526842818232688 0.9922533872056385
36 360 0.07024200246157103 0 -0.014257501083256654 0.9217437459550889 0.853430012611784 0.918415391558686 0.7855339793005037 0.8364189061206344 0.8797812099200226 0.8337515943942128 0.8746398392205635 0.8133812096434448 0.979405098089249
37 370 0.06922400704560056 0 -0.012332643413235124 0.9240954848936644 0.8522033324305394 0.9302018384735031 0.7716460152411585 0.7658061635614481 0.8338195971392864 0.8825616069360024 0.8868917149290235 0.8703226057812591 0.9004336096241684
38 380 0.06816339831858262 0 -0.014568002283271313 0.8421056212370985 0.8459290850911314 0.908864911571688 0.80927951955887 0.8691955050752231 0.9034671368131292 0.9102805776192489 0.798705950899721 0.9743703894692187 0.9348318443107483
39 390 0.06602518396553994 0 -0.013245827706028468 0.8272303854663575 0.8664684349225549 0.9330791838855881 0.8728004198320647 0.8656812586105505 0.8291036415215801 0.8288032899885831 0.8404619230702175 0.9425213725868601 0.9080543006502264
40 400 0.06366599629841763 0 -0.013371818071249845 0.8807768065081971 0.8756550778540478 0.9206572486575074 0.9152718445873965 0.9072666898239979 0.8513929276830752 0.7758427871561994 0.9022485699742291 0.8728675392916826 0.8963398336316117
41 410 0.06179812312615815 0 -0.01285800753195171 0.866244622694954 0.9092758328244688 0.8259175446340885 0.9127264134360237 0.8758767614343227 0.8407620807892677 0.865167397571132 0.8480938458794292 0.8963293543035038 0.8950025409005112
42 420 0.056271378267206906 0 -0.01227773206661125 0.87021381399707 0.8814754966290718 0.8662122084084583 0.7975521780871107 0.9154842752703566 0.8988033620773873 0.8541739889655313 0.8888681578459304 0.8996808700938305 0.9064201727855103
43 430 0.05381062634512255 0 -0.011988679878855931 0.8940433201343155 0.8420739096444243 0.8938014103257971 0.949357519805827 0.9167268437731914 0.8034314841252711 0.8964897261011021 0.8632630724433595 0.8421234672744458 0.9453050031656913
44 440 0.04929841049114569 0 -0.011869714258637814 0.88863281007331 0.8405644121022655 0.873764487764609 0.8975454209846269 0.9082047550904095 0.9393289745797884 0.8600007642872919 0.8557216240854074 0.900892223246365 0.9410571887651529
45 450 0.048015188097949975 0 -0.011845016142599156 0.90838445264877 0.843466438261985 0.9484993830190417 0.8875941868974315 0.8985900160736785 0.8819628094713943 0.942670735526529 0.8866899967658088 0.8927079131070907 0.9132565563225328
46 460 0.04841978045809058 0 -0.011416097913688321 0.8953028152970681 0.9307157963582542 0.9366954841299708 0.8576126089937355 0.9088140651555148 0.8758683222409228 0.8973155544159295 0.844954928901067 0.9170940030235085 0.8974385920680803
47 470 0.047786924573309096 0 -0.010788165184311893 0.9077664382456191 0.8920568769157482 0.9615761233957303 0.928602300846079 0.8886152412463689 0.8892789460736192 0.9066479355862704 0.9051459642015373 0.8769326023410524 0.8663933581981029
48 480 0.046973438525860646 0 -0.010703956091195586 0.9123702226896008 0.8872436432137133 0.9599206676238932 0.8777718201711897 0.887518733015418 0.9332359949928087 0.9030121089709806 0.8573772451159393 0.8829428464384829 0.8417654807266567
49 490 0.04338747302889041 0 -0.010718811304132159 0.8661880349571538 0.875765403412294 0.9601687889513183 0.9115376598959336 0.9234829009031518 0.8875986827816024 0.8757835278434539 0.8646588699749103 0.8569625585668865 0.8681666534622907
50 500 0.03976456197151203 0 -0.010084685545526566 0.8759624705391359 0.8445938970564879 0.9265723894734026 0.9352153444047532 0.9477616666919744 0.9423283549030116 0.8918559600397477 0.8860347973883792 0.8977490048808737 0.8872434894004985
51 510 0.03516489353931 0 -0.01023354227545977 0.9001583618840646 0.8947212567497285 0.9434497405202751 0.9533832597584442 0.8850969067596887 0.9087552509913593 0.8994828912746428 0.8787745785167194 0.884260977786418 0.8945350120206922
52 520 0.03169551909247211 0 -0.010299611866074965 0.916028291312361 0.8847963319410523 0.9288313854945829 0.921206290002521 0.8913387806906814 0.9144044334906641 0.894117288879122 0.8721675512371775 0.8884133419097002 0.9056393433842346
53 530 0.029005716225344702 0 -0.010249521277046031 0.918848527232283 0.8939844663357965 0.9184260956804802 0.9063263179621064 0.9174232112163311 0.895374173314022 0.8734786761017452 0.8847468012939644 0.8875352887768608 0.8914882545167013
54 540 0.026957763186758337 0 -0.010249060227393594 0.885829514908267 0.9055768106382815 0.9143375674749215 0.9026876768676413 0.9239433592716576 0.9009696817787356 0.9063178511230198 0.8873769467001591 0.9066731754064611 0.9028786681274247
55 550 0.025545234575094285 0 -0.009951348320400837 0.8908400646487327 0.9150972166375336 0.9227446827155125 0.8869587480478126 0.9004954598476702 0.9128632130949781 0.8941588716613968 0.8986465053751027 0.9059598531946288 0.8869653171093332
56 560 0.025904045548099972 0 -0.009638856755452055 0.900177547078926 0.90648103679675 0.9144122315675544 0.8718260913493133 0.8919496062160076 0.8862455562436632 0.9086414615228684 0.9155411073344493 0.8816128935580031 0.8809703051040567
57 570 0.024425353289147717 0 -0.009553962801896205 0.903184865354978 0.8980310722176041 0.9057859411034758 0.8782445378383094 0.8812927712558895 0.9051827963337138 0.9035621513099523 0.9101238382355863 0.8839247810597383 0.9035196427615847
58 580 0.02306894586693889 0 -0.009561933677498654 0.8944429107384481 0.8957406014825167 0.9000556306174274 0.9212170476112891 0.9036475157009544 0.901839417424428 0.8835080120299649 0.909261726458892 0.9035423688259303 0.8897195695395803
59 590 0.02225694135444243 0 -0.009282166054555454 0.9048187456313954 0.8935553814808294 0.9076386864219455 0.9197078251621579 0.8889271274754533 0.8882766844779838 0.8842413260640081 0.8953922407948006 0.8906337661456882 0.9110122597724748
60 600 0.019302216182290503 0 -0.009295697020941083 0.8944751305390377 0.8976568171979068 0.8932026801644765 0.8926383127205146 0.8892132895644728 0.9030801330757133 0.8933179377164749 0.9047407970829962 0.8936046680217908 0.9214261652583565
61 610 0.017485402093017383 0 -0.009178051768264486 0.9002362049742269 0.8889948122970098 0.8990710442446548 0.9138300362172874 0.9088640715388349 0.9051651723905878 0.8887310189349998 0.89445988739305 0.8971146573589156 0.9015181975187555
62 620 0.015917478864100266 0 -0.009460101868417434 0.8965366394697327 0.900528982960498 0.899613149024509 0.9002506810307832 0.9065201834184813 0.8871320411463124 0.8868242702641076 0.9030857746528576 0.9054952501335172 0.912060823955828
63 630 0.014122489031995283 0 -0.009348629272039284 0.8898550077811757 0.8994732701645801 0.9027231951087946 0.9059936629211898 0.8969038897956997 0.8984309400947549 0.8897671236760569 0.900905750599378 0.8931167071682756 0.9176317705490522
64 640 0.012853993906949237 0 -0.009135867603705678 0.9059781926366876 0.9033056263487219 0.8965923882295403 0.909273488548279 0.8831346953414956 0.9023362903414628 0.8936043296043256 0.8975508013494996 0.898150610236283 0.905945681835549
65 650 0.011944080471047731 0 -0.009000461382618114 0.9046770442593791 0.8988121476327073 0.898669847997365 0.9058099970810197 0.8873836804559466 0.8911379881760302 0.8919561035404773 0.8987612107584863 0.9010010651969197 0.9136384014977013
66 660 0.01117179685231006 0 -0.009167673145760528 0.8988560949067633 0.9012186968428059 0.9050974946362448 0.9074827859444401 0.8854189901901516 0.8980285920235795 0.9057220007566451 0.9043013223445088 0.904678998326186 0.9056202211981055
67 670 0.010203302012896983 0 -0.00908604037917892 0.8990376539251146 0.9001958989259076 0.9015478400832025 0.8980890651255954 0.8882749654305698 0.902549292977877 0.9036878106638326 0.9087940509477512 0.9014901448518151 0.9098903721685784
68 680 0.009029980079361953 0 -0.00908895455384916 0.9030152116638125 0.9030132196036512 0.9008705956203737 0.90529028577963 0.8906687992699122 0.8967282938086438 0.9000695890448396 0.9075972416980426 0.8956359455497814 0.9024338373064769
69 690 0.008542845303339132 0 -0.009027822139767298 0.907425474803904 0.8992028296567062 0.9015949148077825 0.9045005820739539 0.9002817351551214 0.9059049107452358 0.8926730260531587 0.9038468069939902 0.9017261233525156 0.9022302494019541
70 700 0.007691954440488446 0 -0.008916087383868398 0.9035125029542492 0.9021313195158446 0.8982389103442993 0.8932135635466362 0.9030041108495643 0.9024045411761107 0.8965458763711692 0.9015785446076007 0.897198926618109 0.9123345965915126
71 710 0.0074182182231528684 0 -0.008919306942873666 0.9051099333387193 0.8964734114352612 0.9005122209117948 0.8989736002066077 0.9002166469828194 0.9101569104493337 0.9036406227729005 0.9039770197293459 0.9001428101619479 0.9070853488364423
72 720 0.007031790564569248 0 -0.008760377755443522 0.9030265088661995 0.8991410716104469 0.9029836248006965 0.8998945254771663 0.8967669953455178 0.9039908033008758 0.9080870063632719 0.9064057211339941 0.8971197549500706 0.9075157223415197
73 730 0.006433153478030165 0 -0.008760701046630666 0.9004425879241224 0.9061559282868491 0.9028286582884009 0.8998373201053705 0.8927261024761733 0.9017787674173214 0.9034610469751686 0.9050413404905969 0.9019216579428219 0.9022899329267865
74 740 0.006278630461648163 0 -0.008851759750744983 0.9036929224510908 0.8995979832078503 0.904301976575192 0.9070306674102542 0.898384239068405 0.902570953536279 0.8990793827140928 0.899728676474267 0.8996249592287076 0.9047953228617427
75 750 0.005485992047288302 0 -0.008684279058488979 0.9006289814329953 0.8996938483370062 0.9014535545542331 0.8996243350075477 0.8975382988671308 0.8994320798440323 0.9048071982457597 0.9049267476605379 0.9013160318109771 0.9064383323866111
76 760 0.005471018704042981 0 -0.008689684560198745 0.9008481171126502 0.9063250958354947 0.9041745005857156 0.9022057136198944 0.8984051358584776 0.9003678606087957 0.9017456882057913 0.9027089949899552 0.9049042409530352 0.8981599530921499
77 770 0.0051313141988912885 0 -0.008723365761130645 0.9018317255780192 0.9064193081292481 0.9026731445094276 0.9018892339527501 0.9007856927013512 0.9035461037595153 0.905935734089814 0.9021007212833336 0.9036271790276448 0.903619610507816
78 780 0.004808114836289362 0 -0.00860274563872333 0.8996129351622072 0.9033853145091001 0.9005205569056444 0.9036944471952041 0.9016690028977457 0.9050883048869874 0.9012073402741022 0.9030379847886583 0.9042883573548347 0.9008831592477372
79 790 0.004354099186833467 0 -0.008603125978734963 0.9016361525947872 0.9027450671794026 0.904282171708234 0.9052874000247568 0.901205570821055 0.9006002709980939 0.9046284159433581 0.9022433511268333 0.9013398119371793 0.9072196902587355
80 800 0.003970210380976995 0 -0.008567781485817232 0.8990600579698627 0.9009185335304664 0.9022193333961341 0.9060923207330258 0.9052069839586164 0.9035131378098689 0.9033254080388955 0.9014174546641683 0.9044596422519039 0.904360643684113
81 810 0.003975034900397032 0 -0.00859408307194981 0.9012818860319932 0.9026242363973597 0.9032948216483825 0.9033855167386805 0.9072397843682727 0.9047304051136729 0.9020391573981675 0.9009764087079964 0.9039621226008135 0.9034677619282642
82 820 0.0038861462177852443 0 -0.008639651707417898 0.9016218700290597 0.9055043422263157 0.9004283289124921 0.9004921279401621 0.9056511537780787 0.9036957780134596 0.9071072855839641 0.902380313635763 0.9044609882034937 0.9040143158473277
83 830 0.0036870447797708373 0 -0.008635223318424461 0.8995192410271592 0.902967302500335 0.9000878043466765 0.9012322406732983 0.9047110166041235 0.9042925780345658 0.9036752895214397 0.9011819678141381 0.9028237421618102 0.9043363916470123
84 840 0.003403840760318871 0 -0.008635671087668658 0.9022126627223009 0.9022789628176265 0.9017904625075281 0.8999649173728604 0.9067274062558417 0.9027549704533305 0.904531407519628 0.9029748483021359 0.9026834140465889 0.9033151022434552
85 850 0.003216985062754078 0 -0.008527686962137534 0.9038094208845899 0.9042587439302389 0.9027268815906772 0.9008310683166274 0.9046407613754899 0.9009157279301161 0.903803457437 0.9040373413966655 0.9019757532772892 0.9039752701578019
86 860 0.0029760126652493488 0 -0.008527776841950217 0.9009387144583262 0.9026440114791233 0.9030649041470031 0.9026858747515528 0.9066831403218365 0.9026078837243651 0.9043687745689463 0.9035862485365377 0.904555133621757 0.9025737974013541
87 870 0.0031107091890310414 0 -0.008502610421723143 0.9025231428726808 0.9008351975493709 0.9042778819232719 0.9024484404725859 0.9081271069063784 0.9026010130237695 0.9022897229481487 0.9027872523885736 0.9053724140935154 0.9034056172562457
88 880 0.0030346749540013825 0 -0.008503026567899237 0.9039771458489382 0.9025949757885456 0.902904431754395 0.9013358158870802 0.9037355174943705 0.9036069844859105 0.9059944371649424 0.902349242731109 0.9059981886932496 0.9016852472707207
89 890 0.00273948113463601 0 -0.008484930016561592 0.9018172913899142 0.9035643857489718 0.9037269856320267 0.9022836786655264 0.906382615317942 0.9034280621047865 0.9024882740054815 0.9031881248402297 0.9041153883309453 0.9029268065876919
90 900 0.0026449659775147553 0 -0.008484858801668414 0.9044040598316574 0.904499877543115 0.9028864270507461 0.900653046259086 0.9049468846610542 0.9020445523537554 0.9031756516178006 0.9052023241378514 0.9047939417200397 0.902652168052786
91 910 0.0026067916421425637 0 -0.008404655740095524 0.9026754937772121 0.9045499059103859 0.9024570609801984 0.902819272294373 0.9038515858033082 0.9040641194038896 0.9043657746263425 0.9042688268728852 0.9066083397595153 0.9038704086785186
92 920 0.0025084492130764365 0 -0.00840467619106001 0.903426700736797 0.9023925214786473 0.9030131646177232 0.903241860070519 0.9046325907871657 0.9027617255919889 0.9044858589405859 0.9050664879489032 0.9054344679299173 0.9038910786981885
93 930 0.002480000254834132 0 -0.008390703672922023 0.905169067876958 0.903206339533415 0.9017428568971471 0.9036491046036507 0.9043391497603779 0.902955344911863 0.9039098388248905 0.9044887774586092 0.9057433418470312 0.9040899440286544
94 940 0.00251896779282854 0 -0.00839080983799429 0.9043640702116281 0.9032672484199672 0.9022092448746116 0.9056686558646135 0.9038110077056097 0.902886664922516 0.9050036449463642 0.9045654502692785 0.9036137997169279 0.9054319751933229
95 950 0.0024344401726430678 0 -0.008367035516055558 0.9038171613305321 0.9046711365380604 0.9026645356692182 0.9043596407460402 0.9042613367626962 0.9043660994480394 0.9043941066416835 0.9037098330655652 0.9064510363214379 0.9033900311537411
96 960 0.0026033120358203285 0 -0.0083118021998202 0.904772412817945 0.905392189418411 0.9041722230339283 0.9062215311232947 0.9036793628964869 0.9060073382404747 0.9028875526159439 0.9048484667239651 0.9062790951356066 0.9044445796079774
97 970 0.0026363754535454 0 -0.00827702398104227 0.9033382104695385 0.9055665475534888 0.9040697993784559 0.9059411266935136 0.9044182512357447 0.9059024020542035 0.9034370140731988 0.9045423151294382 0.9058133474780093 0.9039483191779617
98 980 0.0026403032413668615 0 -0.00827700179316805 0.9038693367568401 0.9036946495024794 0.904938320668177 0.9065005712625523 0.9039842589764719 0.9060174127276588 0.9057489828153165 0.90506889248307 0.9061000125275663 0.9031564474617318
99 990 0.0025843899629904824 0 -0.008226974795679727 0.903912475957101 0.9060566357853497 0.9040160453519438 0.9056836948533847 0.9039778129522992 0.9059441524459665 0.9050624159974019 0.9052304922950382 0.9071524173301947 0.9055691983744055
100 1000 0.002459100697316883 0 -0.008167620430055996 0.9041491616956165 0.9055028931095237 0.9054135226484837 0.9045845655360937 0.9045856981396534 0.9040428764833908 0.9044831552588322 0.9050722861953062 0.9081064077217043 0.9048312408511474
101 1010 0.0025629528533704393 0 -0.008162283778113844 0.904184688782217 0.9050080549304768 0.906887385312104 0.9062567031761692 0.9043874533238839 0.9061767555182181 0.9059704751724853 0.9047961021182821 0.907539753103285 0.9043971908913461
102 1020 0.0024461254096014243 0 -0.008162300967093495 0.9032944551448242 0.9044510267456063 0.9056269767189025 0.9052271499337807 0.9056375219646389 0.9057504712787007 0.9064136621201999 0.9045220611531839 0.9068372782612456 0.9050992019709053
103 1030 0.0025258864806098967 0 -0.008078047763129353 0.9051641282193621 0.9067532218001436 0.9061304286489008 0.9054685203151777 0.9068053788041016 0.9049790078067894 0.9080652062221836 0.9053144169258857 0.9066773767098198 0.9048675272572424
104 1040 0.0024539692794001895 0 -0.008068454472533992 0.9045081184314306 0.9071343266431423 0.9067151900015472 0.905907943932502 0.9053589560632143 0.9060127691546604 0.9073135810934778 0.9059558469577473 0.9065018315739772 0.9052621710896105
105 1050 0.002426410190366344 0 -0.008074540735590588 0.9056419687023517 0.905075407159118 0.9054083676035773 0.9061817885004041 0.9055092684904477 0.9072452031640721 0.9078448534779312 0.9056182442200869 0.905752236080973 0.9060585537847922
106 1060 0.002391040299745911 0 -0.00807450667237955 0.9066184709605176 0.9055439475613627 0.9054386795902718 0.9059351255671078 0.904720809548005 0.9046420676915686 0.9070150923506249 0.9074237115513341 0.9061273553232878 0.9057160982183905
107 1070 0.0022715624536502567 0 -0.008032311596386885 0.9064192001696348 0.9052086287951 0.90500244840898 0.9064691496196327 0.9053769102789386 0.9054742782578143 0.9061996383031306 0.9060592518279641 0.9069245367486152 0.9059662793871346
108 1080 0.002049344041691812 0 -0.008029784182243135 0.9063764400361275 0.9060480990352021 0.9058865787398798 0.9049385531345904 0.9064163981826437 0.9060048119249442 0.9075450768856524 0.9046554250899665 0.9074929380605259 0.90634141504495
109 1090 0.0020221845833694385 0 -0.007999605274508124 0.9061050916504938 0.9050347787990053 0.9065288290902835 0.906131863215018 0.9075103997286433 0.9079421331765187 0.908541971372453 0.9057995877135264 0.9071640048846162 0.9053880096242791
110 1100 0.0019445389721192625 0 -0.007999714775687094 0.9061325314023416 0.9063107025507566 0.9067718445182071 0.9057660496029298 0.9054325311164767 0.9058286860666958 0.9077370625430964 0.9058767219020273 0.9065857344359619 0.9045352015977397
111 1110 0.0017926857660491846 0 -0.007990165498875636 0.9067447823284916 0.9060246177598575 0.9055896351562843 0.9058318684799148 0.9053658390958302 0.9069388528397658 0.907390890248696 0.9056881919741503 0.9061242463232926 0.9054703324421568
