% # columns="iteration, evaluation, sigma, max axis length,  min axis length, all principle axes lengths  (sorted square roots of eigenvalues of C)", seed=967313, Wed Mar 11 16:01:03 2020
1 10 0.18627189891381515 1.0000450010125153 1.0 1.0 1.0000050000125 1.00001000005 1.0000150001125006 1.0000200002000015 1.0000250003125026 1.0000300004500045 1.0000350006125072 1.0000400008000108 1.0000450010125153
2 20 0.18804434288990982 1.0664554793013872 0.8878221596320564 0.8878221596320564 0.9672380906945626 0.9789644598439129 0.9913196375525107 0.9991950310923821 1.0000265115256188 1.0026012213532285 1.0039416241128722 1.047720836374628 1.0664554793013872
3 30 0.18198406114101415 1.1033934875546327 0.8944608946563536 0.8944608946563536 0.9125716594959796 0.9643400343997655 0.9865794273425678 0.9913823605823363 0.9929065436988109 1.0141796998094326 1.0351814553715981 1.0600486641911175 1.1033934875546327
4 40 0.17208728891104363 1.0921958152151172 0.8678555682216774 0.8678555682216774 0.8945001956000307 0.9529288495088925 0.9637526615181868 0.9852948784990233 0.9900574748288089 1.0084830191178327 1.0412990013987442 1.070296899163571 1.0921958152151172
5 50 0.16797185271180268 1.1098104052669628 0.8111276880842408 0.8111276880842408 0.8622621840916458 0.9412016571651011 0.9558071636202272 0.9748481844011451 0.9897520157484175 1.0175870303567947 1.0413745645560015 1.075783890315483 1.1098104052669628
6 60 0.16664123705353098 1.1263952819798202 0.8004379739781273 0.8004379739781273 0.8337769293927763 0.9122295488167299 0.9298393134043702 0.9749381818520865 0.9803427263830815 1.023661117251639 1.0544374688697806 1.0775198862674489 1.1263952819798202
7 70 0.17034320493255595 1.1332090951379439 0.8018748682220931 0.8018748682220931 0.8285315821052381 0.8914145091358614 0.9070164008189986 0.9735871627843252 0.9881547588933651 1.0219132417384156 1.0488578444359271 1.086874353638274 1.1332090951379439
8 80 0.16274360164929888 1.1580281596930087 0.8032362799929829 0.8032362799929829 0.830542554712377 0.8458217843315886 0.9002578399615713 0.9427737378345173 0.9782113382643768 1.0363314048713717 1.0420724546656677 1.1005592611250077 1.1580281596930087
9 90 0.14886308814156707 1.1672675827639876 0.7807573033028754 0.7807573033028754 0.8213326593518081 0.845343252082835 0.8932769596975788 0.9340775044256021 0.9828899689943854 1.0055300357143508 1.0417286211621397 1.098344638504199 1.1672675827639876
10 100 0.1304519645373438 1.1582970816223235 0.7771217740939572 0.7771217740939572 0.8142202622898825 0.8233309012704052 0.886701898388387 0.9315486477677534 0.9594024601135878 1.0003420704435582 1.0300799828516103 1.0878437172184874 1.1582970816223235
11 110 0.11915469639284938 1.155652927181907 0.7560941090124844 0.7560941090124844 0.802087327201682 0.8190587765850824 0.8687124717791496 0.9124859736210905 0.9554699629588183 0.9949947191162853 1.0281590092531074 1.084091360186274 1.155652927181907
12 120 0.12016197430075744 1.1425275373870467 0.7422809209665187 0.7422809209665187 0.7717336783657742 0.8092219956180969 0.8603616775395854 0.9080511575375673 0.945699271798998 0.981976697605439 1.018548880324463 1.084650710747419 1.1425275373870467
13 130 0.11947599073781673 1.1548142197899485 0.732383051303697 0.732383051303697 0.7710455846047606 0.8023354743048733 0.8571919264142379 0.9392131974517506 0.9643561597679375 0.9876265920775786 1.021285484388089 1.0521073760272075 1.1548142197899485
14 140 0.11536878660301625 1.138978768144569 0.7113263451313081 0.7113263451313081 0.7657198013236757 0.7820221623364043 0.8320431277480919 0.9413528608438089 0.9757576777013418 0.9836609623703413 1.03716718946655 1.0686192662633203 1.138978768144569
15 150 0.10738685832530791 1.1357261939265892 0.6949257793027768 0.6949257793027768 0.7713301087122472 0.7813682873266349 0.8211657298927731 0.9108703531995981 0.9762808987541733 0.9803267601670612 1.057375742939445 1.0619012083595112 1.1357261939265892
16 160 0.095600157614936 1.1317452136958412 0.6821673979654417 0.6821673979654417 0.7487499089901143 0.7738255337276545 0.8096567072555647 0.9009540005796198 0.9497198618804784 1.0007911382329182 1.055177662781891 1.0624780448036277 1.1317452136958412
17 170 0.08898468354491142 1.0996327728914155 0.6743237290643522 0.6743237290643522 0.7535596620850143 0.7743831417495177 0.7967637038797066 0.8845355008860696 0.9399033915264847 0.9834480496394243 1.0492088508494237 1.0595645449347646 1.0996327728914155
18 180 0.08175879507086255 1.1106388714227697 0.6752737714352857 0.6752737714352857 0.736061664941919 0.7553880555951249 0.77950333875933 0.87426454726982 0.9287913217822941 0.9854255215019636 1.0448835920154793 1.0613758056813734 1.1106388714227697
19 190 0.07733498980111246 1.1137919263490297 0.6512264505455095 0.6512264505455095 0.7327285685445809 0.75023879164633 0.800310988982399 0.8566744630125673 0.9258315960368204 0.9882823414013697 1.0215177416399082 1.0309173295001646 1.1137919263490297
20 200 0.07342657842387401 1.119261273990865 0.6414677540572156 0.6414677540572156 0.7360593173876814 0.7386015869689663 0.8040395438348242 0.8485901220754251 0.8930852338033893 0.9809172296936187 1.01214445485786 1.0354385677742117 1.119261273990865
21 210 0.06770202637429161 1.107298567557727 0.6454215492961128 0.6454215492961128 0.7277688391358094 0.7383919685143987 0.7808188410186527 0.8454865410877486 0.9130963470422552 0.9817747953070052 0.9967353657993658 1.0315748358008268 1.107298567557727
22 220 0.06665399008358415 1.0809894575862062 0.6494848362370865 0.6494848362370865 0.7222317586313233 0.733212446626207 0.7746288565397907 0.8386137470427638 0.9148340018758883 0.9564354082328432 0.9889711280096244 1.0171102029059802 1.0809894575862062
23 230 0.06080143924923325 1.081091049846235 0.6419011947899148 0.6419011947899148 0.7135612456094755 0.7477667193151576 0.7529343438215322 0.8515188034648411 0.8691558784646829 0.9342913470882742 1.0014156149840572 1.0670391518495825 1.081091049846235
24 240 0.06088055764673057 1.082830490980819 0.6241468653434563 0.6241468653434563 0.6931204946301195 0.7460816502130023 0.7531468152547296 0.8532838842867372 0.8708179909970079 0.9386999819692391 0.9620764128934318 1.0319558338228274 1.082830490980819
25 250 0.05812004871784879 1.0800015658410305 0.6157084527237013 0.6157084527237013 0.6887751303802512 0.7451824429247876 0.7644114743108377 0.8335688238679702 0.8627074787992708 0.9540417978379998 0.9581998324740366 0.9979218954196337 1.0800015658410305
26 260 0.057088206072182415 1.072171843625697 0.6294634323893957 0.6294634323893957 0.6717064255230567 0.7357905866057346 0.7536306961708397 0.8067301685997978 0.8604850554291353 0.9348179199354621 0.9594848078160768 1.0122886974925316 1.072171843625697
27 270 0.05515327648983431 1.0626740808282429 0.6376640648069721 0.6376640648069721 0.6658471222926531 0.7027910666774831 0.7501828886622122 0.7991052637339493 0.8595865017599026 0.9313992193670123 0.955052692957004 1.0234120379457778 1.0626740808282429
28 280 0.05415335757064936 1.0442993037959187 0.6384474171063015 0.6384474171063015 0.6596478411801345 0.6830190085261778 0.7480809411859712 0.7933374001435836 0.8688670808050699 0.9069821848243842 0.9838613093843004 1.0219655361940538 1.0442993037959187
29 290 0.05649489344304793 1.0378286687333191 0.6440231514131999 0.6440231514131999 0.6486160864860094 0.6832772123656624 0.7336747720115587 0.7978106089256701 0.8645857665435179 0.9226740031636936 0.9739570340203427 0.9866748983980714 1.0378286687333191
30 300 0.055666789556344194 1.0452458459147005 0.6383401049883233 0.6383401049883233 0.645655277796137 0.6839375236366347 0.730786336792589 0.7958096875793351 0.8851671304672374 0.904532539196742 0.9596862799359669 0.9801522210655795 1.0452458459147005
31 310 0.05297742747761198 1.0489447355198387 0.6354600331491538 0.6354600331491538 0.6414147846902216 0.6633278677814161 0.7157161212182749 0.7673417864056856 0.8973314896812156 0.9104797576753693 0.9635709639818865 0.9762031567434791 1.0489447355198387
32 320 0.05248848674122391 1.072791460683726 0.6239608721103264 0.6239608721103264 0.6325346013695874 0.652440429448716 0.7018101384486052 0.7741016943593004 0.8804407418177974 0.922446282949493 0.9360160322909248 0.9665063129920335 1.072791460683726
33 330 0.049755309992340555 1.0422420478794985 0.6134160762732291 0.6134160762732291 0.6340954198909037 0.6516360087558655 0.7071452585027203 0.7775098829944266 0.8948811614038817 0.9050910137374323 0.9399230086889918 0.9555235979551273 1.0422420478794985
34 340 0.04502653907856974 1.0346829954678352 0.6055680473183116 0.6055680473183116 0.6176675758499938 0.6328284922587646 0.705507836431863 0.7765393601797285 0.8660885852991133 0.9024590840728328 0.9364232282718582 0.9570604826486748 1.0346829954678352
35 350 0.03934827497917729 1.03231922726176 0.6007770399828831 0.6007770399828831 0.6114132099908993 0.6192970440266817 0.7041682616442867 0.7545738310494204 0.8270133449045576 0.8977147497453033 0.932146826569321 0.9625053784353601 1.03231922726176
36 360 0.036518495763678216 1.0222008027654699 0.5891904363535312 0.5891904363535312 0.6085549076571016 0.6209036054402427 0.682935928628086 0.7557226976049504 0.8073993760224706 0.8946899914263164 0.9025531645221805 0.9567534039917582 1.0222008027654699
37 370 0.03435298113910498 0.9889138959545054 0.5878337389023097 0.5878337389023097 0.5994605164817459 0.6081400800992608 0.6709773443948087 0.7525349704027129 0.8019628367109464 0.8892322649548079 0.8966167957503192 0.956498810333415 0.9889138959545054
38 380 0.0346319483095873 1.014633355958728 0.580154352974742 0.580154352974742 0.5820214597247527 0.6024775412882633 0.6548117047920324 0.7567508919631951 0.8011023381373065 0.8804020087222297 0.8970664413487116 0.9433238270193968 1.014633355958728
39 390 0.03339186052471158 0.9998839359290327 0.56532657104269 0.56532657104269 0.5937525091253706 0.603215169435249 0.6516979374614252 0.7580385381726503 0.8109124651841466 0.8715321649000685 0.8955850133022414 0.9285761016512325 0.9998839359290327
40 400 0.03236557970656154 1.008709791128473 0.5483532780970617 0.5483532780970617 0.5839812952214856 0.5931623696981035 0.6479474492785047 0.747998301811609 0.8229786936152658 0.8544371897909158 0.8863967722248656 0.9201901296164579 1.008709791128473
41 410 0.033410317544714775 1.0142448888980813 0.5530027485781585 0.5530027485781585 0.5849101711985357 0.5870520635058065 0.6424783869053983 0.7409507193414334 0.8151594142444798 0.8435552090209967 0.8881398689608005 0.8998795829814992 1.0142448888980813
42 420 0.03227685483323442 0.9884885669041747 0.5503860194595026 0.5503860194595026 0.5735326991923599 0.5858743895682346 0.6398585852743345 0.7351628034506794 0.8004581242930965 0.8555333416563652 0.8981926691768628 0.9255423095811139 0.9884885669041747
43 430 0.03219739761327855 0.9794518010000028 0.5433142889355911 0.5433142889355911 0.5754849840091432 0.5837306719090509 0.6374928552773615 0.7281427076719322 0.8084726115584215 0.8213117525507475 0.8978745600010126 0.9329379725176721 0.9794518010000028
44 440 0.030492916358787127 0.9679254709592675 0.5287218175806307 0.5287218175806307 0.5714282349899528 0.589731813633652 0.6204534905047331 0.7282054611722248 0.7853891370001048 0.8361080758640683 0.9069988120769686 0.9393965791587618 0.9679254709592675
45 450 0.03112697737627932 0.9902816434831352 0.5166732555940927 0.5166732555940927 0.5553218325117278 0.6117066276740861 0.613907955997452 0.7054221899804699 0.7872365810616373 0.8515443419927363 0.8765001590834126 0.9220352103990777 0.9902816434831352
46 460 0.031090231962096232 0.9969071325570489 0.5037847494963085 0.5037847494963085 0.5455989309327923 0.6046782488776846 0.6165374069343982 0.7201404277277493 0.7753111131220106 0.85038836407949 0.858812128541892 0.921286051340837 0.9969071325570489
47 470 0.030347125021880268 1.0070332443050196 0.4992119041320708 0.4992119041320708 0.5481798558331074 0.5982257802112408 0.6135604584952006 0.725310211616713 0.7761444188052667 0.827613370966791 0.844121504104274 0.8994850641678551 1.0070332443050196
48 480 0.030446879419442074 0.988548953646417 0.49848900288301423 0.49848900288301423 0.5510442911854082 0.5945149483882505 0.6200838124151389 0.7241739379898802 0.7638171215777667 0.8025894511669399 0.8263032196164816 0.8989642248722318 0.988548953646417
49 490 0.027369093246498808 0.9847782065801703 0.49898829715691156 0.49898829715691156 0.5558063840108163 0.5796586700943642 0.623567098831409 0.7160214737294296 0.746264569809411 0.7874274405526026 0.8294400574553785 0.9036951922954306 0.9847782065801703
50 500 0.028086230721069336 0.9752107363412963 0.4994779655673382 0.4994779655673382 0.5381365750344077 0.5846166592215957 0.623931707152996 0.7040223205778378 0.739372629654388 0.7780132649669231 0.8290336957397488 0.9009573456171308 0.9752107363412963
51 510 0.028543693800360485 0.9788688067741258 0.4928682335898744 0.4928682335898744 0.5273989246659897 0.597046575806823 0.6551145049595731 0.7046132330838216 0.7333757576239214 0.7584475379655732 0.8103330014648943 0.925638527103821 0.9788688067741258
52 520 0.028494298049473864 0.9893668974803973 0.4871715443144217 0.4871715443144217 0.5207591632756614 0.6090149728493003 0.6352676534049719 0.7049172833918526 0.737633114876948 0.74471519137524 0.804604564387825 0.906350077251867 0.9893668974803973
53 530 0.026621452281560674 0.9970208584496616 0.49216984722056795 0.49216984722056795 0.49917690823926775 0.590316614439246 0.6306503977916432 0.6867379181348864 0.735200956840972 0.7811587441103313 0.821044896006262 0.8917004209018424 0.9970208584496616
54 540 0.02788434708820466 0.9894332156235223 0.48894581135081994 0.48894581135081994 0.5193414489043334 0.5892042786415929 0.6368724270874129 0.6777296272022061 0.7182022958412132 0.7642709627897141 0.7986686998192662 0.8731075342913801 0.9894332156235223
55 550 0.026517228997228106 1.0063932544061918 0.48016540668103036 0.48016540668103036 0.5302199509606348 0.5798690908003279 0.6204448612125404 0.6691489323254743 0.7118138925532963 0.7674252143676986 0.8226102147912306 0.8615660736183095 1.0063932544061918
56 560 0.026340322093747856 1.014326814617545 0.48459424756046054 0.48459424756046054 0.5268892553681903 0.5777077485349853 0.5939925966360611 0.6716983390804729 0.695171762232058 0.7766954417390265 0.8119629025511231 0.8773183611316668 1.014326814617545
57 570 0.025001331120569147 1.007100490189486 0.4878321631171118 0.4878321631171118 0.5449732415954114 0.5511705047066441 0.5898601014929709 0.6686474164567937 0.6838125072993904 0.7771348417074677 0.794721801172311 0.8816752372927523 1.007100490189486
58 580 0.0233604164833659 0.9820400079538243 0.48665943368618025 0.48665943368618025 0.5379745143121328 0.5463978820066029 0.5843932393188916 0.66222437998613 0.6823004851164541 0.7790250884759757 0.7840439217783819 0.8739429613488626 0.9820400079538243
59 590 0.023595425338129902 0.9410832070985731 0.48455754446832333 0.48455754446832333 0.5311927170603228 0.5493389229040883 0.5836543753798744 0.640391329501986 0.6764710777720225 0.7731823799527561 0.8128487690963005 0.8499415139210021 0.9410832070985731
60 600 0.02241030714994117 0.9812940373734834 0.4776672584430704 0.4776672584430704 0.5310653855083406 0.5467779508970756 0.5720947053816942 0.6308671435412199 0.666289839269294 0.7679077078920625 0.798101527894177 0.847705694627957 0.9812940373734834
61 610 0.02122357814785811 0.9733142707043266 0.4813927791635875 0.4813927791635875 0.5291722894166542 0.5405388903176319 0.5613149057471369 0.6322862824891813 0.6559788933747182 0.759008833096194 0.7795950576537273 0.8407471133189158 0.9733142707043266
62 620 0.01929679397757342 0.9501927654229788 0.48124712584077534 0.48124712584077534 0.5156573240744252 0.53327255539451 0.5610140870560693 0.6315330195033768 0.6502241850440716 0.7401640846126708 0.7723754274555567 0.8390077536330749 0.9501927654229788
63 630 0.01765756680087899 0.9414605898884066 0.4825615091620137 0.4825615091620137 0.5110728858834818 0.5231692808687868 0.5484246412398087 0.6192885470152363 0.6524426911970702 0.722427003788214 0.7873719951154338 0.8184842708275029 0.9414605898884066
64 640 0.017736291124336775 0.9101495109191864 0.47221105587391127 0.47221105587391127 0.5032125643052048 0.5240242357925041 0.556414677133618 0.6127860247694586 0.6533668383406388 0.7261733140039551 0.7745938828512455 0.8052674400109355 0.9101495109191864
65 650 0.017290242544787393 0.8960554464212858 0.46583824879398994 0.46583824879398994 0.49463270708406104 0.5154605367544115 0.5441042820798765 0.6226953123244956 0.6467866281614508 0.7360967103571939 0.7711504014912924 0.8095108197524842 0.8960554464212858
66 660 0.01678266333156317 0.8848994167280708 0.45344311717413627 0.45344311717413627 0.49547154546615785 0.5186829184342138 0.5408081572836894 0.6221590039435729 0.6431032644266441 0.7358707216072994 0.7645881880803053 0.7857699898726237 0.8848994167280708
67 670 0.017467493012618462 0.8667119579087855 0.440020554253479 0.440020554253479 0.49502374405191923 0.5144582630163346 0.5324162481116985 0.6269170973772108 0.640354453305435 0.7460589703641586 0.7527729062631366 0.7877469477218126 0.8667119579087855
68 680 0.01652636236670599 0.852754738251194 0.441736870866983 0.441736870866983 0.4954542401751755 0.5055726420648131 0.5320790488054473 0.615148383786977 0.673015462166562 0.7385866249426688 0.7557876047538848 0.7816096036043856 0.852754738251194
69 690 0.01649131025781509 0.8367857185648706 0.4361750396996521 0.4361750396996521 0.48281443209491337 0.49860568027311225 0.5314987290019269 0.6078467754374665 0.6731540538982732 0.7415720255890705 0.7574809238754239 0.7740667597843783 0.8367857185648706
70 700 0.015694126547047483 0.8518954959460256 0.4281716274194323 0.4281716274194323 0.4874854780893101 0.5037540997883398 0.5224934502361969 0.6003260492492544 0.6663129616226151 0.7198991343048754 0.7558321791954918 0.7684158708429533 0.8518954959460256
71 710 0.015020068492590242 0.8309044841478365 0.4253094959798283 0.4253094959798283 0.4676193777090101 0.5087563764402234 0.5268254414999701 0.5954074109634676 0.643939344726434 0.7262717330512426 0.7589253058777791 0.7631087786732212 0.8309044841478365
72 720 0.013603183551466214 0.8109770023173957 0.4309620466884969 0.4309620466884969 0.46643166127380026 0.49887036298562365 0.5305312730872657 0.587991170294189 0.6250874844193358 0.7143073951917355 0.752006834739766 0.7608574286367302 0.8109770023173957
73 730 0.01216387300298545 0.7970556994564338 0.42746302803211933 0.42746302803211933 0.45931511372884365 0.48837882873760635 0.5285615666625852 0.588145625985898 0.624825923599506 0.7099477058041761 0.7318838392994649 0.752454561947148 0.7970556994564338
74 740 0.011748668374568366 0.7949286827705623 0.4046019263024505 0.4046019263024505 0.44707232292160515 0.49026202209829745 0.5308406010902037 0.5825266031873285 0.6123900954363344 0.6968479079740708 0.7441708922633471 0.7704998595193641 0.7949286827705623
75 750 0.011140882231454296 0.8014922970146274 0.4052885597971057 0.4052885597971057 0.4429972760308402 0.46495156174200836 0.5166521344239433 0.5763335966979871 0.6323571962219453 0.6962093338957388 0.7399435361848204 0.7704413404179096 0.8014922970146274
76 760 0.010599538154244996 0.8021457164509579 0.38336729123588337 0.38336729123588337 0.4408219780182153 0.470052499951381 0.5068228060163741 0.58595430108173 0.6324746710054329 0.6932581250732998 0.7229548014236695 0.7650763310703279 0.8021457164509579
77 770 0.009546376749148095 0.8107579692159466 0.3768972689279303 0.3768972689279303 0.4378757161835741 0.4553799485253556 0.505530509952231 0.5697994645935435 0.635027793854218 0.6752910988333014 0.7170376713541193 0.759266879327234 0.8107579692159466
78 780 0.009371697162889275 0.7822833652142821 0.36912728779531884 0.36912728779531884 0.4347636706786323 0.4565192493993286 0.5069892427155855 0.5729894328356194 0.6272803713946564 0.6623133004589706 0.6965248463836576 0.7618906448495211 0.7822833652142821
79 790 0.008867017296505575 0.7812170083989232 0.36635674692232273 0.36635674692232273 0.44252999533547427 0.4594678481045208 0.5011105937855163 0.5622572750924071 0.619020030279681 0.6816476558419368 0.6850658873451373 0.7525117583769212 0.7812170083989232
80 800 0.008312604408178876 0.7703718294597411 0.3639401657698659 0.3639401657698659 0.4406834361706247 0.45489589301900973 0.5143943348875342 0.5540452274929007 0.6150795860962509 0.6695573549103809 0.6856815842833346 0.716910661702225 0.7703718294597411
81 810 0.008421185097070136 0.7580590662246439 0.3680365406354673 0.3680365406354673 0.4377801059021289 0.45720937048126226 0.5135031931688026 0.5419347453126168 0.5990613881085699 0.6369345076909344 0.67650744036247 0.7180771499885982 0.7580590662246439
82 820 0.008418739902126406 0.7557928330111813 0.373951784049298 0.373951784049298 0.42829046586041053 0.4512762606010543 0.51543382580937 0.5296063509465642 0.6046949381904511 0.6291310249611477 0.6837510200957195 0.7049917788219419 0.7557928330111813
83 830 0.008693354846909845 0.7436040204735691 0.3726800742715484 0.3726800742715484 0.4373199953997665 0.44015760077304866 0.5189700414526092 0.524282551363131 0.605803166398488 0.646470219329822 0.6596467220885044 0.7083756626739766 0.7436040204735691
84 840 0.009029253565724217 0.738452770887165 0.37219821491663835 0.37219821491663835 0.427694497968293 0.44521297832221385 0.5166586207840836 0.5367372418281652 0.5886967226782646 0.6515744285019124 0.6661247539776374 0.71176241487645 0.738452770887165
85 850 0.008655585017170765 0.750147963719479 0.3737575216298679 0.3737575216298679 0.4238868576487582 0.4484757058596202 0.5142768641482204 0.5463151811898481 0.5841519264192772 0.6339933594964857 0.657255970627478 0.6922066765237291 0.750147963719479
86 860 0.008520018813623518 0.7384283250053955 0.36602684843585126 0.36602684843585126 0.41697750135617934 0.4496844737679604 0.5083540264352874 0.5482740615369092 0.5868621242151181 0.6266135619076261 0.6486554855784536 0.6905045442032139 0.7384283250053955
87 870 0.008208821589227668 0.7446106756168901 0.360955017054589 0.360955017054589 0.4125539555298983 0.454062778258142 0.5098043865134126 0.5351227694856546 0.5767140771452746 0.6198498538745569 0.6305107588120266 0.6938510637614189 0.7446106756168901
88 880 0.00836436543964947 0.732440940764304 0.3589893671553197 0.3589893671553197 0.4149259742329458 0.42442904825245625 0.525340508502458 0.5412129999006028 0.5699487189856598 0.6149024120051269 0.6190925114318897 0.6917099937073129 0.732440940764304
89 890 0.007989746356665755 0.7107376223715753 0.36969786504263613 0.36969786504263613 0.40917650660478555 0.4465051786432237 0.521390984825505 0.5474337831003032 0.5673499038495294 0.5951140195030087 0.6168091950075799 0.6798415508311784 0.7107376223715753
90 900 0.007567550750065103 0.6926589100426677 0.37274243925957795 0.37274243925957795 0.4045197883002904 0.44723735059610886 0.5194253434164054 0.5381785001616934 0.5522057515032534 0.5936508665767578 0.611528711267209 0.6798116168683135 0.6926589100426677
91 910 0.007396156078225585 0.6876405013590908 0.37434136926646694 0.37434136926646694 0.3995152274657483 0.4447677702767233 0.5212727445085877 0.533077738552039 0.5573090348694479 0.5867684847072047 0.6098031768196022 0.651189960703273 0.6876405013590908
92 920 0.00709203624105398 0.6845179929919856 0.37224999429565125 0.37224999429565125 0.4017660400437664 0.444427180862549 0.5181025312485585 0.5337580045800483 0.5676160504024892 0.5705848314016406 0.600614205717351 0.6561339988368414 0.6845179929919856
93 930 0.006553797255509662 0.6673381077396051 0.3706211870462138 0.3706211870462138 0.4027062891885292 0.4467346002910558 0.5041342626110438 0.5247360237335846 0.5696432070771451 0.578445278629661 0.5894688109306384 0.6570760479589656 0.6673381077396051
94 940 0.006023353400134533 0.6683844947510142 0.3630703146795483 0.3630703146795483 0.3914676577324404 0.4538087774525358 0.48662986456023705 0.5210364383388926 0.5590181312168829 0.5758091493313247 0.5845622889625316 0.6505639559677954 0.6683844947510142
95 950 0.005680265200298391 0.6683669342417133 0.3621869608927178 0.3621869608927178 0.38961921892416645 0.44824374459215005 0.4878615600447444 0.5064663436169214 0.5355507482829261 0.566243402906561 0.5894791919181367 0.6395676294974533 0.6683669342417133
96 960 0.005101633091262292 0.6803454229269509 0.358653287409888 0.358653287409888 0.3742623140043485 0.43621210183974046 0.48806945880341523 0.5042784994820412 0.533695988974982 0.5573829623165466 0.5839577482638133 0.6417315248982728 0.6803454229269509
97 970 0.005269635448714808 0.6781103689720732 0.356550151244894 0.356550151244894 0.37288387759009384 0.43022674467267613 0.4677086454727541 0.5058384420094785 0.5232550138005225 0.5516973917024635 0.5845229518239313 0.635951696966212 0.6781103689720732
98 980 0.00517318506553206 0.6722087149791972 0.3461291419601738 0.3461291419601738 0.37204230824547974 0.43963958124241376 0.4687168389339116 0.49923642416538466 0.5185629902190029 0.5750162487516114 0.580018879829054 0.6250452442377155 0.6722087149791972
99 990 0.00494033871098077 0.6723691254550802 0.34208947026752035 0.34208947026752035 0.37101208728471924 0.4430035201692108 0.47506579520939957 0.501561781095337 0.5142877166373444 0.5687139160612916 0.5843269094804303 0.6091469052353167 0.6723691254550802
100 1000 0.0046034093636052485 0.6692837177330917 0.3381510509049315 0.3381510509049315 0.3798578482926874 0.4504961144511736 0.460787583467465 0.474321867356869 0.5117090752189415 0.5707301635747215 0.5744568548262179 0.6069675082042748 0.6692837177330917
101 1010 0.004555852768336608 0.6652156091832597 0.32931633742822863 0.32931633742822863 0.37821491698465043 0.44240430617278065 0.45816899723370547 0.4764207669719677 0.5057127827552262 0.5724926720287606 0.5771905096910868 0.5928218947547769 0.6652156091832597
102 1020 0.004349941530229496 0.6601726846216911 0.32719143063343353 0.32719143063343353 0.3739524506992389 0.4511238897914048 0.4562343792501004 0.4849512143206666 0.50673067065591 0.5578476037962898 0.5733929061806189 0.5888233715332604 0.6601726846216911
103 1030 0.00420977107271902 0.669632401200575 0.3183748763569527 0.3183748763569527 0.37305098034669126 0.4471449433359488 0.4597153475816349 0.48295259612707075 0.4973371194136323 0.551431725793775 0.5707174919944156 0.5793706968212501 0.669632401200575
104 1040 0.0038555575654827356 0.6877844943007589 0.3057906134769991 0.3057906134769991 0.3675754440213286 0.4453044797948614 0.45177236507093194 0.4781875464272329 0.49711508594095105 0.5496369132134958 0.5636555393364263 0.5801413928961947 0.6877844943007589
105 1050 0.003848259024144023 0.6925475134141753 0.303144822167127 0.303144822167127 0.3659735344503931 0.4342292866079231 0.45736561086166333 0.4697934007074694 0.482951439884168 0.549469272100898 0.5591069097994932 0.5706608558401214 0.6925475134141753
106 1060 0.0040530234608049855 0.6897890160015138 0.3066798270206115 0.3066798270206115 0.36107786573841627 0.4298328954745255 0.4532714872187258 0.4660773444811387 0.49413542719861975 0.5424681151717203 0.5557751661206831 0.563953502460977 0.6897890160015138
107 1070 0.0038451749134249076 0.682304456265679 0.31339538777728115 0.31339538777728115 0.3602505845608473 0.41870320112576287 0.4504690941801253 0.46614011083491946 0.4929952052410511 0.5327300717315965 0.5553303957254934 0.567679518357766 0.682304456265679
108 1080 0.0036634403931867007 0.6434703372962991 0.3214718707253978 0.3214718707253978 0.3494366471045496 0.4134930179263346 0.44200231565198633 0.4635929314348692 0.4953872538536949 0.5331417032425362 0.5503133450025929 0.5692211776597895 0.6434703372962991
109 1090 0.003426011594354711 0.645253790144976 0.3117461581073401 0.3117461581073401 0.34563211344777894 0.41329521159601124 0.4375757616827351 0.47217046884317176 0.4878199052873628 0.5286599505109854 0.5543350861765416 0.5668864042924453 0.645253790144976
110 1100 0.0032750249328865884 0.6204485860628147 0.32426991687639384 0.32426991687639384 0.34217176608745875 0.41250339437111216 0.4333576946825433 0.46992742417873384 0.4807892214433429 0.5137316639304434 0.5566901252619514 0.5624943809009504 0.6204485860628147
111 1110 0.00308459288742288 0.6177837473567286 0.32981577109587557 0.32981577109587557 0.3338097632770687 0.4030768699650351 0.4274986073861103 0.46101057129698364 0.48285636298084195 0.4877090433662231 0.5592811610871521 0.5725972675479998 0.6177837473567286
112 1120 0.002931870146466365 0.612184733248824 0.3223119591195987 0.3223119591195987 0.334236850659745 0.4043331696434057 0.4123851418280371 0.4566380951249108 0.4737889694812652 0.4808107025724239 0.5558328457100421 0.5831964570523263 0.612184733248824
113 1130 0.0029088641362550742 0.6128081412234216 0.32118267411262497 0.32118267411262497 0.32969934581080623 0.39536035204228137 0.4207233829305551 0.4437967576216242 0.465794676702971 0.4801334118558749 0.5558679492545087 0.5825342002081401 0.6128081412234216
114 1140 0.0029825218999609032 0.6241104727381909 0.3043839070564702 0.3043839070564702 0.33169659807581453 0.39487193649494895 0.4107007654672961 0.4327560920811232 0.4695484447044279 0.4829760608244297 0.5640312885304216 0.5811682722746373 0.6241104727381909
115 1150 0.0032473279956646943 0.6418910685734633 0.2965251350646232 0.2965251350646232 0.3366349042452092 0.3901673714151922 0.4081998876393296 0.43176037884214286 0.47031776160547767 0.4858309572449894 0.5462289327720838 0.5791355564024274 0.6418910685734633
116 1160 0.0032539237261913563 0.6586833251919115 0.2973618958941724 0.2973618958941724 0.3378553622644304 0.3926522044421879 0.4160980516170808 0.43684537423713293 0.46584832681947863 0.4907521306381882 0.5334962694479752 0.5785740171627826 0.6586833251919115
117 1170 0.003136861975039976 0.6622760753283221 0.30392529897709003 0.30392529897709003 0.3281799751412097 0.4004706873454704 0.41472510848785665 0.43367696362677116 0.45283084296222276 0.4861761625094274 0.5190641379599276 0.5823873185718509 0.6622760753283221
118 1180 0.003118837503622247 0.6589535402174802 0.3008554658942581 0.3008554658942581 0.3294357515472403 0.39004718754245604 0.40559354628615896 0.42713473664837365 0.4421433579290055 0.4882439080816128 0.5136775355831714 0.5869841418764841 0.6589535402174802
119 1190 0.003214837070267526 0.658471015833534 0.29420485019281833 0.29420485019281833 0.3333572463931634 0.3875748010632046 0.4065743920501049 0.42776870953074675 0.4422829328790831 0.47525245175149305 0.5113584788337497 0.5841207623308512 0.658471015833534
120 1200 0.003382595568767653 0.6495541289010505 0.2910017546937858 0.2910017546937858 0.324771548402066 0.3850726166281998 0.40429421825430983 0.43479213123444027 0.43988601516607573 0.4846050766014451 0.5205120430563499 0.5810831466996403 0.6495541289010505
121 1210 0.003343181492761379 0.6491286932765392 0.28795257330696017 0.28795257330696017 0.32762715946379856 0.3735381061173204 0.4021757910797096 0.42120380519110595 0.4399151772340837 0.49084775477595116 0.5095632123972132 0.5889086455218169 0.6491286932765392
122 1220 0.0031855890315541442 0.6509656373191465 0.28531210144004987 0.28531210144004987 0.3306092648171021 0.37576058004483504 0.397062426342644 0.4087344369785621 0.4413020852084899 0.4851050840527526 0.5067466231343593 0.5678276287803231 0.6509656373191465
123 1230 0.003092207075453718 0.6226493618293858 0.27254174395862407 0.27254174395862407 0.3296117128537822 0.37318887864149153 0.4021906112112513 0.40489242243912077 0.44182730554523364 0.4848950130828045 0.5024878974824023 0.5701272541741376 0.6226493618293858
124 1240 0.0029871291618734693 0.6217625947053255 0.2661332623984924 0.2661332623984924 0.32711973126847876 0.3562175526482971 0.40225654268956446 0.40768712363081044 0.4493051619477456 0.48595728035482294 0.4999856650277336 0.5642983182550612 0.6217625947053255
125 1250 0.003007343001123513 0.6122756616671807 0.2536486188542886 0.2536486188542886 0.3287277615186148 0.35267762036627875 0.40398143362833694 0.4063930451895162 0.4476643385571651 0.47802828219271704 0.4991013805697335 0.5608293513526463 0.6122756616671807
126 1260 0.00291824027067424 0.6166647920506392 0.25441685459763 0.25441685459763 0.32926068618453586 0.35480895723487205 0.39795828156929014 0.40941710059504666 0.451742158357841 0.47256994070117914 0.48077266116375084 0.5418301539172897 0.6166647920506392
127 1270 0.0028385725016477487 0.6046914672647565 0.2608454229074209 0.2608454229074209 0.3260195914490708 0.3579148289008673 0.3977066560638118 0.4087893411066293 0.4409787310939303 0.47467716609786453 0.48324824365678193 0.5146787564012995 0.6046914672647565
128 1280 0.0027589485493634083 0.6138559572484266 0.2623030988065886 0.2623030988065886 0.32895938360187227 0.3592379265834124 0.39264985711639677 0.4048576971660079 0.43344189934887795 0.4647193454309946 0.4855512535922938 0.499632162155095 0.6138559572484266
129 1290 0.002798577924344147 0.6076171090601075 0.2640461676284431 0.2640461676284431 0.3342548693979854 0.35789720346028914 0.39005741312693337 0.39793486139163825 0.4283092666508609 0.4567192763478487 0.47616706834361383 0.5003091331502325 0.6076171090601075
130 1300 0.002954583611315901 0.5992480339030171 0.2684480676661235 0.2684480676661235 0.32831996082237347 0.35729582978745644 0.3783865714622106 0.4095438322528951 0.4288603744509771 0.4508886769339345 0.4703774211602808 0.501277622607111 0.5992480339030171
131 1310 0.003028668323857593 0.590668363359157 0.2721480459927804 0.2721480459927804 0.332216969349995 0.35813466027485036 0.3711428686375045 0.41140802540863564 0.4272210494144023 0.4384273895368752 0.47743288067116846 0.5077914302509535 0.590668363359157
132 1320 0.00288334081473633 0.5881758052131699 0.2709391563819971 0.2709391563819971 0.3309572194599595 0.3526615594366704 0.3680944920096333 0.4166512536413318 0.4244689694237738 0.43911211015400964 0.4627434403305535 0.49741657207062806 0.5881758052131699
133 1330 0.002808624229769758 0.5665286321342802 0.272417798498548 0.272417798498548 0.3330976932663852 0.3560876004327451 0.36746636291784157 0.40631521496426826 0.4120739324133162 0.43873874845253 0.46510972561923625 0.4909839679559223 0.5665286321342802
134 1340 0.002908707069696278 0.5684715043719983 0.26613855277277737 0.26613855277277737 0.32359826405207964 0.34751850426028336 0.3664381511835549 0.4038985552121397 0.40881938977377746 0.44733799413551445 0.4637773808907493 0.48905575167176846 0.5684715043719983
135 1350 0.0028283801090215254 0.5680162813768211 0.2697962874852641 0.2697962874852641 0.3149291214583173 0.34769156842218996 0.36023485968865204 0.4023189708408732 0.40531362419055916 0.44907307800155616 0.46559650246239875 0.48481981361741305 0.5680162813768211
136 1360 0.0026990163913764107 0.5706793916556236 0.2706126494074404 0.2706126494074404 0.3056650034460939 0.33732545981540596 0.36134075952084727 0.3953645651028934 0.4114391932982577 0.4421242222483089 0.46151647295701087 0.480534118795191 0.5706793916556236
137 1370 0.0023166474107838265 0.563089256595951 0.27449631537897684 0.27449631537897684 0.3100204481319705 0.33608798979070237 0.35839895601342375 0.38996215193679346 0.40334106022110217 0.43601657452399645 0.46414488165620843 0.47588482525408826 0.563089256595951
138 1380 0.0022046853270812415 0.548143991876171 0.2727977715520687 0.2727977715520687 0.3020929757804921 0.3318112317949361 0.3587449550188234 0.38712796160487684 0.3986874153035191 0.4214870504107533 0.46146676402572356 0.47516060933017645 0.548143991876171
139 1390 0.0021569449142699467 0.5448376029509038 0.2672460839947497 0.2672460839947497 0.2986146367548182 0.33462074930237456 0.36608952402074574 0.37674112569159374 0.38554619324532147 0.4156249379365582 0.46323061319344433 0.48044977185796334 0.5448376029509038
140 1400 0.0021087533985371244 0.5415815101948257 0.2652953982328903 0.2652953982328903 0.28839760405713294 0.3330503123464311 0.36460628388535177 0.3751654004376739 0.38320246239395617 0.41588198412302196 0.45919978236871045 0.4791180563858016 0.5415815101948257
141 1410 0.001916251243788342 0.5439798056530499 0.2640310741183547 0.2640310741183547 0.2815273894006101 0.32593963600108716 0.36185663838125454 0.3765948144856607 0.3847697682671332 0.4207816402494729 0.449890724576203 0.48473485885791995 0.5439798056530499
