% # columns="iteration, evaluation, sigma, void, void,  stds==sigma*sqrt(diag(C))", seed=967313, Wed Mar 11 16:01:03 2020, <python>{}</python>
1 10 0.18627189891381515 0 0 0.18627387638474358 0.18700729504312313 0.18565221085057987 0.1767394231994523 0.18731544158130056 0.18654519750985613 0.1908265977376919 0.18712215844774094 0.18722750896651985 0.17932400933447276
2 20 0.18804434288990982 0 0 0.18279221158529144 0.18085054497082584 0.18850510482131533 0.18179648861505146 0.19331202949497575 0.18482533024396441 0.19198688192281213 0.19472793545228498 0.18561747280153915 0.19036263155833943
3 30 0.18198406114101415 0 0 0.1744962712895315 0.17732645155640828 0.17722390136006771 0.17370822229554364 0.18724297263689318 0.17948227287066532 0.1847094734320444 0.1846757664688421 0.17980953670140246 0.18062146135582205
4 40 0.17208728891104363 0 0 0.15868865109636188 0.167592035746698 0.16902556172969227 0.16089646748357875 0.17639804066944215 0.16652470112395365 0.1747620905007671 0.1749094642456658 0.16829199128811348 0.17158263655309028
5 50 0.16797185271180268 0 0 0.15694203418415567 0.1595181539460666 0.16548067959410198 0.15712774717170422 0.1718512510011854 0.1571967722051318 0.1698982145816855 0.17169498360242347 0.16189779890193834 0.16745668103510075
6 60 0.16664123705353098 0 0 0.1591546930676005 0.15990255060253983 0.16126425730871083 0.15551958077774022 0.1673957484428427 0.15478624546790345 0.1687700866262914 0.1740410909372936 0.159420622601824 0.1613049955098899
7 70 0.17034320493255595 0 0 0.16346383606472467 0.16618981010630846 0.1689099350296994 0.15846014695149016 0.16970447956869247 0.15478206005867587 0.1727250860344008 0.1789648744610655 0.15784198851865736 0.16058857961313228
8 80 0.16274360164929888 0 0 0.15607127353626957 0.15887695305671004 0.160535732177915 0.1491530559526808 0.15654966210749827 0.1452123457693909 0.16407674534729572 0.1718914581910398 0.15056608458643445 0.15484224846003405
9 90 0.14886308814156707 0 0 0.14212083846300116 0.14475191503105544 0.14558869789340226 0.13616255491547555 0.14234992346243763 0.13212794410986214 0.14936120270389414 0.1510144264963672 0.13823449589008122 0.13769393092292745
10 100 0.1304519645373438 0 0 0.12419715896737783 0.12540311752724198 0.12571661683978402 0.12022286739829965 0.12379422618886081 0.11361832839675852 0.12844871478262807 0.13045140456261783 0.11953546212557863 0.121482468577076
11 110 0.11915469639284938 0 0 0.11162018585676414 0.11296576053597351 0.11519465307997401 0.1078611009182185 0.11198009385738955 0.10292349810916637 0.11205544933756277 0.11834320404121419 0.11019338885314071 0.11039000839595514
12 120 0.12016197430075744 0 0 0.11050383927816883 0.11278489155522567 0.11948019646025831 0.11098535875625512 0.10902847558867151 0.10744108170824354 0.11256243545444222 0.11886899999158985 0.11124600488968078 0.11246786474448489
13 130 0.11947599073781673 0 0 0.11052811124461036 0.11370827407385187 0.11552162317054616 0.11125051526401844 0.10809668802907074 0.10873101935932689 0.11272629505505437 0.11765074209738967 0.10727086819288827 0.10953910293740829
14 140 0.11536878660301625 0 0 0.10558982070699217 0.10734590146262524 0.11176634377262012 0.1090193825629187 0.10406926595154234 0.10453886392406161 0.10914825477073141 0.11458069922990066 0.10452313297192455 0.10124741862233258
15 150 0.10738685832530791 0 0 0.09765427318763165 0.09837985814253192 0.10462163495050619 0.10069588605838418 0.09352969711445433 0.0965596476801258 0.09854880852604098 0.1073551713523 0.09798233260434364 0.09501449712482095
16 160 0.095600157614936 0 0 0.08526297617429421 0.08661150526213096 0.09111988045524258 0.0896915186609568 0.08396032501501241 0.08530459885106456 0.08673444188228613 0.09446719581076908 0.0839727022475547 0.08439039642139164
17 170 0.08898468354491142 0 0 0.07793005060510644 0.08272676538010904 0.08463773349316153 0.08371249241177087 0.0776002015893447 0.07983793006993345 0.08108584698878997 0.08771323048815168 0.07619969026315575 0.07467212385777629
18 180 0.08175879507086255 0 0 0.06911904298320488 0.07624566030349773 0.07718333326302042 0.07426142656432828 0.07227440065961996 0.07248824375406515 0.07512508763181407 0.07884939741970673 0.06969083348718387 0.06888203438651476
19 190 0.07733498980111246 0 0 0.06427696286428392 0.07107722531755492 0.0716140955134444 0.07014339928137786 0.06779891038073811 0.06943144899429725 0.07078019435632092 0.07337244261578006 0.06628286452624214 0.06524348806719643
20 200 0.07342657842387401 0 0 0.05981867625550267 0.06695950573555175 0.06759270291326869 0.06783557249209848 0.0631141253891543 0.06590666116440909 0.0662974345705453 0.06865929423766427 0.06433134076419836 0.061406977817537865
21 210 0.06770202637429161 0 0 0.055007546106108404 0.060857427094870076 0.06220508325399423 0.05942790348009303 0.05794508064850123 0.060763391357037976 0.06093529810688326 0.06276462623440364 0.05833924922727688 0.05599801629653088
22 220 0.06665399008358415 0 0 0.05525240839634508 0.059032354189073086 0.06023016065984387 0.05862691718602818 0.05595144654527271 0.06194382828990402 0.058847278871434996 0.06149397534776107 0.056363239825167846 0.057149443786965765
23 230 0.06080143924923325 0 0 0.050475365145199576 0.05357768935501608 0.05327717525729094 0.05271591100268748 0.05037503838610845 0.05572605151854627 0.05246108574802757 0.05558152718053724 0.05075818858921614 0.05215259323106003
24 240 0.06088055764673057 0 0 0.05033048359316411 0.05332263439510706 0.05274611840794467 0.05160835887714627 0.04909425250265072 0.05595184964085826 0.052206066724218465 0.05397347343834753 0.05062770937685062 0.054291871870161164
25 250 0.05812004871784879 0 0 0.048313822235321574 0.0505884370453653 0.05042663527539881 0.04774982357670268 0.04720743908298825 0.052762544984109615 0.0495943853314824 0.05131220899320246 0.04715345024570477 0.051681076049537415
26 260 0.057088206072182415 0 0 0.04726867945899453 0.04912803740454917 0.0492606967308479 0.04685174321441482 0.045578060612063584 0.051345894970093245 0.04806759376251764 0.05052048091757928 0.04639425683247287 0.05097360633454968
27 270 0.05515327648983431 0 0 0.04516934491562089 0.04533920100760784 0.047146760744495544 0.04562540031040279 0.04349240707807528 0.04928740119443497 0.04658874903338422 0.05033814748398172 0.044523850661893884 0.04928441975568953
28 280 0.05415335757064936 0 0 0.04404239022356871 0.04523181781901562 0.04556963875902371 0.04341387351879636 0.04302411961531557 0.04853711748855105 0.04552025438915621 0.04917793676482495 0.04314170551844157 0.04735837727895149
29 290 0.05649489344304793 0 0 0.04596369610197893 0.045677889149887116 0.049485207344524704 0.04801530252033558 0.04411734882044354 0.048816262514753336 0.047178145701036005 0.05115609611311721 0.04466170597303023 0.048317718549012297
30 300 0.055666789556344194 0 0 0.04562053872822997 0.04494929978587923 0.04915082063667448 0.048266591254373124 0.04306462773162734 0.04817312176188172 0.045600777065718946 0.04915938500402323 0.04397718587688286 0.046399909034766824
31 310 0.05297742747761198 0 0 0.042893517472431475 0.042728360639316794 0.04682655044678373 0.045220584050599345 0.040313941874985514 0.047293503279846966 0.04333680318472785 0.046053129526396515 0.0416564581884374 0.043008449998814216
32 320 0.05248848674122391 0 0 0.040867270489193176 0.0426548312006565 0.04602678516620255 0.04516348199374241 0.040446462273300426 0.04589692822549446 0.04221188094178109 0.045619078646551174 0.04112143746786834 0.04264456992079899
33 330 0.049755309992340555 0 0 0.038837422369368116 0.040559845110468326 0.04305525505069497 0.04280446797439864 0.03712001381231955 0.04285299176329401 0.03924123838379461 0.043136484627316056 0.0384974125813043 0.039927072645561466
34 340 0.04502653907856974 0 0 0.03575621374389798 0.03655176187799893 0.03830931629439192 0.03805529535415502 0.033445658283174445 0.038908590541958894 0.03526039660665073 0.0372121889018707 0.03455241594634676 0.03553796223905357
35 350 0.03934827497917729 0 0 0.03131604380806575 0.031599664307759616 0.03276221519947718 0.03228356808566591 0.028932460031055585 0.03336079002335083 0.030861486103136257 0.031996399285603876 0.030028471422686342 0.030599944678902435
36 360 0.036518495763678216 0 0 0.029326586310143166 0.029272706723547842 0.029741298056838707 0.030286706297713472 0.02635528322533308 0.030955955031210406 0.02728595310047634 0.029770819145459128 0.026894860464653045 0.027779918775665973
37 370 0.03435298113910498 0 0 0.02639453835307209 0.027416437600416798 0.02770530361202056 0.029070746491674654 0.02445588413316769 0.029068313534399655 0.02654723050854164 0.028150879618188268 0.025473536034130113 0.025373239757814827
38 380 0.0346319483095873 0 0 0.02653393135523802 0.02731056943956617 0.027885357889729834 0.02925171966285894 0.024523082067755997 0.02865449459115183 0.027168956882379695 0.028288822729368886 0.02544701344915521 0.02538616559341119
39 390 0.03339186052471158 0 0 0.02511648919265793 0.02570791833319522 0.02628926912393611 0.028775543422261043 0.023812442682398606 0.027132257953255443 0.026225369289052596 0.02727022153447437 0.024334884762919604 0.02420892342971936
40 400 0.03236557970656154 0 0 0.02406614771795216 0.0249829106025541 0.025286260688347897 0.028192027475276597 0.02329475359282776 0.025347299886146146 0.02525697853459856 0.026131098566859176 0.023542707379026025 0.023306872784098584
41 410 0.033410317544714775 0 0 0.02413609115670206 0.025203211701232225 0.027422245786270234 0.028869376472458217 0.02399461386278976 0.02583712489446689 0.02562009479525084 0.02718952769534578 0.024786169547606395 0.023916027547592922
42 420 0.03227685483323442 0 0 0.02256976723662591 0.023996240503935132 0.027081406243588266 0.027915793001569777 0.022758409105596185 0.025001889993999125 0.02420060791111143 0.026335997836354638 0.02367706599664663 0.023069513969929973
43 430 0.03219739761327855 0 0 0.022937372952962005 0.02372102315485044 0.02729635468225181 0.02633033871533476 0.02284632175971626 0.02495242572451161 0.023980112558593624 0.026802599370919833 0.023287463030473222 0.023091241741716634
44 440 0.030492916358787127 0 0 0.02166842375451222 0.02179896891777178 0.02587007310631336 0.024070459600584206 0.021439101947815644 0.024124002783347604 0.02229828497771071 0.025577220692675044 0.022324526090860813 0.021872029827753832
45 450 0.03112697737627932 0 0 0.0222685999681947 0.022644672924261425 0.026459353451447204 0.024520795018684205 0.021471634854775268 0.02460591432802381 0.021608478065974764 0.026160004826286064 0.022268135356992663 0.022773326982783403
46 460 0.031090231962096232 0 0 0.022643988453628788 0.022070364844383707 0.026901541894074368 0.023623666536414734 0.02119382209736054 0.024407104258401063 0.021516810699886025 0.025876616303914225 0.021948599547371536 0.02245526860310621
47 470 0.030347125021880268 0 0 0.021585211782755007 0.0212146398406984 0.02614338003585068 0.022351580906198213 0.02046929463134991 0.023933552831863904 0.021275065706271964 0.02449996119791736 0.020889147763636602 0.02223833579965443
48 480 0.030446879419442074 0 0 0.021711351504972436 0.021255064599055594 0.025959810029727203 0.021882597048991956 0.020778447607177182 0.02411868666053915 0.02185509523378792 0.02417797947736852 0.020595226933668588 0.02176018373071153
49 490 0.027369093246498808 0 0 0.019554124470523015 0.018985661965141395 0.02251555235432285 0.019429390828949424 0.018394528355883184 0.021536543240488155 0.020168115257128538 0.021505136022594882 0.018296976430800305 0.019682517399810178
50 500 0.028086230721069336 0 0 0.02035824412661933 0.019022179685139144 0.023421292730085454 0.020111274191128115 0.018944180090114535 0.022068751383486223 0.020543579370355412 0.022373036063419942 0.018675272151965006 0.02008934318603257
51 510 0.028543693800360485 0 0 0.020249908701087938 0.01923356303754463 0.02372380517220934 0.020524326164015987 0.019030222638548214 0.022484508457340863 0.02023757486056253 0.022742754595004615 0.019132749818613508 0.02037048512270343
52 520 0.028494298049473864 0 0 0.019866188139926945 0.01956810039902027 0.024384144941091753 0.020299465257568833 0.018617424646750213 0.02228541604653869 0.019922593500055954 0.022841437000012618 0.018259569096395464 0.021036548520597616
53 530 0.026621452281560674 0 0 0.01865466763917948 0.017750560390468705 0.022787447179083348 0.018358635024727416 0.01740075843816621 0.020418172164326714 0.01833123583008922 0.021077804779845957 0.016872704408791708 0.019523069506178697
54 540 0.02788434708820466 0 0 0.01914352502467762 0.017577753929143108 0.024050813565850572 0.0193355754400802 0.019202441091484498 0.02065699342447165 0.01940900774835963 0.022100619126536897 0.01778941467157586 0.021087044738174087
55 550 0.026517228997228106 0 0 0.018183490735529828 0.01650813574416091 0.022662400746345804 0.01832024334731085 0.01889299390934338 0.019843201294809553 0.01851251041974319 0.02087450546089983 0.016588645404655242 0.01989728533390085
56 560 0.026340322093747856 0 0 0.017842950804742352 0.016235124566726006 0.02244112221214964 0.017726224615903577 0.018694034910438567 0.019688515555296958 0.018286565331999228 0.020952183698097083 0.01680639814505418 0.019118089825846205
57 570 0.025001331120569147 0 0 0.01673240713139535 0.015273608623328628 0.02095562112852804 0.016402466631025132 0.017531140234739114 0.018492816062918936 0.01746844446262585 0.01989279951208777 0.015876696721262438 0.017726980154772372
58 580 0.0233604164833659 0 0 0.01561056182187547 0.013800426083657101 0.01873651728713138 0.015286982487111274 0.01655253582129307 0.01703588832497221 0.016306053308655328 0.018107173957466152 0.014899671262071508 0.016482311215883984
59 590 0.023595425338129902 0 0 0.01629177086246423 0.013617780388756046 0.01923155198489943 0.015289177067927581 0.016496088173770837 0.01726976727914214 0.01645510982875571 0.018384643168580718 0.01537589712482823 0.015828723414549186
60 600 0.02241030714994117 0 0 0.01503906643435362 0.01301329255086658 0.018078663567809624 0.01430423789972311 0.015369930794805165 0.016062212669294976 0.015216331989625782 0.017685973639085383 0.014554011753828191 0.015062370076692989
61 610 0.02122357814785811 0 0 0.014062879766295755 0.011622863922345548 0.017025863563265464 0.013312285474892513 0.014439358618231942 0.015186152839707869 0.014157300999816432 0.016679483059841266 0.013562368424019252 0.014201033818620758
62 620 0.01929679397757342 0 0 0.012425875379842626 0.010527221551150582 0.01537841106631758 0.012031228191587548 0.012915508386241815 0.013534884789802162 0.01264758871956887 0.014806314113017848 0.012376854145310114 0.013230472547024018
63 630 0.01765756680087899 0 0 0.011402923644977558 0.009573576694165344 0.013815913955486267 0.010712693760060244 0.011723624304783367 0.012394640408771002 0.011404371223420874 0.013114139226797149 0.011140126253463365 0.01217434163002947
64 640 0.017736291124336775 0 0 0.011266203847108308 0.00986969569926557 0.013481354812075413 0.01072707363743733 0.01176203655620329 0.012327169527229885 0.01147370261396048 0.013183456952980267 0.011189613181155625 0.012232775243753371
65 650 0.017290242544787393 0 0 0.01059149390278803 0.009617455601007522 0.012992656183152368 0.010583509913161617 0.011519493422096056 0.011421439223005831 0.011095489107761137 0.012870501281849639 0.010895847432053855 0.011886462690244157
66 660 0.01678266333156317 0 0 0.010203196579827037 0.009286057596038034 0.012325080411479986 0.010250418112368147 0.011010893755505376 0.011113709097063752 0.010836774428568438 0.012547237807065017 0.01040609289343848 0.011473741324105734
67 670 0.017467493012618462 0 0 0.010477317632246822 0.009481261934730945 0.01271390553240896 0.010577922498117972 0.011656386084928484 0.011418344616612357 0.01123726839238574 0.013293545553846695 0.010725656162516767 0.011998907280953845
68 680 0.01652636236670599 0 0 0.00987388740442508 0.009085564326621881 0.011889413712905516 0.009888362312141873 0.01092765487166453 0.010843297557691306 0.010377679229713999 0.012507624995642003 0.010107812739202521 0.01116592433541608
69 690 0.01649131025781509 0 0 0.0100768354502955 0.008989909758501273 0.011908659763751625 0.010065261291108291 0.010923448026345416 0.010540390032350659 0.010372572883768182 0.012410264145444633 0.009592914722733662 0.011010914611580257
70 700 0.015694126547047483 0 0 0.00955588257944778 0.008342176653869009 0.011271556490699806 0.009340000365965448 0.010326140222703053 0.010065134669745186 0.00961176696486711 0.011721227303237096 0.009074642852622114 0.01048773873648821
71 710 0.015020068492590242 0 0 0.009096872331297952 0.0077799160406030275 0.010580441431268744 0.008929334754635282 0.009562808900174878 0.009629961511839608 0.009092285911921086 0.01105351678076373 0.00865501026614185 0.009977163004076705
72 720 0.013603183551466214 0 0 0.00796828101876941 0.007061752581309361 0.009455214825880404 0.008052315560699342 0.008565671067968541 0.008756815496137835 0.008131263343148504 0.009784446217294704 0.007708199111636643 0.008985296702617409
73 730 0.01216387300298545 0 0 0.007048812810621356 0.00629673707815308 0.00830505012596939 0.007035574144678382 0.007663025084639698 0.007929016249599989 0.00720704647606074 0.008704818707558171 0.00680708258949075 0.00827173695266478
74 740 0.011748668374568366 0 0 0.006566641019009507 0.006098600109278748 0.007982524242419105 0.007181374769392967 0.00733763665012831 0.007533263798369011 0.006896217749692151 0.008424385104604318 0.0064224520876201 0.008037226653949937
75 750 0.011140882231454296 0 0 0.00632767045042431 0.005801785831790257 0.007688333473104776 0.006813000245274278 0.006688737340482152 0.0071368416789674115 0.006522581976322771 0.007770652494276933 0.006056504986036315 0.007514290869198776
76 760 0.010599538154244996 0 0 0.006029150098732258 0.005492768499748615 0.007366711543123323 0.006441244619855852 0.006204560006652514 0.006665484589378227 0.0061521357888908055 0.007482513500842337 0.0056851830343031306 0.0068956047446276265
77 770 0.009546376749148095 0 0 0.005371093116088664 0.004824873268303988 0.006265300285989691 0.005795972251258463 0.0055058624237779566 0.0059173659555961464 0.0055572521830129515 0.00669142847593864 0.0051093576821556776 0.006215542843502137
78 780 0.009371697162889275 0 0 0.005152812209684709 0.004824490003370271 0.006106235578725112 0.005818786723797635 0.00548420266689934 0.005529819155719148 0.005374154957151801 0.006459003832811267 0.005206030104410815 0.006086046400716893
79 790 0.008867017296505575 0 0 0.004819963625000431 0.004571272391810637 0.005747543990530323 0.005466690188236701 0.005229801106704085 0.005102067557886838 0.005082240765613052 0.0058934528401813095 0.004869252030934899 0.005587491576002915
80 800 0.008312604408178876 0 0 0.004460530987895631 0.004259722085104904 0.005265908710753093 0.005054650753739358 0.004756436040714561 0.004582926340319091 0.004729878764460269 0.005504581078825808 0.004582558316566041 0.005170589786878878
81 810 0.008421185097070136 0 0 0.004333836147181007 0.004312222691584407 0.005368664499895377 0.005106728194133428 0.0048139446885327244 0.004593593594999611 0.004725345849966668 0.005567129709124844 0.004697988050026745 0.005202121891042528
82 820 0.008418739902126406 0 0 0.004173659629498695 0.004281790409650107 0.005327048108997813 0.005263835076516268 0.004804568701713803 0.004598731810751539 0.004699711998875742 0.005441684463168423 0.004715413778817768 0.005188637603032745
83 830 0.008693354846909845 0 0 0.004285418294518275 0.0045663202066784855 0.005569452928104747 0.005366400811141763 0.004728579439991117 0.004693649151179862 0.004888916009581315 0.005665010492944814 0.004901449042275766 0.00539321517227939
84 840 0.009029253565724217 0 0 0.004546993926941651 0.004692147574400535 0.005877613966888711 0.005427104764671578 0.0048416964364115635 0.004787855519491847 0.004972144663195958 0.005948045517383668 0.004974250755253224 0.005583776834289669
85 850 0.008655585017170765 0 0 0.004361568328763138 0.00444960448686086 0.005588951183705344 0.005201730596051736 0.004649737810230853 0.004764832070284968 0.004599940451937343 0.00556727200814934 0.004607173134163691 0.0053469295185493565
86 860 0.008520018813623518 0 0 0.004224901994905535 0.0044151198258019905 0.005156948223041471 0.005081013303474031 0.004516541780306026 0.0047481961802512095 0.004514139673657015 0.005608597163769393 0.0044702038936662875 0.0052918844362652056
87 870 0.008208821589227668 0 0 0.004065933208654434 0.004194312560033287 0.004853169954195496 0.0049113679085339736 0.0042809908554126645 0.00455409721600862 0.004329591089655216 0.005327033895583242 0.004330094276094606 0.005060300601614091
88 880 0.00836436543964947 0 0 0.0041906725610881814 0.004240165707866988 0.004687027208790005 0.004859029981972216 0.00432883848218769 0.004662326022193631 0.004441766951362926 0.005401641019590971 0.004429490990466654 0.005165251558939708
89 890 0.007989746356665755 0 0 0.004005569556741507 0.004064870833940692 0.004452351014620036 0.004627182241268501 0.004142081799480543 0.004191756513885426 0.004163298921426623 0.005085650466842287 0.00421487118693077 0.004926270478336626
90 900 0.007567550750065103 0 0 0.003750229936302419 0.003859726506943221 0.0042621591581733925 0.004324896512277784 0.003924188533406141 0.003926916825417599 0.003968665104372605 0.0046311605458320484 0.003888176141220301 0.004639422818787024
91 910 0.007396156078225585 0 0 0.003557603396683497 0.0038401477566442385 0.003982704971055957 0.004151194421079582 0.00389288779457745 0.0038738536049671645 0.0038286011562944622 0.004597845613488339 0.003841818248531801 0.004540567960263246
92 920 0.00709203624105398 0 0 0.0034186620128477166 0.0035787798648693353 0.0038156098537216144 0.004073138012991752 0.0037208150384424386 0.003745711053227821 0.003675577456677342 0.004285157599296986 0.003622514178374898 0.004238357873279933
93 930 0.006553797255509662 0 0 0.0031622145518664605 0.0032217649975059062 0.0034708527925015266 0.003734039310123755 0.0033513761702391827 0.0034728878032703778 0.003401537302739254 0.003954502639157395 0.0032277997052563762 0.0039167862980877014
94 940 0.006023353400134533 0 0 0.0029201243463935983 0.0029968925960351476 0.002980416008829322 0.0034456901667181718 0.003053629618200028 0.003173859188929491 0.0030368341854777542 0.003621422204632135 0.002941855187601977 0.0035408370622975914
95 950 0.005680265200298391 0 0 0.002784696016711666 0.0028225804835837988 0.002766877134954325 0.0032559193153272074 0.002809124796004064 0.002980921359460218 0.0027750140406257416 0.003512609537648282 0.002656631317180559 0.003359696140779486
96 960 0.005101633091262292 0 0 0.002482549307546914 0.0024881127398241 0.002511110494441972 0.0028992465510717168 0.0024214796884448452 0.0026602269134710916 0.0024461496225624438 0.003137104194113482 0.0023704818034647897 0.0030136876583469687
97 970 0.005269635448714808 0 0 0.002524550026314185 0.002544021642603555 0.002600446258516076 0.0029856012443276203 0.0025167854192474953 0.0028305659043318114 0.0024500260922671745 0.0032291655913537862 0.0024082701067448704 0.0031384237441249964
98 980 0.00517318506553206 0 0 0.0024410145376578367 0.00251303750905621 0.0025211335354738567 0.002931337571298984 0.0024942889760910534 0.002768612185954363 0.002380258079845851 0.0031613438658723756 0.0024145932082699586 0.0030233461228043436
99 990 0.00494033871098077 0 0 0.002286552481015169 0.002392950421864893 0.0023434879475488445 0.0028532792234891077 0.0023782501844322465 0.002603825030830192 0.00226089860902476 0.002987235257406706 0.002235561047953623 0.0028640021692984525
100 1000 0.0046034093636052485 0 0 0.002045110681937489 0.0022294495592498583 0.0022149683956836238 0.0026167383595567207 0.002192277060941714 0.002451650232169937 0.002117550778408598 0.0027668653007815406 0.002035243537108199 0.002642080784376935
101 1010 0.004555852768336608 0 0 0.0020496904064000914 0.00221171063276391 0.002193699844590875 0.0025648277269380445 0.002118220283071106 0.002392330340141041 0.002090496509277013 0.0027847008143217626 0.00202731443682761 0.0025449533471483938
102 1020 0.004349941530229496 0 0 0.0019419118437085227 0.00212063597574653 0.0020904455615963187 0.0024775459937126975 0.00203943119078885 0.0022209876117560766 0.001979156605543498 0.0026412624631149727 0.0019160149221640792 0.0023974200899413737
103 1030 0.00420977107271902 0 0 0.0018550353305464072 0.0020366978169555757 0.001989678185551575 0.0023929709578197145 0.002067731258971372 0.002137282386877649 0.001924552284958477 0.0025554756959808717 0.0017951162196027043 0.0023178926297144162
104 1040 0.0038555575654827356 0 0 0.001675638695872056 0.0018244911188585677 0.0018355475469441407 0.002172611700429382 0.0018667088450999832 0.00189505920850123 0.0017311974156841684 0.0023370357591840454 0.001646286436475885 0.00215695645091404
105 1050 0.003848259024144023 0 0 0.001647884452200168 0.0018186789030755597 0.0018121199715257664 0.0020977047008914674 0.0018562231602706053 0.0019226622396603696 0.0017780171177681815 0.002305938821115785 0.0016433533058988737 0.0021435630809948656
106 1060 0.0040530234608049855 0 0 0.0017281067885647075 0.0019320383853808647 0.001904771830573953 0.0021599513694389567 0.0019557880577122325 0.0020434659720428754 0.001881257498351317 0.002379962298031446 0.0016851426237395578 0.002265607250164825
107 1070 0.0038451749134249076 0 0 0.0016485869804378744 0.001833599603843125 0.0017284828038633463 0.0020218719737730953 0.0018367047358339302 0.0019114223033433037 0.0017652828291031045 0.0021687545867558797 0.0016097956407904125 0.002134270029310562
108 1080 0.0036634403931867007 0 0 0.0015817563972793244 0.0017445867810765223 0.0016400572804182798 0.0019304921067711553 0.0017695270669666112 0.001770793369552098 0.0016665029308570473 0.002025920659911138 0.0015160583118130717 0.002078959987626349
109 1090 0.003426011594354711 0 0 0.0014984931865023958 0.0015859325833148111 0.0015241456502628906 0.0017743542546569185 0.0016639995411978986 0.0016232403476808953 0.0015386483406172366 0.0018271973549450653 0.001407978499365206 0.00193867598180205
110 1100 0.0032750249328865884 0 0 0.0014014758411729385 0.0015333265809537855 0.0014585235983703942 0.00160433169625879 0.0015856340646150187 0.001570228491964025 0.001441648730819102 0.0017620484726991771 0.0013235235440652398 0.001852104982971192
111 1110 0.00308459288742288 0 0 0.0013181058846586486 0.0014144145912005927 0.00137761420194908 0.0014721767716190913 0.0014738232645483415 0.0014393726239186558 0.0013566006545404016 0.0017120987432141662 0.0012397506487409084 0.0017117943590231866
112 1120 0.002931870146466365 0 0 0.0012240461621640755 0.0013235866914310906 0.001310561992759525 0.0013817801312621574 0.0013898876895131753 0.0013865988135438208 0.00130240649459027 0.0016040695680712995 0.001174371821408882 0.0016269440828003186
113 1130 0.0029088641362550742 0 0 0.0012130469167010132 0.0013162721323753037 0.0012859479077487281 0.001390309779140579 0.0013726185757363528 0.0013967665251210474 0.0012856805475054275 0.0015920898808433562 0.0011438298719816968 0.0016153478168408346
114 1140 0.0029825218999609032 0 0 0.001244561649360158 0.0013329970185500903 0.0013191969805847984 0.0013952835373076452 0.001361574765816971 0.0014843267517138364 0.001393310692874697 0.0016292627136815043 0.0011490628145290804 0.0016336082333635858
115 1150 0.0032473279956646943 0 0 0.0013312761012122215 0.0014361758378392691 0.0014339772640740932 0.0015741973827895779 0.0014317097608570488 0.001678843417185477 0.0015414994817857317 0.0017482589526973604 0.0012814135990519275 0.0017951030215052775
116 1160 0.0032539237261913563 0 0 0.001347128614377294 0.0014499810865573693 0.0013941971934303614 0.001570733611745982 0.0014386884097685316 0.0016456898128991634 0.0015392461359316919 0.0017588932337049097 0.0012651687881422304 0.001794618242539241
117 1170 0.003136861975039976 0 0 0.0012737131284188672 0.0013834059794070749 0.0013173136634974053 0.0014933691346658924 0.001402191706700358 0.0015839071692603979 0.001453662938589496 0.0016898738735831407 0.001214364712840121 0.0017257445583887623
118 1180 0.003118837503622247 0 0 0.0012602376994271173 0.0014169357247512432 0.0013055270050988412 0.0014764714080480607 0.0014231241049444926 0.0015854511283102664 0.001401628737624885 0.0016405693793840202 0.001187084431294984 0.0016932879121560726
119 1190 0.003214837070267526 0 0 0.001303034533415162 0.0014769886559549037 0.0013747796164610862 0.001514599054620339 0.001473715680109957 0.0016657944872002363 0.0014040971508128522 0.0016975776906807602 0.0012156932119933594 0.0016962199388263152
120 1200 0.003382595568767653 0 0 0.0013749153128943983 0.0015644912546906441 0.0014195981439994948 0.001611330109940487 0.0015034849047324407 0.001784717997919889 0.0014537856750954658 0.001785318854172494 0.0012600256465829934 0.0017611500780600523
121 1210 0.003343181492761379 0 0 0.001310745492275538 0.0015519276187103994 0.0014197939731869426 0.0015791347723363102 0.0014638204872927062 0.0017634973781502446 0.0014222688011332166 0.0016982876025417666 0.0012182533633296388 0.001753890372678593
122 1220 0.0031855890315541442 0 0 0.0012644205982656647 0.0014772514147786018 0.0013415011348232796 0.0015008369473651674 0.0013729465050532513 0.0016074016483746706 0.0013835304429637054 0.0015887572897687295 0.0011316594656969796 0.0016480518412506815
123 1230 0.003092207075453718 0 0 0.0011981487578340269 0.0015151223195337673 0.0013095145303877534 0.0014468739473064464 0.0013256992775566119 0.0015239454428377145 0.001317496845937279 0.0015198369238532087 0.0010767224735321235 0.0015955090107634183
124 1240 0.0029871291618734693 0 0 0.001155258426739896 0.001469600152995354 0.001274267963542307 0.0013973680402098341 0.001259721858715291 0.0014341822384299663 0.0012806710222988253 0.0014469463354629425 0.001002771080786481 0.0015250234985277333
125 1250 0.003007343001123513 0 0 0.0011628981680287082 0.001442693840094665 0.001260468056872986 0.001354105955963605 0.001291774601365722 0.0014212768561220977 0.0012903822482466139 0.0014591678611341956 0.0010175576922646415 0.0015259757316333847
126 1260 0.00291824027067424 0 0 0.0011201369614628753 0.0013893223580120522 0.0012413521894849094 0.0013065162196514999 0.001237310010669772 0.0013486258747688912 0.0012381007013389583 0.0014303322858939319 0.0009543723630842088 0.0014166806407467853
127 1270 0.0028385725016477487 0 0 0.0010851211081151276 0.0013732796121055722 0.001199179830586058 0.0012595699169639036 0.0011981805402386514 0.0013141376996968254 0.0011873638848431617 0.0013944676707358012 0.0009244498368023052 0.0013307019318219305
128 1280 0.0027589485493634083 0 0 0.0010362306838219509 0.0013433724325703058 0.0011712128891833273 0.0011907732075851468 0.001167437955140419 0.0012535244909121673 0.001173819280169309 0.0013246273017858915 0.0009018092225093183 0.0012637457030658808
129 1290 0.002798577924344147 0 0 0.0010579321596428525 0.0013695145726709606 0.001189061639311092 0.0011999979958398671 0.0011812893611900857 0.0011937217354483084 0.0011885238215950623 0.0013539249516828185 0.0009037417200228524 0.0012876689620018923
130 1300 0.002954583611315901 0 0 0.0011119316269720054 0.0014570034185805293 0.001265945513511031 0.0012213363957915022 0.0012379801351887528 0.0012337797598758512 0.0012509612370415358 0.0014299443236644443 0.0010033066004912338 0.0013574912304617239
131 1310 0.003028668323857593 0 0 0.001150390906787843 0.0014245835737162335 0.0012523068360405837 0.0012520322979489567 0.0012533883277009135 0.0012717943020818115 0.0012729955882105602 0.0014620072159930704 0.0010469143143283215 0.0013969701256402408
132 1320 0.00288334081473633 0 0 0.001092513290743189 0.0013443215784581391 0.001195423252359239 0.0011754340119513702 0.0011720691796244134 0.00119088292419856 0.001192952180339975 0.0013724474870263571 0.0009937743637229294 0.001293773548743962
133 1330 0.002808624229769758 0 0 0.001076434488864604 0.0012684855291406891 0.001131357786413807 0.0011634958885609426 0.0011406327916294136 0.0011781580783718456 0.0011526927524736893 0.001330962134951062 0.0009697504814115404 0.0012577627778250068
134 1340 0.002908707069696278 0 0 0.0011152215358733628 0.0013100851438858873 0.001146033008347884 0.0012370669607648774 0.0011629827711690489 0.0012166124820219022 0.0011858021856343806 0.0013604885819946133 0.0010098884737231592 0.0012962807289146941
135 1350 0.0028283801090215254 0 0 0.0010741140640925663 0.0012766816391587802 0.0011110048838426764 0.0012191384949061693 0.0011297613805330833 0.001166876592073448 0.0011318136504403346 0.0013239504268084156 0.000986079868048054 0.001210164507784966
136 1360 0.0026990163913764107 0 0 0.0010129800140173705 0.0012141493480987634 0.0010683555969263478 0.0011363673682475222 0.001083472977345953 0.0010885067518831215 0.0010560645510118943 0.0012585507758441292 0.0009376088099820097 0.001159363243632385
137 1370 0.0023166474107838265 0 0 0.0008343969241780702 0.001038698067825358 0.0009039898656703167 0.0009426059604984157 0.0009297234830613792 0.000941290405756872 0.0009000407772935195 0.0010650677179330165 0.0007994606339587693 0.0009663865635747273
138 1380 0.0022046853270812415 0 0 0.0007979650925161029 0.001007021650991283 0.0008572089093544635 0.0009021593940434269 0.0008864278749888915 0.0008770921046566676 0.0008292512846909895 0.0010199998765417176 0.000738514103358556 0.0008989603142286198
139 1390 0.0021569449142699467 0 0 0.0007826981001915336 0.0009784679109374303 0.0008274683635188163 0.0008907559973440958 0.0008490835840593369 0.0008549804837587628 0.0008162481227802109 0.0009836189416647292 0.0007216852993335926 0.0008663275607648257
140 1400 0.0021087533985371244 0 0 0.0007551437826397109 0.0009762845493954518 0.0008016177383862705 0.0008871692375003685 0.0008114807787106453 0.0008474358174247249 0.0007936507098758322 0.0009472955665488357 0.0007027774563724685 0.0008387239156706872
141 1410 0.001916251243788342 0 0 0.0006882431254769752 0.0008827711541276579 0.0007279638760091547 0.000804887121900574 0.0007237972268488925 0.0007542966271873289 0.000711135904135243 0.0008404955650586861 0.00062464522828201 0.0007613813378462516
