% # columns="iter, evals, sigma, 0, fitness, xbest" seed=810683, Mon Mar  9 17:26:09 2020, <python>{}</python>
1 10 0.17778070894846298 0 0.00422308152953365 -0.06825885928965392 0.06392573508280318 0.2655521593010437 -0.021423074245978765 -0.16628399641475997 0.20572677262701583 -0.029888332698685707 0.0034643421707347636 0.049304879199809935 0.016002192750268745
2 20 0.17532732050072034 0 5.8854611104719456e-05 0.16015160277863782 0.0009913685579537451 0.19408357903572837 0.0420098225211713 0.29603860400550464 -0.031992132090210124 -0.13875160545700024 0.016365568989722357 0.15060654569395596 0.02347436873454553
3 30 0.15506374309632956 0 -0.00023160447593599808 -0.1262408608578635 0.04619217676383741 -0.05463831841373179 -0.10642214438254917 0.17838649494319245 -0.025506331594667267 0.10211247830618114 -0.04262916114349376 -0.0245650832805136 0.06955271461742782
4 40 0.14117774054901686 0 0.0014753725367034586 -0.047675775618475434 0.015416150046430363 0.1800578938459415 -0.10955248383531199 0.04908670770469836 -0.22029015157488846 -0.045411721256965305 0.014519433711322503 0.13648265724294784 -0.0466995426976107
5 50 0.12179920283808593 0 0.0014858370785572287 -0.1380859390321485 0.2094755989501619 0.04640238551394854 0.016094959234819906 0.15002511282391617 0.05398692184269538 -0.04055194071248171 0.049503387719129266 0.10484675848708754 -0.01811646207246906
6 60 0.11367611707437279 0 -0.00010004880503480023 0.04623419439385475 0.06462522630881568 0.03280730982908962 -0.06795331774709336 0.224926374469624 -0.07687340296443193 0.010821002383028737 0.13607310650835075 0.29175052225191017 0.12060638300416669
7 70 0.10940086974174561 0 -0.00013401512761589108 0.03420482382990904 0.03578561114793984 -0.02672137600761129 0.0870569551814832 0.2545865222912619 0.045672119051751836 -0.03730521042406472 -0.014587302573906918 0.1620836182223667 0.08592390520896731
8 80 0.10800431115758236 0 -0.000529484711716033 0.08103807198218507 0.11339940793749298 0.10733161108280095 0.15569632244551063 0.17910879949219552 0.11586342956142148 0.08810081853699783 -0.11169712210006512 0.24052814282258822 0.08063832631976195
9 90 0.09722433640316955 0 -0.0011196474157689656 0.04215459268500221 0.1200269396638037 0.08223271032588153 0.05227782968815195 0.12893520833582806 0.06378163597739794 0.08838376378241514 -0.08465905741580124 0.09436325514845884 0.07327737688643507
10 100 0.08629059021094665 0 -0.00022058026282207037 0.1361865978776307 0.14170642047925391 0.018936466309485082 0.02895489263215193 0.17351844244948628 0.011578788796460487 0.08921177374047079 0.1592470751656712 0.26945338446305955 0.06450127835842542
11 110 0.07673080035244696 0 -0.0015235434706615794 0.08105355203596024 0.05638722352001971 0.09741575125240245 0.032534022844868275 0.12440049012758092 0.006656108334219264 0.04777864446409297 0.055794838182736284 0.12741131582499987 0.0768496047548861
12 120 0.07061960513057887 0 -0.00045807657291919984 0.0811445576735052 0.034271199761692586 0.002516543837486805 0.137214623336392 0.15354152595947973 -0.02204812645125311 -0.032060231100075345 0.016068985460174687 0.12850388895074724 0.09511916506818649
13 130 0.06689840152276981 0 -0.0010765796896362138 0.1260369970276543 0.0038409022080787723 0.12831442832880183 0.020466947376416925 0.13472679805915896 0.06317351932619467 0.011984982949128083 0.08043133662198987 0.07722521895061416 0.0468541672330304
14 140 0.058486280486345785 0 -0.001233844486367383 0.14327083738497687 -0.026568656887360608 0.05668821519571627 0.06205668845434879 0.16447954107709423 0.009297634902876113 0.07500804409324528 0.017993036034806266 0.08165813888351338 0.08361858162680141
15 150 0.055881939939858946 0 -0.0015561889373407738 0.1566713443196119 0.008815909946616005 0.06884422835027941 -0.005702284069354517 0.09402260553574072 0.09641280857612737 0.06719012681158884 0.12383892792987955 0.060090750276833915 0.10036352273040915
16 160 0.05029932986487117 0 -0.001730993151722813 0.11838253887804748 0.05776254182800823 0.05365212873704007 0.045889224270463096 0.12284459155513794 0.03481049267394701 0.052468747591583466 0.04365236624098983 0.1216145921780277 0.037013761758974646
17 170 0.049413302990550585 0 -0.0017116579807304572 0.11643988520953014 0.060486655401839465 0.08171183620422948 0.048020967882589645 0.04237084931800575 0.13040834292158157 0.07342406528531507 0.06610068357235582 0.11046438724875027 0.11059498260774404
18 180 0.05025927185972705 0 -0.0019345968192445494 0.17103297292074215 0.07944643216725548 0.09364629521680272 0.13091470828130794 0.07733185446418359 0.06585703597740453 0.06389654631925323 0.14185930271525649 0.1109921386451769 0.13672251944990663
19 190 0.05418105077319291 0 -0.002113085599101091 0.16215990102956368 0.10130569458458505 0.08787294359008185 0.11780560395309497 0.1001516086293444 0.11521783741654298 0.1428163185966712 0.10504632090813158 0.0616064863322562 0.130034277837977
20 200 0.052402521439084394 0 -0.0024740953687029175 0.16813837869574444 0.11125446366290588 0.050056501257858016 0.10366076266818354 0.14039910149211035 0.09701021862871122 0.10192738756766835 0.08787321234200637 0.14694512502633655 0.11092247201751994
21 210 0.04829362147868519 0 -0.003026095918857248 0.18602389637696015 0.09419246028130575 0.11474030065566646 0.13259241963820698 0.10211776223308136 0.09761997894323818 0.0926998574969988 0.05164316365445969 0.09847415210437502 0.13954944450270376
22 220 0.045460677835065674 0 -0.00301394559734524 0.12344241290180011 0.10451933655923898 0.03305218045992106 0.1273999554833621 0.12404165802752143 0.11806095085988062 0.10265477099381164 0.08584788710489481 0.09707798067531327 0.13571898418755374
23 230 0.044173023054914946 0 -0.0038613566932183606 0.1455239659594363 0.12341295128508893 0.03685763595532012 0.12522003256492667 0.1480167273067754 0.07998117196025586 0.12425482813336229 0.07797886511243562 0.14975716192046773 0.1721069694892604
24 240 0.040976442970588514 0 -0.0029290264258264695 0.1775811410984529 0.11039989074668838 0.07464732433621757 0.13776334054943984 0.09962497220606 0.08344107081578211 0.06288851857279203 0.14204363552943322 0.14591976962907063 0.14477993198493747
25 250 0.03800073847765294 0 -0.002723865776206738 0.19603980484399028 0.16944846708535816 0.12125002543630686 0.11023361336469846 0.1198493478807184 0.09654153099505522 0.11442932624264554 0.09336921205180704 0.1096969795717215 0.11407600821519615
26 260 0.03495098551587485 0 -0.004063834121137375 0.14888777537092318 0.1372328692430117 0.11973748812234468 0.10879264882729905 0.13232944458010057 0.1293362475004178 0.10451945745718465 0.086730889516998 0.13476711687896806 0.15424704600903308
27 270 0.036374754744668863 0 -0.0035892962001188547 0.10386178055660458 0.1463369938867601 0.06877767355682368 0.14012404406615925 0.13534787649966643 0.14195963931022973 0.1123033496699825 0.05638633987655882 0.1900364881086853 0.16253974371041272
28 280 0.03630394091011435 0 -0.004631062092458966 0.1462993094589821 0.1541114978625766 0.10575440600512831 0.11360519897449554 0.14125722046735692 0.15685709288370137 0.13113572885549102 0.10035721666964267 0.16429918863724385 0.1586402278584445
29 290 0.0357853537558785 0 -0.004775892815536578 0.14260460699485916 0.14018781398467126 0.112468179075707 0.11411329186876376 0.18588414357863547 0.14054287701759982 0.12522842063881892 0.11943352635260925 0.16524482480051828 0.15262747702838386
30 300 0.03521848232407259 0 -0.004146507559080107 0.12627033782865474 0.14868108111437797 0.12353460657254955 0.14680174714762273 0.1641854316278993 0.16550948590902556 0.14384517864514215 0.09166069426564423 0.11455365376459217 0.17435456147076817
31 310 0.03540473580459059 0 -0.004308907219200339 0.1687351407681827 0.1321169361888336 0.14008584589755727 0.12739512602869596 0.20595030406395298 0.13399822617539645 0.19650717371265253 0.10980830036276905 0.14668111977696333 0.1797726268645969
32 320 0.0360394550939362 0 -0.004306887889038198 0.16151500976810143 0.1361062854062467 0.12056837605910727 0.12215271349408205 0.19533936028318985 0.1716185885601798 0.18623369451119093 0.1718925931789803 0.11873219144773332 0.15087563348532837
33 330 0.034927584110039836 0 -0.004930751405281058 0.17517364856017215 0.1174127812580025 0.14751877510257544 0.11676891296675421 0.18386690743958228 0.17943228003149667 0.17320443540044128 0.1410429396769014 0.13948422987689757 0.15794235387766037
34 340 0.03300738412901356 0 -0.004671538064835421 0.17767398967868864 0.10509155542921837 0.12840565782635557 0.17068968643559773 0.15616570249160971 0.19804465231975996 0.15654961563126304 0.1236225157692855 0.1514381939543047 0.15514425444596439
35 350 0.029469712466556705 0 -0.0043695663936911665 0.16878597414076849 0.13821189293027802 0.14975904380270197 0.12905231249270543 0.1749026388514249 0.16189216693877775 0.16667997312356764 0.1205605804638751 0.16252405738370335 0.17886265239858032
36 360 0.028980665306393392 0 -0.0044559623600107165 0.18217502609993538 0.16739485789359834 0.1483432067313026 0.14015549088957016 0.1803033700984428 0.13204051945842207 0.18505010553670395 0.13820887136357735 0.168124953705699 0.16926417347281614
37 370 0.02980988010517881 0 -0.004268979489009262 0.1802801018652269 0.15809193063051394 0.17355924349811058 0.1722000359092852 0.16651553235427366 0.1256159798058705 0.13680270392800853 0.15733958451527205 0.16693474758534535 0.19733741920179326
38 380 0.02938505676361547 0 -0.004557664389372556 0.1778742353933741 0.1348882058663079 0.1733064488968381 0.12889106195254593 0.1579401562455103 0.14445656180771776 0.16472700557252834 0.18414898760076212 0.17686058129374857 0.17265747850131996
39 390 0.027900145062957536 0 -0.004845502616719225 0.20596279972369033 0.1444967032489401 0.1686652744268118 0.14887971273732778 0.18002120510816608 0.13559792984405897 0.16019529069346447 0.18074173522219986 0.14886531790780785 0.15905992734191168
40 400 0.02459639822323536 0 -0.005041703736677723 0.19156052379384192 0.13375721879395705 0.15568889706208588 0.15426497552766033 0.16053995429260728 0.14910629564148978 0.14687827664804953 0.17684661543501384 0.1419220082254936 0.17021888016546532
41 410 0.02483635502972069 0 -0.005022336081193777 0.17860928723001213 0.15046207522792748 0.17140316143858877 0.16771269136250613 0.1612551918063627 0.129035335117467 0.17512072618768587 0.18706704877947639 0.15749580131772237 0.20181777747935092
42 420 0.024773504212028966 0 -0.005014307450216512 0.18024638451475788 0.16681734151728078 0.18134872533354057 0.17268516235669615 0.1586645123340438 0.16609914064029435 0.1761919074552304 0.1533674002885816 0.16743862659978745 0.2093773627182773
43 430 0.02322305678482261 0 -0.005354092893033783 0.1793302386818878 0.1411762882355589 0.17547338032865295 0.17734383980819735 0.16071152984251139 0.16368434384769742 0.1882362644882548 0.1584760171824046 0.16660923713663944 0.19725126423408304
44 440 0.02214481004589742 0 -0.005176200236398177 0.18301670156665148 0.17288211559101693 0.17653098038580314 0.17961926464346045 0.16933082084864975 0.15234537408341267 0.1719895083843781 0.16279558352510068 0.196273991603733 0.20822720170397213
45 450 0.020466474575807005 0 -0.0052068786649192055 0.17085924534695346 0.18552026016945034 0.15737174870474657 0.17020213308988927 0.16862230952708046 0.1396821165354184 0.1555551382202284 0.1790757741577421 0.1744595864724578 0.20051718475935434
46 460 0.020768734776546578 0 -0.005408239384154479 0.16174483977204282 0.1422508252124119 0.16234945993407435 0.16735330220939756 0.1827597027211664 0.16858693317071138 0.17877913918806032 0.16463701703701292 0.19744601193581438 0.18026090095336084
47 470 0.01879179394470337 0 -0.005059911039379346 0.1723452666930077 0.16918267384144087 0.1589066969077024 0.16257931332230272 0.16448597398786774 0.15920101340056805 0.18924573714182547 0.17672915450781437 0.1954757297896908 0.18598220416315747
48 480 0.01723056940836634 0 -0.005109677844407514 0.16722927635701215 0.1693737017865942 0.1653181249732028 0.18183114738827957 0.15480766440747104 0.15795588480178294 0.18824819417703015 0.1832479983550646 0.18515028222443922 0.18196230597878987
49 490 0.01605758808743178 0 -0.005307397546442395 0.17111176321272256 0.1548875685864014 0.1749997680339333 0.17862357252195593 0.17620255683334052 0.1663619264815645 0.17831979246837584 0.18220496346241052 0.1792720375707421 0.18454450392125354
50 500 0.015378767940975206 0 -0.005453564873280581 0.17543348243610732 0.16144805861642753 0.17561772188347477 0.17255517623264569 0.16679081880998162 0.17251040490759179 0.17420389554866986 0.187893206076821 0.18315031741740764 0.1892710030769916
51 510 0.015879020431373906 0 -0.0052729072825601605 0.1598642153983268 0.1587194505209128 0.1784685292194417 0.17487351261041145 0.17685462550000808 0.1729682047943213 0.15848689811487382 0.1756998781975383 0.170193658712146 0.19021549101468702
52 520 0.01605356220869506 0 -0.005520040782684517 0.16757350729009354 0.1579771955242805 0.17543692320230136 0.1677744922516417 0.1701184032361894 0.18438423019898428 0.17514372839206468 0.180252368127528 0.17033734384839486 0.18838575473810096
53 530 0.01462985135037667 0 -0.005364083679553238 0.16472213439408925 0.15004669129466594 0.17859479051431348 0.17068807676261097 0.18225833624135412 0.1768103105746113 0.18787951684029647 0.17800021561130003 0.1674549667912566 0.18099461348662768
54 540 0.013766569920348115 0 -0.0053218306952035645 0.17033026336048973 0.160117018655699 0.17289802330132387 0.1693847131422125 0.17929475558884714 0.17065477687153294 0.1776701695464335 0.16648138853747416 0.18593751921757126 0.1737925586000741
55 550 0.013260272031179387 0 -0.00548314150242014 0.16975957623585725 0.16669140103483573 0.17452324978468156 0.16958995847902542 0.1750021346373046 0.16472961793399613 0.17479047527412186 0.16174438456582835 0.17459087310846363 0.178083860986624
56 560 0.012938959498467554 0 -0.005452763365685113 0.15901511076845506 0.17275524466597453 0.16761279757122366 0.18698372127323296 0.17325529186510333 0.1625390135009988 0.1857713801911934 0.16944060853563814 0.178384016188254 0.16798785183269074
57 570 0.013046155960636846 0 -0.0054196982082971 0.16461645703616654 0.17393658057263822 0.17053727275885097 0.1797217556883869 0.17500556208941914 0.16457471724808548 0.19026590812461797 0.16813550811089253 0.1851045852297878 0.1617934354036635
58 580 0.012069874193334735 0 -0.005351794455068468 0.15858347528674532 0.1836579644414616 0.17813858082347594 0.1716251898658297 0.1769519752500056 0.16340107129966758 0.1704887036262304 0.165534700957185 0.18827815388349875 0.1727254872274651
59 590 0.010697391980952362 0 -0.005681034091043299 0.16537923766033572 0.17676033713329312 0.1723888651974624 0.1760387683372604 0.18053118479117872 0.1734580403293178 0.1804341862125653 0.18370431439663457 0.17580832502724603 0.1669516356138225
60 600 0.010256045037161376 0 -0.0056179049792315534 0.17189060272939014 0.1877662319631225 0.16871272828724623 0.17105312205530349 0.16921173376485055 0.17426799191585418 0.17689767819393454 0.1791435361654244 0.18324521577999353 0.17240637802612815
61 610 0.009647667965175777 0 -0.005669189623890801 0.17449440713310577 0.1776634065187779 0.16939515570248004 0.16694113095707905 0.17406328952809258 0.17722705370503086 0.17839171365808612 0.1745878554761277 0.18895703866295407 0.17746517332103567
62 620 0.009240362684928248 0 -0.005618293486173079 0.16890147810277026 0.17863995446105146 0.16917687286887462 0.17175489422711382 0.17695243015675985 0.17856347303451897 0.17615650806107203 0.18514060356293688 0.18743004272484196 0.17116423801950603
63 630 0.008915861093384202 0 -0.005678092616616662 0.17590723198201663 0.18259944326260197 0.16855347885078972 0.17073584893847865 0.1726586089269513 0.1709505221107329 0.1765051119187534 0.184836123792735 0.1858730356993423 0.17527649933779518
64 640 0.008300073573267603 0 -0.005754080331720054 0.1753754066616452 0.1734999719774906 0.17316489989378228 0.16728187148787954 0.17721351791879142 0.1803381779289027 0.18019976811866698 0.17753159319457837 0.1756539101405259 0.1736956740269793
65 650 0.00785101382061556 0 -0.005723541051954726 0.17287411035281683 0.1785867939734093 0.17601664384212684 0.1793371006950345 0.17162463208280931 0.1753594661075593 0.17760281981604684 0.1866349753171929 0.1757347076289733 0.17886130515160162
66 660 0.007626554956113748 0 -0.005748875102223064 0.17591355663629338 0.17809327708784367 0.17426888821881367 0.1728164114886262 0.1779260399163529 0.17658395466540913 0.18364744640105757 0.1847059446503466 0.17830618166188456 0.17053715265958305
67 670 0.00707171165653823 0 -0.005861270629506332 0.1745538831189733 0.17847015597756619 0.17900481580155708 0.17402890377404368 0.17655499547479603 0.17681799482713592 0.1825546698865403 0.1836128306432117 0.1815822106101959 0.17399115903326048
68 680 0.0071357745548395555 0 -0.005817908672469239 0.17614026026349489 0.17834435941334742 0.1787519215043988 0.17996307517351356 0.17075643313828315 0.18099435841333425 0.18529420612084582 0.1820658453574014 0.18119163592865017 0.1721160915229538
69 690 0.00711314014602442 0 -0.005705923877299118 0.1691181099341258 0.17822914839859091 0.185052425433617 0.17538462161049573 0.17844948372463704 0.17935279892652045 0.18008798565375567 0.17897925045715982 0.18457687074534895 0.17062106868839033
70 700 0.006443160061451296 0 -0.005654328815480344 0.17097742391781076 0.17924089253189585 0.1756104369329003 0.1751865527669872 0.17631235050856295 0.17623597809326122 0.1813173579452401 0.17859837964324354 0.18204581162679237 0.17722679458630874
71 710 0.0061241500743001035 0 -0.005717668570043345 0.17410155098135063 0.18002751261228173 0.17898435437125257 0.17533057206148434 0.17882719045369924 0.1801198366977035 0.17672439577826646 0.1766682936570317 0.1855252998749299 0.17786124365685632
72 720 0.006440840872229285 0 -0.005698937381685324 0.17883826075801823 0.1795528688307865 0.17251569191713256 0.1778149596243667 0.17910714150424387 0.17797892581339717 0.17108832566665583 0.17950574320230303 0.18222377495502254 0.17766815013829088
73 730 0.006070161530708268 0 -0.005729109294088086 0.17700197182044144 0.18239386348920736 0.1747478942851698 0.1783372927154196 0.17557277881214148 0.1757422978779963 0.17390219637698223 0.17968322252522786 0.18185390420320835 0.17887937884417354
74 740 0.005834207114329761 0 -0.005815046835894938 0.175694094581518 0.17984780602111422 0.17773366964097206 0.18302006473297552 0.17575585828636933 0.18254437863149742 0.1790313150941338 0.18065670959380375 0.18021012766437441 0.17650559071116992
75 750 0.005848583706198818 0 -0.005845555392943717 0.17673416020621488 0.1808151937747979 0.17589639054882025 0.17760849605264936 0.17769742597939536 0.18299826271487185 0.1831901937388693 0.17744246902176908 0.17907602846366827 0.18224817064528634
76 760 0.00620451682045373 0 -0.005884510767527463 0.17602862147745713 0.18457457048992346 0.17447872143494417 0.18015130578187097 0.18309084682208002 0.18461958164401748 0.1785383668158535 0.17801229517680267 0.18249093393383148 0.17847197799222853
77 770 0.005877484154851089 0 -0.005864517886144534 0.17699605037084648 0.18367679069387385 0.1856669303589539 0.17987761250518344 0.1804568672044038 0.1823796169204201 0.1750929391326946 0.18090207770677738 0.17679798519928935 0.18109409530041382
78 780 0.005433231594881235 0 -0.005883088584081793 0.1782028637710134 0.18038073325232934 0.17865428931559577 0.18100426632443423 0.17930536722438548 0.18423609600958368 0.1786853005880478 0.1827390459492406 0.1796437519358236 0.1790357589598123
79 790 0.0052185616670776 0 -0.005896180240662992 0.18042698875805951 0.18220139235914104 0.17682017153404053 0.18256573810229407 0.17821082426923626 0.18156334872328736 0.17741154849704974 0.18000588060997494 0.18107470295878403 0.17861624260463266
80 800 0.0051656897305415 0 -0.00587107936019042 0.1812923228091998 0.1767922816078504 0.1804075125109791 0.18194266958371783 0.17948740249429992 0.1794439954457868 0.18132795976171218 0.18156773405481633 0.17963152374926133 0.17952217196764161
81 810 0.005694423453280717 0 -0.005915356689456518 0.18184599939683246 0.17407934565188854 0.18295387224051923 0.17997227738406568 0.18284900587637565 0.17942453938031874 0.18248787605600766 0.17729269736483644 0.18213487700686362 0.1802663342489275
82 820 0.0055054059274453 0 -0.0059005275643639705 0.1805649637880135 0.17792200786888906 0.18207716848427308 0.18138328536185674 0.18406420803871718 0.1821014967205906 0.18500285699262947 0.17779451994923423 0.17952285381702884 0.1797359936580264
83 830 0.0051309146601315955 0 -0.005885237818332007 0.18010883973310107 0.18105969935428648 0.184643065788593 0.1830071016283233 0.18297506823222007 0.18195795990708458 0.1795155468313515 0.18044845869749598 0.17932239767942296 0.18089588479894597
84 840 0.004786044689299713 0 -0.005939498538349069 0.18373854426258138 0.18146571987362223 0.18180613859227807 0.1812667188441294 0.1842096637821183 0.18030846083249708 0.18497625805217094 0.17907779049922584 0.18008070906095353 0.1807127746388285
85 850 0.004213919986164058 0 -0.005942953107817263 0.1804481488643559 0.1820099491537779 0.18223889829417536 0.18450172120054673 0.18166221905940722 0.1796509287022258 0.17970152785747753 0.17973297391371076 0.18057370730399933 0.18200768961183858
86 860 0.0036378385655859574 0 -0.005967257401477479 0.18281553855817329 0.18323627989191513 0.1806074952232735 0.1814732594066644 0.18227656034031936 0.18159480637924608 0.18321380266248283 0.17731496025123888 0.1798115499401217 0.1809511157660545
87 870 0.003350029383212812 0 -0.00592684325056805 0.17963847243635392 0.183895642375187 0.1818645758588884 0.18215028073859252 0.18307994777937814 0.1824784909118473 0.1790478513462339 0.18090145691300977 0.17982721477472674 0.17941212693689304
88 880 0.00317844797159574 0 -0.005965446218406578 0.1812307425538631 0.18276439467236683 0.18005985561736804 0.18306973988749584 0.18279836917102277 0.1810731192550874 0.17964083071932008 0.1831818817416636 0.18074266546409945 0.1794615704017555
89 890 0.0027701735247913583 0 -0.005981997620552719 0.18130175853191027 0.1843005062227553 0.1808970672999945 0.18254819079917925 0.18070926726409786 0.18148598553162884 0.18128343675035552 0.18115522449721735 0.18011299000413267 0.1814496018949728
90 900 0.0026768596608418675 0 -0.005971703549640104 0.18404316519618624 0.1826257285322976 0.1804765872275983 0.18270369156341504 0.1821263402194876 0.18136746429919845 0.17942404153104222 0.18339636883115376 0.18121923426086195 0.17920772233975052
91 910 0.002522180711780203 0 -0.00602364108615869 0.18393015925971487 0.1822313086177929 0.18093357859224732 0.18462551746478656 0.18136135202782655 0.18082018915619708 0.1828542124155747 0.18321745439481243 0.17952128846190535 0.17944862529281083
92 920 0.0025634960078414564 0 -0.00602784445752332 0.18417456664487053 0.1810115060521648 0.18084400220530666 0.18346706348097652 0.18470895716472843 0.1815012820569221 0.18120854250830123 0.18366894490722427 0.1803387533733243 0.17913062273945166
93 930 0.002594030603280344 0 -0.006065539962308744 0.184065602788342 0.18035125712915168 0.1811281042126619 0.18397951632969678 0.18333726540385373 0.18104307171654935 0.18162170232962446 0.18164933230160335 0.18218617865710146 0.1805170373088822
94 940 0.0024942477353869603 0 -0.006082155074660396 0.18413463583544976 0.18236200053811055 0.18154089644937163 0.1839793374685894 0.18157256586291967 0.18193268510287822 0.18148352927518427 0.18280725757982788 0.18118549260288935 0.18030916293438845
95 950 0.0025399526875587394 0 -0.006105183375477361 0.18298596339690618 0.18132353001621213 0.1809895208596169 0.1846214003590112 0.18197988737936924 0.18176949813392024 0.18179204854984726 0.1824206324140806 0.18201453365981837 0.18079831942382027
96 960 0.0029351077571961822 0 -0.006138615654235005 0.1839089376796773 0.1804122174337857 0.18307866512942467 0.1816098422799416 0.1827249828226683 0.18415076829053575 0.18060478302889868 0.1812344654492705 0.1854958970373984 0.18293960383579977
97 970 0.003026369974413581 0 -0.006130602876873504 0.18378334201581292 0.18205774300220026 0.1831413132778737 0.18435900439103642 0.18295601296694725 0.18202875950912267 0.1811481947235385 0.18173939043306264 0.18374481904096474 0.1806838231608159
98 980 0.00292426599692639 0 -0.006145883231790157 0.18377329085126012 0.18158583108590792 0.18194769995933324 0.18385247876815153 0.18404030229729135 0.18613524362593092 0.1814823021855396 0.1832618652826301 0.18237883657467804 0.1796511650994766
99 990 0.003026096175575479 0 -0.006166543045020706 0.18561274663852098 0.18312836965957263 0.18253552043557428 0.18532595575012825 0.1835411199301403 0.18428529712365502 0.18324404135495315 0.18234642205184728 0.1816698330133602 0.18079764568019002
100 1000 0.0030605215111476295 0 -0.006181250943427914 0.18360955834459672 0.18460831102562866 0.1818063714263393 0.183655245786479 0.18345429616620723 0.1837899203562027 0.1820047294647656 0.18183296142576985 0.18216980471044322 0.1816658332441122
101 1010 0.003082414179924221 0 -0.0061844237114636325 0.18315067551226566 0.18153273393163 0.1820013506075814 0.184250295844801 0.18343081438410344 0.18327268315432432 0.1818765036052404 0.18219766048326647 0.1817166884768557 0.18354977888525917
102 1020 0.0030886868564719817 0 -0.006200319030362715 0.18188453292114684 0.18375475813066522 0.18379408797147676 0.18341486098783663 0.18293577859444185 0.18363511648720446 0.1829219415846307 0.1834982251827449 0.18162070784049758 0.1845811355741918
103 1030 0.0030014242117883234 0 -0.006200926852614809 0.1815649376486529 0.18436167195080688 0.1827434342381505 0.1833615624846287 0.18224738818865602 0.18147741812471113 0.1807637216459159 0.18411107445773967 0.18377988705704312 0.18457110182984587
104 1040 0.0027875148212425514 0 -0.006228258502234154 0.1839811294469281 0.18177868677733655 0.18339902648327153 0.18377070189935907 0.18269085993777626 0.18317752373270224 0.1827188114730519 0.18293311186974243 0.1827045970890228 0.18465737410194932
